mu sigma mlo
1.2818183421428753 0.30748510690522773 1.044895374825881
1.160913889477264 0.33897811639123077 1.0695821384571067
1.3377539388196389 0.19525884072054514 0.9689351063681396
1.2968737776508532 0.2598628739903136 1.0682317444010256
1.205277740090883 0.32610247340464155 1.0942276594279166
1.2542956575748014 0.20700446695402355 1.0725684510677993
1.3293593628784603 0.2336166366489849 1.069086445616341
1.2065904063095474 0.21763643928041096 1.0922235957170656
1.353156317184511 0.19462673231982788 1.0561218524196472
1.1806057086873631 0.38659694149820345 1.1720636077791249
1.2308601230709397 0.36003849369411284 1.1620809220478734
1.1573606466531512 0.2611899200153765 1.0879550460334735
1.318463756704039 0.25739236829903966 1.100293318912693
1.1191862136182273 0.3601198358422229 1.1069783875554262
1.216625225206458 0.34691099195404845 1.1369761753272112
1.1981614751426466 0.1698764984501455 1.1676758133793022
1.1498406552664346 0.37614343851589205 1.1366051724229107
1.2999617825084882 0.15994625302139176 1.1229344069175664
1.186708241059721 0.19807994304519666 1.131712583253716
1.171131467511758 0.33246464933480907 1.1100578486231045
1.288296006213022 0.30279557987041444 1.1467736217792903
1.3855304260488883 0.1952564844256877 1.1625917484217247
1.3150139102704042 0.27130469640132604 1.1296046648544418
1.2989026513995041 0.17528185916602976 1.0989906385980701
1.2443509415360143 0.3308058768794382 1.1497985399116508
1.3033780774907555 0.2937168344223522 1.1541820397809581
1.2712048340601498 0.17068615986978994 1.1252846621360204
1.2958377670528127 0.18242844146770987 1.094806979912549
1.3386816209572192 0.25601335981064094 1.150001999175641
1.1928973892150305 0.25767481512350526 1.0962833248336628
1.148405063595431 0.2901501978703692 1.1008421461826183
1.2822016523343343 0.20320711303878616 1.1841185461254708
1.286669371091083 0.3038746742062048 1.1680137896460794
1.1271413436824398 0.3603183739713841 1.1263637858635656
1.3600195198287306 0.16236640014025094 1.1419874846995148
1.2272755939625009 0.25962521786253834 1.0965667741714014
1.3718180768621577 0.17478026404659167 1.1499392430547384
1.2583221618756153 0.258919116878627 1.099992785171171
1.2455225987184522 0.2683052544400267 1.1024462716509897
1.3500025642361964 0.23611392975664988 1.148100513763112
1.1648730031230088 0.2732637407864278 1.1020650087195574
1.1851531120524939 0.2430851142109605 1.1051878333939984
1.3678248791444867 0.17115280374031955 1.1498075123554448
1.2392252314639647 0.3302611191222896 1.1638329561920249
1.363824960435637 0.18849622689687745 1.1335946370604515
1.1599736060270072 0.2144512892595764 1.1329629359705222
1.340102527805925 0.20335018576868935 1.1796391919823823
1.172212692270262 0.22022895612274182 1.1239164285061578
1.2194087550954733 0.31628063696160047 1.179023992276855
1.189235397415282 0.21757535358097668 1.1855528355786147
1.233038986564694 0.21913500588807 1.105274477634155
1.3072769320275648 0.1631796471061889 1.1347338750094824
1.1822311221836925 0.27239549225258464 1.1042298313501957
1.2419622674954978 0.325532227353331 1.1700928720416213
1.1629072737659953 0.19547176859810836 1.1551319045240735
1.1261313611516184 0.26496958995584263 1.112508068659544
1.2187705750279227 0.3329029876638064 1.1548669406140908
1.2396389012398108 0.3202246289178104 1.1539744944268882
1.120533209681557 0.3129243898209911 1.110509543597574
1.290878481598901 0.2895630355730659 1.1611384544676953
1.2477673205713433 0.2376816052797659 1.102343760383346
1.2773345200544557 0.2875682962809213 1.143505153964991
1.167428247056209 0.31334097290916335 1.1168929342758798
1.317590849047126 0.23589643726104798 1.1212288982666112
1.2768164213802053 0.2969818658792627 1.1726655297664488
1.2586503248366907 0.2987616265000506 1.1435870074668666
1.2198883404295406 0.18552580855317422 1.1452641449227006
1.3307219266423311 0.23974328153269517 1.140472268833239
1.2722858483524528 0.1759763312235746 1.1343147033940237
1.2045768335523068 0.28509758750886643 1.1125214914869388
1.3516464697880706 0.21491849005887326 1.1454970964310938
1.3378324284463996 0.15577854279448033 1.1608652978030851
1.233961963287559 0.2366142724089109 1.1062624969837787
1.2387441939986223 0.2383971919772599 1.1069991353984228
1.2112726102491764 0.2166853874471082 1.1199002038181083
1.3541041277911812 0.22034266868037805 1.170865093260476
1.255212041318746 0.28750811490960376 1.1336080012257705
1.300391368429447 0.15425935310351985 1.1682274122108702
1.3003905403872573 0.27682123423746546 1.1713944483750598
1.1643708006614673 0.3314867967131204 1.1320049095626619
1.3564558665190103 0.19820093712018227 1.1482559219850486
1.2828695814594921 0.23271592271569427 1.1105719897964874
1.1942027858315039 0.3362323566075287 1.1522543560839675
1.2121940442958867 0.3055097581755329 1.1304624963100092
1.1947041623075865 0.20612044778134023 1.135365448722943
1.2419710566575834 0.3111677376352392 1.1743686644815798
1.2436237118612896 0.2803350507275307 1.1803305690316834
1.1724941946569183 0.29890165522073886 1.1172484902793944
1.3516959553295882 0.17772731590671803 1.1466457201021527
1.3269770276591597 0.2098195644176412 1.1218909932326018
1.1957271435204668 0.18991621488460056 1.1543069204759198
1.2632720757035327 0.2990005834284191 1.1728345658665387
1.2488338720722214 0.20722034557534558 1.1832558128276383
1.276983998516567 0.2879136600367556 1.1575457040307653
1.17121965743661 0.266072071955992 1.113800996341696
1.315741916878617 0.18276280663770775 1.1237164945950906
1.3237949691072313 0.21598188142833313 1.1250616114262997
1.3005480263363631 0.2673018074131173 1.1534291894067756
1.3095589468937465 0.21424124144988457 1.116709378612693
1.2807554833035835 0.2565279301152638 1.1260450550954384
1.3323226092831768 0.19544377454113016 1.1786295878848967
1.1545320334290268 0.2186633183510519 1.1393643100193365
1.2677556731208215 0.21872419535553078 1.1827945290572899
1.2095584599735019 0.17693281917228557 1.1745373131385317
1.2499136425109 0.2993868621198788 1.1501659295112354
1.1453173754941601 0.26331712954724695 1.1175790583895853
1.3596873641289111 0.1798925209992896 1.1681400079106523
1.3214185628059896 0.18323388531754142 1.1260392096973832
1.3254043664299202 0.20128776941182167 1.1235201026705648
1.2650229075300008 0.27944927355416466 1.1389514788112112
1.314025963396562 0.18761887684132578 1.1227191678618311
1.129977078318992 0.2866596377535028 1.116680321673276
1.3066289052654345 0.20180825338116484 1.1172461912048959
1.276466900341981 0.20812007671075888 1.1150271986086848
1.1907191935690604 0.31787745038524745 1.1370185201666065
1.2949236773297634 0.2616603937659107 1.1436098112785702
1.2900848083590069 0.17192640054394573 1.1421337563536014
1.1743381595337714 0.2548613248718281 1.116700878453314
1.358177444903074 0.18076453794845043 1.1686381521988303
1.3062236430314114 0.250939569233038 1.1424016367228362
1.1604812557732336 0.33414614758290867 1.13906259118987
1.1895239219117626 0.27162397342354144 1.115589820511736
1.1860641858593581 0.2949045208973642 1.1819342371973576
1.3038590972576887 0.21030126468930974 1.1174037913909096
1.277007868194341 0.2588606608277919 1.12900897379564
1.1765666269974422 0.3384640869413972 1.1513258515132694
1.1923585690433969 0.3296808383466203 1.1506427101492054
1.2802419066269237 0.20017046868215976 1.1188336045833231
1.3055132472319184 0.18697104920429505 1.124917860114799
1.2419860379317331 0.285963999341014 1.1344538347246516
1.1882497265210796 0.18458812798781304 1.1676767485352553
1.1833301813591843 0.19332222518314776 1.1575738692583306
1.3220415135199923 0.2512143938752533 1.16881234653497
1.3523246877881652 0.21076091321967874 1.1675378306947537
1.2334529579150595 0.2788600289137204 1.1263863572857584
1.1758831277244228 0.34835521716888346 1.1680993840086462
1.2971279994706213 0.2508968151809952 1.1371206573653139
1.1937878803589363 0.33345137626167476 1.174020656960175
1.3087297258541266 0.16571234870897736 1.1509517706701842
1.3555515687205424 0.18091141115146925 1.1649497367814625
1.2837033800554059 0.24405609450840582 1.1246639068266195
1.1585256872537764 0.32737810590273586 1.135242808323308
1.2068691319523535 0.18701516858853767 1.1568766497969822
1.2727869382107015 0.2833176988488445 1.154720967019779
1.2039016163597056 0.2624616605963695 1.1168426344665787
1.1363116084560576 0.2779514668205048 1.1189698992883366
1.327264918463071 0.22657554747871547 1.1439909420060372
1.3130862407827402 0.17626467275439506 1.1786375356960255
1.214978575622121 0.3253936610907028 1.1658107432339708
1.1402184534259994 0.32963189043447205 1.132738921534986
1.3301533167774409 0.18382261278936177 1.1368300610582005
1.2661416006931274 0.21491388259305316 1.1183214140299516
1.2048012030769628 0.25596048134907323 1.1174666564144387
1.2433032556207986 0.19899458845753082 1.1313441985387898
1.3404328067854352 0.1717349592004728 1.1561187627092286
1.3456655314472012 0.17724939462416983 1.1563244576645286
1.2891863820622507 0.24228200867252195 1.1292096336772017
1.290930320278255 0.23884483493440423 1.179462256112874
1.2631454682956704 0.260071463951992 1.1287249760169509
1.22966490468769 0.24361967725100145 1.1177082205570903
1.2805728628986803 0.2789647251426449 1.1602521216857178
1.1753538990162935 0.3360367944578596 1.1552183383306738
1.2683208426218662 0.16596032138741898 1.1736074374806504
1.3083024810769261 0.18367104198923687 1.1339728127005062
1.2477469961682575 0.2878642967768868 1.1459424810855647
1.2261842980378148 0.26896491470849104 1.1245984330016772
1.2716716966883703 0.2511934890695306 1.1294359802749772
1.2950585174632911 0.21964685310767945 1.1253460994984439
1.2612681985006953 0.1725794615416731 1.1587278819188502
1.3444093406167754 0.19592869407262384 1.1734204980489906
1.3461226954746905 0.1878084413115578 1.1582866061343169
1.2722400667043556 0.19206566419781113 1.1809690084902384
1.220461150710741 0.28701464067227916 1.1338620679935405
1.1580041781815158 0.2596303161315707 1.1233642353804858
1.1838173067236872 0.30486602273386726 1.1338280015240199
1.3180872616984292 0.2096597042102968 1.134988067494904
1.2054387149854142 0.2686065407411465 1.123040247019738
1.1707460470479318 0.3411027636349311 1.1620569648838694
1.3250913201431098 0.18722087719505726 1.140543383487973
1.1855766467726698 0.24455911328661495 1.1242689614077752
1.3285379535710244 0.23380424134540814 1.1657549879194444
1.172792253790179 0.21836198054832281 1.140808024914639
1.3065027096066033 0.19757463375229425 1.1793545398255634
1.2241761008127847 0.3092209503741744 1.1737444815851965
1.2941929233371412 0.24428578232053996 1.1405485675468368
1.3013279516899936 0.1808683434386433 1.1408468884436624
1.3459764329409316 0.19733002349592638 1.1628546676671738
1.132500813191887 0.25061433169851105 1.131066406034623
1.2024113322668069 0.18432676480929933 1.1751907909777208
1.1766013857286204 0.19624218062487128 1.1612840537164666
1.2316325503809833 0.18173414290324102 1.159090172081566
1.2879826793832125 0.1762114806309195 1.1481084482379846
1.157163948360325 0.32897550487024213 1.1448214398192107
1.2004616360295826 0.316200990743627 1.1532866928443606
1.1978685263501694 0.2585296428595817 1.123200282490329
1.227921920031957 0.20598189599026287 1.1820512228468607
1.3319542512319216 0.19125162696639728 1.1478734908751174
1.211175590967434 0.301962359218465 1.1455244163085425
1.2853073702648068 0.23167896124289436 1.1306244229614926
1.2855592702769638 0.22246344058098136 1.1281067986221476
1.2930950480341572 0.21281890675652868 1.1289575480128284
1.2636508292572137 0.24876475132018544 1.1304835640568656
1.187580199638176 0.18891062374209577 1.1751811304397917
1.1657518934515354 0.3299980163707131 1.1511038196884675
1.2514472984537717 0.2848190197904444 1.1529247316088602
1.1935249351620527 0.2591883078591556 1.1244228590586094
1.237563669808347 0.2888413356563031 1.1483474508534592
1.2583479226448193 0.18584268951220195 1.146380724054128
1.1733622704084656 0.25764758233116675 1.125344480291602
1.2246507099561506 0.29152856749107603 1.1440499781471385
1.3394094726477257 0.21161477109029078 1.1677419846419013
1.276781577932341 0.2665101155630909 1.152393583285933
1.3224069628368333 0.17974040231280244 1.1497551911529784
1.18404842964673 0.3332547011678959 1.1684142786761225
1.2542021755633006 0.17183284977198404 1.167470466556857
1.3210198176427734 0.1969248566473376 1.1419424217960115
1.2813870458250403 0.2303919664682612 1.1306092602900213
1.2517201369825324 0.17534336791939512 1.1624392392560687
1.242146287328707 0.28879052595288385 1.1524018818819994
1.2737700340898996 0.266731697349666 1.1515340109719163
1.3125910522247417 0.20262623169437138 1.1380177497354134
1.1732011488631007 0.2676445420367664 1.1257495708207854
1.274417198270192 0.2757884088365044 1.1637985829802648
1.199758841688975 0.27848190712557835 1.1299005535589064
1.202689558672719 0.2630675414899859 1.1263154160956352
1.2110992063183612 0.24768147328877005 1.125545137988812
1.2349019087476039 0.25869155134640787 1.1294050046601944
1.1339787573221585 0.308649477239851 1.131024274191135
1.3054678677316316 0.2374342633977009 1.150185590767013
1.2188463857761715 0.3051441148451384 1.1569238711337135
1.2218959639112275 0.2151419864675603 1.13392510600166
1.3194026100035745 0.2291428438983682 1.1573044415249873
1.1552408698122951 0.2134124684648975 1.1531256681743587
1.2428629855374327 0.24460864108763136 1.1276974749607849
1.3353372952712514 0.19052794256586109 1.1734386198001678
1.1993325898117968 0.19357081910424598 1.1592296254536543
1.3050128779042363 0.16597235219406947 1.1678747902840683
1.1697717714694253 0.2706852147209872 1.126907835159039
1.32680627038611 0.2269985290666973 1.1671617871003728
1.2814410800164153 0.20317611939506042 1.1328274760370862
1.2931684736896072 0.22718374071064715 1.1367728403477133
1.2312726804460188 0.2803998982346915 1.141490574976625
1.2938034150222213 0.1966257292285472 1.1363972702300167
1.2502389003180654 0.20366871496073446 1.1358572005867718
1.1492815109476742 0.23992285624163404 1.1365018979206967
1.2327728062067567 0.2854639094473975 1.1467480235723893
1.2390287221001082 0.2752486726768679 1.1782214758211875
1.2530718652583048 0.23472848184033282 1.128973027723831
1.2225531918339578 0.2625007731587986 1.1305761392390252
1.23927541176158 0.18087881314747511 1.1615763291919803
1.1533535563630672 0.28729729838320295 1.1292326283374263
1.2355006911697748 0.26063640716196285 1.132587703600796
1.3312001773373012 0.18365307590872681 1.1587384975787816
1.325667204535074 0.18591154770434698 1.1538059250915313
1.2832717843223582 0.2571532196122431 1.1540284430161343
1.220184733397259 0.22715638050798198 1.1308335186123522
1.2415456254952721 0.29253826078604617 1.1612464199954113
1.1904888089614032 0.2899765438626137 1.1358384087771114
1.3075652549758208 0.20160774565890513 1.1405970885692733
1.1935840043529746 0.28048014160106777 1.1324805330909
1.2505673447747254 0.2698165529009103 1.1446042097398175
1.3148791570552774 0.23351639666288268 1.160899086523177
1.1665835926266672 0.23853575746333078 1.1349858357958764
1.2733698282035262 0.2535500548758515 1.1446643579475695
1.1711367941002868 0.2497766482180698 1.130549312508771
1.2700809190349214 0.23022832515054045 1.132436347017279
1.1595826155785351 0.28161733967338953 1.1296191204537922
1.2344634417464015 0.29820045324370514 1.1716605382527658
1.1876835482328767 0.304072216112933 1.1443185961862625
1.3189641936955838 0.2323766575458054 1.1664987276934429
1.2702115747670668 0.21386075221354592 1.1323643216610242
1.266278472347139 0.2702050810412262 1.174697088796427
1.27749263157951 0.2666465996752167 1.1610597160083542
1.2311785650466045 0.22130571958099676 1.1324636288973826
1.2286982381473663 0.21838901478283496 1.1341151584778777
1.3181635980467288 0.21672605364470532 1.1528346597462775
1.3053250018186398 0.20624831028272217 1.141457392420531
1.2912813738537907 0.2294691693218078 1.1410471641334503
1.2194381372048204 0.25878820483137444 1.1311687451150316
1.1849896961207076 0.27857671241895726 1.1812185535541537
1.2735766931619708 0.2060008033267137 1.135423808911777
1.181698153104644 0.2128849989219791 1.1483426681253224
1.2158279763343725 0.3067693990855662 1.1622496242913538
1.3008838742079831 0.23612028715107594 1.151805396454176
1.2740252502197165 0.19467585248482822 1.141285502120037
1.2775287348885973 0.26909273661476685 1.167613048378837
1.2829482408607624 0.23894502886550423 1.1422467856124805
1.1910027623339774 0.3137124406528205 1.155689398453787
1.239996804151474 0.2471668159539171 1.1320859252591098
1.2227269077296332 0.2956275404483753 1.1551847497950039
1.1678204220750257 0.29562553041553474 1.1358563574854594
1.1727595759286311 0.26672987399761555 1.1302109534178975
1.259174683949119 0.2475680703121261 1.1791253510888797
1.209705401557276 0.23435878157068887 1.132168791017008
1.328966815984054 0.19693781082593179 1.15918672427755
1.2158752047954828 0.2500858272208089 1.1308721070279568
1.1844573715788478 0.2071413006162189 1.1533607664466747
1.3139213774425764 0.2186476482251598 1.1529093600868112
1.2825128559877972 0.24476935573454933 1.1474972558357712
1.280959700693686 0.25036507929904567 1.1508987328703257
1.171559397439899 0.24956558145610627 1.1326465904130292
1.3065888141380326 0.21634325871655408 1.147094934374165
1.229083991227612 0.2649592149817851 1.1373356685789382
1.2735751121263172 0.2581083752146338 1.1754636838829786
1.138487327278138 0.3030079719711897 1.1353690006431592
1.2735782771802757 0.18831418268904 1.1483166553633675
1.2879770474162533 0.25750287460907945 1.170033023623257
1.1757991024157608 0.2795507409038671 1.133542494301809
1.1643613478171453 0.3029015093370508 1.140394338752669
1.1781732169641965 0.32464796511214883 1.1630772476466724
1.2120777751084604 0.2944583158394727 1.1765228960372096
1.2903894893430883 0.24491056050516294 1.1547884659409944
1.316740379844936 0.20799718304104117 1.153045566787695
1.1591105472097536 0.2847165662821217 1.133321455963562
1.287126723954682 0.2582439767414235 1.1682133032569644
1.2695279096781351 0.26456730185627736 1.157475087313379
1.2707602375800324 0.20441104990049352 1.1391448254509124
1.2271541529313814 0.29979109153438815 1.169516876111219
1.2636180901279852 0.2595024151160796 1.1492151969236577
1.1583441540032369 0.25317602460011646 1.1342320165743667
1.3219000058715684 0.17670919021706927 1.1673391969402047
1.1881591418691382 0.24552705483439347 1.1823146888211205
1.2305543129790142 0.26978861267409127 1.1415767037206561
1.1695529685396773 0.31959223344054033 1.154407385377628
1.2049699660215407 0.29104973105762794 1.1461321758712784
1.3145397181855185 0.19911765211090737 1.151455071191624
1.2158877045112122 0.2666738082943732 1.1800309505489435
1.199830267071565 0.2759270556563801 1.136786688811849
1.2012509969369451 0.2508913017544094 1.1324103278619322
1.210342948166365 0.30647379125603524 1.1632038139200627
1.2955113456136762 0.19447086279655962 1.1460103465034912
1.2127230419973885 0.2702886088856483 1.1373527133217156
1.2293427103795664 0.2556675233269455 1.1356239428602941
1.203098404149283 0.30405301882167174 1.1566260804481143
1.2440289141743217 0.27111479818745055 1.1488443407616358
1.2271674466495117 0.25599668201328163 1.1802038835557147
1.295777277796771 0.2422862209270026 1.158496272881556
1.2646884026104832 0.2247415253908373 1.136414531477472
1.2158242757486533 0.1923075011248547 1.177755538815834
1.289407537422048 0.17184182397061698 1.168322652053847
1.2900769340573741 0.2541489701736183 1.1690333179367565
1.267390624871941 0.18866860034693952 1.1509615764973584
1.327649124343468 0.2069659840678208 1.1689789143971956
1.1933569054616462 0.21980498415824085 1.1434594948235541
1.287804663773487 0.23609680145313314 1.1764407145303175
1.2473102034892132 0.2639996027939158 1.177552128727883
1.17418394553657 0.24525402559238602 1.1354933641172953
1.2785155666327053 0.2326575951499881 1.1423681536202803
1.3127701396520242 0.19453985702894644 1.1756077396491196
1.3031597998959485 0.24073492805632674 1.1659190970800677
1.210327567604402 0.2587372468347603 1.1345724602624603
1.2068511244104527 0.2840280533711611 1.1437022737655655
1.2306983733365504 0.21559483719744468 1.1393428377014905
1.166136026225342 0.29185299237423085 1.1380380923639406
1.210295454555578 0.28374814998812986 1.144975716624927
1.3045172549827009 0.23881825715352384 1.1662051402637978
1.1979050172648318 0.2669176792028786 1.1350225370657048
1.1769636721894603 0.28073327891955463 1.135953391053323
1.1736131494339483 0.24088258970616194 1.1373480123208617
1.1948646700128478 0.28188570927035894 1.139636296889987
1.293230505584366 0.242530523263906 1.1738903842308162
1.2083411028273814 0.24181734547798048 1.1344322859289107
1.297795170017848 0.24514420693499164 1.1674617738027295
1.2504643323005382 0.22692586596193826 1.1362526858528539
1.2179292806869029 0.30051811234697184 1.1719045138259154
1.1442606451924076 0.30302305905065086 1.1396021579308555
1.1567105004476026 0.3053719034956699 1.1431929738733144
1.234808922510583 0.2127138534593401 1.1412925934620644
1.2983638383644402 0.18425944765003346 1.155867599789988
1.1658694386101849 0.32693033570439495 1.1631046111695238
1.2402878964411004 0.2851610537973996 1.1629561601880727
1.3028696394725956 0.22549468152512497 1.1555520075853336
1.3079793475791175 0.23300065713810436 1.1690438436526047
1.2427287504279994 0.23347775727647674 1.136634292381027
1.2634312397453404 0.24888751690715608 1.1463217890204422
1.249338329192045 0.20129324397203352 1.146227103724876
1.1761622578008786 0.31484102812436865 1.1569113399645037
1.3258681706464501 0.197988795917537 1.1700192932095428
1.2314655938670622 0.2876530943795257 1.1738760746812058
1.2783469838709574 0.25499760506323543 1.1734412806392205
1.3018548081841943 0.22850927634262758 1.1569787720027582
1.1895085183090859 0.3069610621269907 1.1561086845094088
1.1535942817200642 0.30838214913501033 1.1448240109145877
1.2660251960221813 0.18860549511611596 1.1537859430039679
1.2744805768238399 0.2185659880123698 1.141144309274288
1.1735603083018167 0.24502500068300384 1.1376207101198073
1.1931925764933242 0.2566240247109714 1.1353934327453694
1.1821169268853629 0.2378230648375376 1.1388802911946194
1.1833934660371 0.2091129533401205 1.1797006711930516
1.232542727206413 0.21099722498796789 1.14352349353403
1.2494152851530633 0.26739048302157237 1.153259606754744
1.1589422989859666 0.26574399536495746 1.1354505528783112
1.2249696256810314 0.1893233090610004 1.163248507125261
1.2786638572782887 0.23131819208285992 1.146236428857332
1.2700909895175898 0.23680832108566185 1.14500878129991
1.1687974465524544 0.3061781834497659 1.1488482887101281
1.2839059390085366 0.18247968403875028 1.1587325679172116
1.3037709118326783 0.1966131350963623 1.1529983198407454
1.258325670830697 0.27354685283439056 1.166832890412
1.2485455945742354 0.18491886778313898 1.1619329556184819
1.295039090031606 0.2189720410244608 1.1501527685101094
1.1420718679488109 0.25759607584925814 1.1383838212582242
1.2398031797320257 0.26303932633135063 1.1776802802810915
1.2818653400695588 0.1863530353781987 1.1559414035848024
1.221544629869395 0.29453825888839713 1.1722789955469357
1.186636985582619 0.2351895335167534 1.140220781171665
1.2378321735607263 0.27054477826299933 1.1512701159813208
1.2089804256758514 0.19447238828306154 1.1630606543862663
1.1530375188953832 0.311826807306106 1.1485624752955634
1.2826779918777031 0.21937033736220393 1.1457963275355838
1.1710873255515766 0.31714319790527606 1.1593557224786408
1.222082357326243 0.2659316280362526 1.1432369771219908
1.2602066072268878 0.24583026995671875 1.1464258294829373
1.2754900249887795 0.17663481064381512 1.1705860240243802
1.2144936991849906 0.23253255276131335 1.138974725183626
1.241977136752455 0.22080510408049225 1.1407631210642522
1.2214884002043125 0.26788776507193335 1.1444855907850273
1.2359028038268152 0.1902894235701633 1.1767965503783828
1.2020101790740731 0.19306022816823298 1.1744231732745924
1.159783130280411 0.2984219481417968 1.1438065754537152
1.2708760102461931 0.2195970647585661 1.1786715824940175
1.2845043917996097 0.23045939177539865 1.1506806510871554
1.1995670098404936 0.28894727240739604 1.1496114232205805
1.160257999259953 0.28670887519475363 1.1397671608539284
1.3046059043643692 0.2075935839570733 1.1551009355240025
1.2055406051353221 0.2501289137424886 1.1378212535483714
1.1946074498251882 0.2733916949118519 1.1408135764194436
1.3152765255309578 0.18848881669538545 1.1720038680517924
1.1831851139409966 0.19952012901632868 1.1664305083195163
1.31370632531838 0.21803356654249698 1.1690321696663424
1.2857632963010681 0.18322611394868896 1.1750542304044775
1.1683921232698868 0.3202392381605624 1.1622714327088945
1.200174001179395 0.29467684982217823 1.175992044254009
1.2976453470277787 0.22550036765767517 1.1572139583622731
1.2626556481044788 0.2195402780403569 1.1790804476445809
1.30272087591026 0.2144260769631242 1.156174207355153
1.2159881899484266 0.2969304552585929 1.171203228085558
1.3166049682461312 0.2040520047080441 1.1638881076368732
1.1693653376275956 0.3080491466041386 1.1528594273357016
1.2548792037562728 0.2732679754447535 1.1686226321785886
1.2871873281032022 0.19835599944357715 1.1770461866497215
1.1625691317638114 0.26007756278427224 1.1380921255888987
1.1745492295393578 0.21867066151679057 1.1524150566467903
1.3009510636035828 0.2174567690344376 1.1562832602572162
1.2494508067885322 0.2339033284614561 1.1793252697733907
1.1898657489615507 0.3122692435518112 1.1681898776140704
1.1430598346876626 0.275115740920217 1.1378790869192286
1.3024382730169068 0.20433583572697359 1.1549985782642849
1.2122413713478961 0.285367233517669 1.1531307218603033
1.2398666276547567 0.2487499214944677 1.142940515047624
1.2420766994617303 0.2242183261473116 1.1412154781650254
1.1778397699908503 0.23309914882214375 1.1438357098962972
1.3044375156861174 0.2144502203705246 1.158016125288297
1.2664041952625462 0.21745438347135543 1.1441824654270258
1.2034664474343104 0.2946883139293052 1.1569053018224091
1.197604654718351 0.22189953077953828 1.146214702598677
1.1520997991680617 0.27144075119594585 1.1381175170041877
1.2113519271174389 0.22273631860202972 1.143831193059351
1.2555674224105948 0.21596790283636622 1.143571825209969
1.3115422345467427 0.21635046914118206 1.1651113219756066
1.1900933150684516 0.3049119621774507 1.1595967081232137
1.3065642828513893 0.22584018647429246 1.1690896399555466
1.289422508879413 0.22346274382617365 1.1526386032953824
1.2280558644658608 0.23052972700987645 1.1406301797524063
1.2090379108815394 0.19125827255023012 1.1706291622741132
1.2351454894648832 0.28459499915528635 1.1668296668028875
1.1708459582353126 0.2359723255139632 1.1441870033643702
1.3159992145826702 0.19029611309987954 1.1695181344321568
1.1865905105223562 0.2928087202536425 1.1496877168855253
1.1512442600940302 0.2887267983747307 1.1407725119918073
1.260108424364479 0.18768898263165784 1.1597434257300345
1.2967801292772687 0.1797816390048553 1.1667441870039579
1.2755187049422068 0.19696117216860298 1.1774624345482982
1.2133199570252864 0.2534014330163391 1.1403408039929577
1.2485605831063555 0.2760095396698453 1.1691133091417971
1.22872393673121 0.23919293956022306 1.1405289040432842
1.1805308821890617 0.29549347456646685 1.1776745870155705
1.2274995082673905 0.23951999240676067 1.1405873987889026
1.1937740591404418 0.3047725730532825 1.1622222849070838
1.201893917725656 0.29411091732085476 1.1568923557033157
1.2396057712757838 0.19623639240317292 1.156328428012459
1.2792325715663346 0.19498011860294762 1.1769092484422654
1.2936610485454596 0.1992231365774135 1.1542860976084972
1.2607401670269418 0.18359368515392283 1.1644267145915188
1.1610890906859073 0.30174562029385427 1.1482540814678321
1.1762835772653806 0.21204698791595053 1.1580560363463466
1.3105579393940703 0.18971346053088345 1.1645862585314313
1.186241233562816 0.237591270645148 1.1422309526583247
1.291787122614892 0.1966731744687971 1.155096092468824
1.2151491827907481 0.2438983534140853 1.1404884874650045
1.2841636785253319 0.19746570182737425 1.1766668162305522
1.1952016375170267 0.30292510872668665 1.1734741125087065
1.1607058336295566 0.2535269723968743 1.1406219141812208
1.3153186039042757 0.19791492627863225 1.1699091972214153
1.1456910521610997 0.2695803254027408 1.1395258671393838
1.270643207908919 0.24187637454833263 1.1535645548338587
1.1574947871241648 0.30430999439196477 1.1493269840206857
1.2931667462210517 0.21746724000814252 1.1550103618765362
1.1990747373873467 0.3037391972866037 1.1662800539336122
1.3094014472397388 0.1965195035825538 1.1626264515824445
1.2022583127894677 0.2710331305013194 1.144751268075829
1.25879158995546 0.25575022941158176 1.1565796889436883
1.2637769567371022 0.2449513353004667 1.1522767584826437
1.3082612763186219 0.19778787950893942 1.1619428175485473
1.3002263812369101 0.1876068049571088 1.1624485998889567
1.1632745557025417 0.273300093032608 1.1403374896160559
1.1993884383800386 0.28521774540048667 1.1510815205537515
1.270276896551572 0.20276264457538576 1.1506431053890402
1.2649614155444477 0.2512397860886262 1.1749312736330613
1.2960773869724265 0.22067614723840873 1.158393635486874
1.161430145169577 0.3109433322001765 1.155515662269385
1.183681418447321 0.23174598171860733 1.1809583028282047
1.230430110455878 0.20058659336031093 1.155955921162994
1.2537573535687079 0.21201069613373302 1.1471768443921355
1.2581572956212843 0.2457777866153082 1.1508880994756803
1.1757024641732432 0.22524328805853816 1.150112996082982
1.1987804843521457 0.2554650353846968 1.1412279860787273
1.1768985945563952 0.3135696383286615 1.1721909731253377
1.2174944393490383 0.19138664388231805 1.1735085856024423
1.260424947402468 0.2127927153991328 1.1474057999275322
1.2336032372655272 0.2294009246379911 1.1797608706637983
1.1605968635751176 0.3041186298953153 1.151205244255256
1.2011832345598776 0.22724814852272465 1.1455544417921435
1.2332606327375815 0.22285834380301844 1.1446383360530867
1.2643180114866563 0.24359092371599544 1.1528422118591433
1.1943007662927334 0.2670695298272012 1.1428831708410083
1.168446035603637 0.30761909512168817 1.156165212222775
1.2508164271339104 0.21762358799631534 1.146026878347787
1.292854753888201 0.22362098817813 1.158484127980749
1.2171866089663688 0.20301012288852954 1.1783459737872968
1.235320592998646 0.280349601957793 1.1657799949221108
1.2728285687550998 0.2497365821973354 1.1621550841575266
1.217227081646628 0.19763208304174876 1.176807648502343
1.2754707378876524 0.21062581529944363 1.1501827272378145
1.2295255423560116 0.19195230745760827 1.1642769081062831
1.2470183977719183 0.2725220508204846 1.1659706147954108
1.2647207402957297 0.228683933621481 1.1483624386373958
1.2104356698133198 0.29383022315798113 1.16405227107556
1.2989751652276817 0.21144645939135395 1.1588161618295776
1.1851487499155833 0.30903924192662824 1.1656279372929204
1.1606197560841085 0.3041845230639063 1.1519140502179313
1.2747998915851357 0.19440546698095734 1.156537591385868
1.237969830487493 0.2040440906545592 1.1530138689583496
1.2317384657707118 0.19898259972593746 1.1577438828007065
1.2786711794262273 0.18880365552293057 1.1605181953342298
1.152403041885372 0.23644119556489962 1.1490222586408991
1.19020173775414 0.3059839324840307 1.1713671160347618
1.213505616832093 0.28429251794554017 1.1578976355802986
1.185245033016309 0.2689334122912028 1.1430883162321657
1.3038438727579436 0.19239650850420395 1.1724709877606903
1.2787126236118331 0.2327555838386901 1.1560924135447164
1.1604740943536898 0.26179484777191764 1.1415748022542014
1.2681329253995124 0.2565693162744661 1.1690310643270938
1.2147675208276736 0.25312051470950975 1.1440709419889354
1.2580671777924213 0.18412627814222762 1.1719968419128335
1.2150388923173583 0.269668807473577 1.1497540668612116
1.2058370683674355 0.29230293001924496 1.1613447551051594
1.277189002915358 0.2125204502624723 1.151853736116929
1.2971866775574912 0.2097096051166112 1.1591216310833552
1.2377903830740378 0.27790403611475567 1.1683266320481682
1.249790132871601 0.2693532259648302 1.1676482350413342
1.2599457637421507 0.26207376457823767 1.1682486455190488
1.286350569301367 0.23747935747661097 1.1649899473929417
1.2615733319203395 0.2162250960490862 1.1490908530949226
1.2599530588235521 0.18411517895357163 1.1689775112168987
1.207176250579034 0.21752283524939695 1.150853862625944
1.236414461676756 0.20258099808290303 1.1555152697380056
1.2167128256480462 0.2865719148473646 1.162578561873126
1.2442797010042943 0.202562989195842 1.1780010461545647
1.2097388363851613 0.2169864925647243 1.1507602037463625
1.27460530614041 0.22715240953687682 1.1533861692425456
1.1960539999513453 0.21176740879829314 1.1789185346028899
1.2176371551681726 0.20611263627819745 1.1784685127288015
1.2035495499625621 0.2344274655758858 1.145122067598085
1.1697812389523283 0.2941403343744479 1.1506501785816479
1.2090373823321234 0.2180026014467288 1.1506519265420831
1.2794236875792009 0.2438823556121997 1.1658871510136526
1.1881751190842684 0.2004309748394876 1.1690572632891088
1.1849810842507995 0.2581465882791826 1.1430466278952058
1.1638696638803716 0.29088775695021696 1.1479767992417225
1.241921371596243 0.2192402340485773 1.147895733935611
1.2351427582522252 0.18880487137622154 1.171111486542677
1.2422293136513378 0.2735361559315858 1.1685579655411487
1.2986193591450106 0.18759085808066742 1.1699232008272302
1.1598602708071528 0.24000478758019478 1.147674871653873
1.1956944028800376 0.22397814485686587 1.1497813485578383
1.171703331332072 0.2706243282803104 1.1436724170780694
1.1936057188632896 0.299621954097898 1.1728452912794276
1.2287570230227913 0.26998382590319353 1.1565742356085613
1.182572752598079 0.23139114791307974 1.1483818000050134
1.1501901853144827 0.29452358892427316 1.147311209344551
1.2558187865566381 0.25155593767784756 1.1571936317414102
1.2541273800569797 0.24268042935441722 1.152125074660487
1.1985863177564353 0.28273324134463246 1.153435876247213
1.2249232484373755 0.2834143093315696 1.1664189395009326
1.156069409264681 0.2920305245107221 1.1475102476136059
1.2410893770750606 0.2530537629333837 1.1521440339756646
1.1822074205017414 0.27751672335719985 1.1470445182912532
1.2821088299521162 0.23792944153083048 1.1640434088079825
1.1947745993917553 0.265619192713237 1.1457856381853073
1.2599302876027245 0.2085440684101063 1.1521946082598862
1.241291039665271 0.2633650860161323 1.1749466858058817
1.2030349085363652 0.25723203875178857 1.1794603039955873
1.2960820391086052 0.19752054782069364 1.1621414294537706
1.210197535705137 0.2574189602839572 1.1462351586050092
1.2198881591001327 0.23584770511561573 1.1455692944071643
1.1904652730998972 0.2773705307244589 1.1489432262265575
1.2625159401285444 0.22808334495538668 1.151207889050069
1.2075277373983235 0.2756353989820727 1.1527746925216564
1.180087411920669 0.28917369989546 1.1520229237725952
1.1655099726635947 0.2657086826115159 1.1434315247557933
1.2015795743881836 0.21719646057717773 1.15303085199632
1.229492560602548 0.19120041435227667 1.1728216144949777
1.243779517467933 0.27060289288959327 1.1706320809538049
1.2039559683483823 0.280815881046826 1.154748097049133
1.2613884998486673 0.1853055285901984 1.1697004151932413
1.2066143749497638 0.22260150200580098 1.1497319216869029
1.2520760861637903 0.24675657251752278 1.1539424501149025
1.201461552780894 0.2865490921720543 1.1576636083458287
1.2949359367591742 0.1904998105153802 1.171993859971512
1.2195611140805824 0.19415596533614513 1.167923413742926
1.231465535511825 0.2105480766089685 1.1530012338269116
1.2339684481314108 0.19362650577344162 1.1647082587391033
1.275473514223392 0.2260869816572544 1.1558854501803995
1.261602453160986 0.2168776944869384 1.1513488536345773
1.1841809285204281 0.250678974771583 1.144582172294967
1.242096537702229 0.2615223786766236 1.1584370209724237
1.2291320696156744 0.20784008689209835 1.1549942749047857
1.2632101036628867 0.23219477612792058 1.1531557739621638
1.2797513198994637 0.2402483989170896 1.1661482124800617
1.2508753046644892 0.21439065291599102 1.1511559013168506
1.219923504125647 0.26748918129070365 1.1533906492262949
1.1809686842154499 0.303703372952405 1.1733064577489374
1.2527518480027333 0.2538612237445808 1.1746684207300895
1.2506461030920808 0.2088019649205411 1.1531647603134898
1.2375073602490558 0.2684728943319463 1.1737368768050187
1.250120028448424 0.19205720930454792 1.1637288135302613
1.264280004775269 0.20577730139111908 1.1548430844280575
1.2201856604986236 0.2828734783060711 1.1649310851409953
1.258920446721545 0.25278267487209666 1.1617439261829003
1.2587887114437 0.24706946925344309 1.1749338281942874
1.287187177116682 0.23136226519497574 1.1660351060128369
1.1500222636847768 0.2651471064818547 1.1443450944610656
1.1972310305559426 0.2667048379948584 1.1787340050358726
1.2877450090181086 0.1929107507432296 1.1635362133133422
1.1750983045294103 0.25719660203160516 1.144819138814888
1.2699171400771212 0.2154860516281941 1.153984800342384
1.1814524545827192 0.2735992278940695 1.1473952067786048
1.1994544658818127 0.21982736802914912 1.153110574289411
1.1686337624337138 0.2942091087747609 1.153198562076669
1.2582197153909012 0.23643376682161063 1.153810056707936
1.2094060709025687 0.2005071437046987 1.1645862639099223
1.2244436948263038 0.2484327458838453 1.1484848014162066
1.2412487750273637 0.2687854409804795 1.1651832898700314
1.2112352351623352 0.20418747962243314 1.1611567490795458
1.250333333954992 0.2613962529136543 1.1643081327361877
1.2280468547581367 0.23560938342732307 1.147827554680477
1.1929137929555063 0.29385091187758355 1.161388888898331
1.2150346057948784 0.2213218384681457 1.1508279589836563
1.299266158261704 0.19632958481627225 1.1698602364714747
1.1878264008687105 0.28507690076873726 1.1540585676837447
1.2334863996899468 0.2458817316502761 1.149907243401291
1.2922306621766984 0.19906356019122204 1.162977432903856
1.2575490465741987 0.18769226072816483 1.1711342026790266
1.251247885795924 0.25947730456657475 1.1634205317948503
1.2912852403481048 0.1909556718220908 1.1672681536351819
1.1990174043041644 0.25323314996168583 1.1463615476694073
1.1762715215062993 0.2928476079953033 1.1551665427033568
1.267999452478496 0.19795534966464348 1.1756840482811421
1.2121736489044133 0.27267884838734263 1.1763054174887444
1.1486708818549047 0.2668811361942214 1.1450628142422248
1.2136366970754349 0.2809947905232927 1.1742058443538437
1.2084607011497748 0.25553073178520974 1.1478144146733678
1.216574788986437 0.2840182692387294 1.1717535330015716
1.2423167895894438 0.2477286546716593 1.1533577587810344
1.2468675867046506 0.2569806677800817 1.1597846151496807
1.1839091716151153 0.280186018381891 1.151133575250698
1.2889066788851944 0.22550111681219182 1.1655716716957678
1.2546258963217383 0.2519491610464746 1.1604896700834888
1.1581554105685443 0.2640591366505399 1.145390909968354
1.1631471668385838 0.29906198026790404 1.1553263816674626
1.1872654175374202 0.27289932208464984 1.1785483569110204
1.1546521970561952 0.2944856602839661 1.1509708010121333
1.2318585033361407 0.2269912408876789 1.1493807409621075
1.196838776461839 0.206516403914859 1.1628207248964262
1.171978615469587 0.29845844798402754 1.157658483908457
1.1897192288881258 0.22258337991330068 1.1539021126358677
1.2736404025970052 0.2434728178810581 1.1677631989696695
1.249280691995443 0.23551686069446887 1.1520386876057707
1.2248518918238214 0.2695132242280901 1.1583814082000166
1.2465660162668386 0.22632213037022203 1.1508246071313841
1.2353275705002107 0.20699626161637444 1.1565355191473758
1.1878621696654534 0.25467292052940393 1.1463616284161893
1.2531824753913878 0.25980248463725597 1.1670676446477926
1.1761833466552045 0.24647605856425994 1.1471251806537417
1.2333526178458718 0.19221220942786973 1.1703493896806154
1.2178690696019436 0.28352571121755815 1.1678380026927253
1.1955211985397307 0.2751870364079576 1.1524191946967348
1.1678956109076288 0.30999855028073053 1.1658557727806538
1.2067266791648956 0.27812107982613643 1.1574270153882038
1.230773595838817 0.2394197320846893 1.1496657266454617
1.2363214290226214 0.2476373090574563 1.1525744263489757
1.2144010167345298 0.23318404643707855 1.1488024595008257
1.2729893866431758 0.23151150216949307 1.1599178702761725
1.2363450573395176 0.22847601520199923 1.150271938474573
1.251566643644003 0.26087096745150934 1.169131211938221
1.1807317172049645 0.2715543823092489 1.1485152824074552
1.1892965021768087 0.24297340119170846 1.1799043872826167
1.178406656820396 0.28919164646684653 1.1550766365482077
1.1773696716323023 0.2863833555371965 1.1533540851031316
1.1831384647682355 0.30120567017593397 1.1654065227120847
1.2612563357070665 0.2297405137546432 1.1552315188741273
1.2509104764244754 0.24332759817515962 1.155964035694177
1.2146176583129416 0.28222903406183375 1.1642574036404714
1.1847137128533447 0.2807521289098733 1.1774511625390687
1.2425152452603498 0.22404015105967023 1.151453329984406
1.1560776736231144 0.2930364250210968 1.151686581439602
1.2623239809953186 0.23751531404536663 1.1751419145512698
1.2688341321132417 0.22899183878515492 1.1577691574778257
1.2531047952365355 0.20770800113071958 1.1563014411151584
1.222766921866703 0.27457680285702935 1.1623059588156393
1.2164151683914373 0.26386723840441695 1.153943160462565
1.2251165582430774 0.26264968306116454 1.1561147359134964
1.160500251092526 0.2231357508405555 1.1592641433293496
1.1773645683876923 0.22497546108232308 1.155452694895489
1.2872029603367934 0.22523505055122509 1.1675753613437525
1.2620110477309383 0.20395577978752777 1.1583369698498236
1.2680068894338383 0.198538991424857 1.1611201771355235
1.2459932500647088 0.19105242050223012 1.169914421500103
1.1531430266595213 0.2775735928081288 1.1473186268582563
1.1752404484068686 0.28980168872423206 1.1552652036309006
1.2284381323372573 0.25080656874616336 1.1524567122056435
1.245406982192248 0.2548856382095015 1.174513417136534
1.2308077525363625 0.24663295672486807 1.1519003260480756
1.1621851149665412 0.2725902090712164 1.1474126572334298
1.2801473010181459 0.20556623156673623 1.160726474353343
1.2527726261080667 0.2307124117859708 1.1767447861117653
1.238639714426375 0.26380009499542323 1.1732553940524846
1.2079209714734824 0.2078750292928698 1.177028584250409
1.2489051636282553 0.26122594797099646 1.1691240502577989
1.2443177349221228 0.2371467225686621 1.1770625267392327
1.2836698109120648 0.2288553346846713 1.1673803969590404
1.2023225013409022 0.20345838876057273 1.165672702932206
1.2003663908852467 0.25369430714582203 1.1486192521356144
1.2041478761545958 0.2593590852039539 1.1500810139928024
1.2208913748948391 0.2793486512820261 1.1669847770947954
1.2595258235922935 0.20313492591716426 1.175949146242686
1.2037165591991064 0.2640970470477123 1.1515180043309987
1.2314572524788696 0.2679355587191719 1.173464975700964
1.2090076024490775 0.25014469839932635 1.14927969815125
1.2711506771730812 0.22976252515223022 1.1600183922840661
1.2311175007594413 0.20574561340738562 1.1591481535139427
1.263210748769517 0.22708542553486283 1.1758640441734916
1.2038866791366978 0.28750205770256715 1.1648341808945268
1.2196319732381304 0.25986494158807627 1.153977110572184
1.2552337859517166 0.1942015383867083 1.1648186236647224
1.2897312572294144 0.1954101376074007 1.1690758063297237
1.1894598183425666 0.24053765131283236 1.149071659073121
1.23310949532287 0.21689180159882643 1.153971785772095
1.2287102051128747 0.21515804855665335 1.1547934511300315
1.1759439152739661 0.2851657361576884 1.1538544361105212
1.1628435554160088 0.29032607683539696 1.1531463504337438
1.1749746763828395 0.28569544252696444 1.1539873913273886
1.1751432850513504 0.30472494262024075 1.1673254827873434
1.2921730977847254 0.20042480905130125 1.1684909997940047
1.1913974288765345 0.20346186777476372 1.1724935778040693
1.2009550130197015 0.23912557241089555 1.1493814650004448
1.203829563755058 0.28035898076519467 1.1598094770879341
1.208262885486856 0.2297587445431375 1.151208765100246
1.1853892010355738 0.28864518954558477 1.1586549390963155
1.179208475310464 0.30273801575966347 1.1685018251478503
1.1863795859715456 0.28431537689750974 1.15658578249354
1.1991754601110138 0.2750575498045343 1.1555652279157593
1.2400255990972062 0.23382026479854576 1.1526607048272903
1.2316200043085777 0.22426640008121562 1.1524181272502574
1.209623291613578 0.2283104806729879 1.1517333856898182
1.2462853118004413 0.1982784422661792 1.1630725836294804
1.2019951153682835 0.2807681306705944 1.1749313502578353
1.232705447791936 0.25842768590198634 1.1753607218189814
1.2424181592562973 0.25138255833835826 1.1584170813573855
1.1879225271823424 0.2367656789546953 1.1506452206441102
1.1915251811246472 0.2415927644883528 1.149515311692256
1.1727444757311924 0.2838048834354692 1.153228781159758
1.2318092108498473 0.24472964375465245 1.1531620412336454
1.2192993430958732 0.264692736965853 1.175892213188367
1.1865138791746912 0.2495235985830953 1.1487571288680356
1.1690643515986245 0.286597904933767 1.15369180069068
1.1676106111031803 0.27303017603579666 1.1491929927920028
1.2805310817931854 0.19656359440370028 1.1657860962029531
1.2111483790121813 0.20325171408779724 1.1753217744073823
1.2350578615842274 0.2666798267143308 1.1651556732234605
1.278393438716873 0.19525911742135188 1.1664218945727118
1.1610589874094133 0.2366468016662893 1.1535308196714922
1.248208170670507 0.2348258778230611 1.1552829028518068
1.162079797322686 0.28477625997837036 1.1518945053012577
1.2037926667985088 0.27986196156102383 1.1605266376374963
1.1932372769812705 0.28434980902869694 1.175095824761226
1.1773403971926975 0.2978344878813817 1.1736954842258442
1.1575347978181858 0.2798453362492326 1.1499058783269231
1.2070379096638526 0.28598964437355157 1.1688346846833473
1.2675231378292913 0.19588718606357572 1.173374005079844
1.1808401784638978 0.2610749971529115 1.1491747029589723
1.200508021561997 0.26314093038096753 1.1522180343878188
1.2793513478458916 0.217382673739187 1.1625104860979039
1.185828691163615 0.2957930509563295 1.1722494117416535
1.2199635919387681 0.26664738192480586 1.1589243855945384
1.170308134710241 0.22343785287830079 1.1589266959657196
1.2266159053091892 0.2055509875931195 1.176334545577307
1.1792367641225348 0.21569357834475072 1.1621976069316347
1.2587955701122762 0.1933878106552293 1.1722544800253374
1.2387105697535465 0.21715083500274962 1.155354583637986
1.2860091787869838 0.20338637888928848 1.1660796558498627
1.2781728242230568 0.1963622086574227 1.1719947052254431
1.2103739661823611 0.20585619726358081 1.1635295939410253
1.2030485515259097 0.23380802898194952 1.1515418683400949
1.284664896437317 0.2113424931703487 1.1723428559865527
1.1814555724141296 0.29456566845882515 1.1739053069953804
1.2227568733599252 0.22024666699346476 1.1547223212948263
1.2590563195596973 0.22207653340746017 1.1759745111232731
1.211526114590018 0.275716735565584 1.1616282186401177
1.2685949856178858 0.21580278850881418 1.1595231433332571
1.202921618577586 0.2660482106844195 1.1542578075235774
1.2540542839049404 0.21311169656177034 1.157669948501988
1.2370172317738333 0.23831933294022892 1.154405547893912
1.267783981547403 0.2271656126168763 1.1607529884311785
1.2605823078162748 0.2461317897016655 1.1708542069624732
1.1944351337289112 0.29063303278911934 1.1662770813615793
1.2244179329129106 0.2447011690243112 1.1531968346668746
1.179371484655861 0.22271977802383577 1.1784070597616148
1.2276490070389159 0.20175971405386361 1.1644387009126467
1.199422514866092 0.2293673575053818 1.1534098918724505
1.1984549198722962 0.283499048866763 1.1740453617088396
1.2605641017461657 0.23111788411734838 1.1594971138027494
1.1829974562232155 0.2978174690607335 1.168404259439858
1.1746036839658833 0.23002355279397857 1.1556802301343247
1.2185816326430023 0.26316169022267477 1.157848176268343
1.224675543837264 0.2054000620349182 1.1759271242298626
1.2220556880214952 0.2523420451321314 1.1550116452839547
1.2833493174665167 0.20901314625781822 1.1658085919115173
1.1928851784800167 0.24642549977222833 1.1506753156518013
1.2551145701978368 0.23858422102806273 1.160298911789377
1.1802049877985978 0.2803075257849014 1.1555086584158463
1.2225059036435775 0.25470462560331586 1.176384359318365
1.2381957537153676 0.25980132109823356 1.1726238335779535
1.215457984154533 0.25508416673253015 1.1546089826435146
1.2522292478295234 0.25246702334675836 1.1692400371145721
1.2787318090815065 0.20997992657574374 1.164424613946579
1.1855655773999356 0.29000710909706306 1.1626003881297993
1.1850847117345586 0.28452739818330014 1.159163139063637
1.2592198633123868 0.19568842046101806 1.1720469591939062
1.167896929841602 0.2282657703204708 1.1579350673462354
1.2334734062678172 0.2215346722136714 1.1557398852739411
1.2617420290739896 0.19811289336733476 1.1656789197403759
1.2236130777001013 0.2621515315306603 1.159970290426918
1.2563087430507047 0.24818804493613922 1.1682976295539076
1.2445915080181635 0.2046011150844538 1.1620007917129864
1.2537017410871245 0.24279903205855793 1.16224308767049
1.2573248345290664 0.22089547336702625 1.1586532336902695
1.2406863399822485 0.23157521287482533 1.176668371002374
1.2062888456909873 0.25978626666028376 1.154571824440778
1.1765113093339472 0.2615022291800748 1.150814964560233
1.2192682065118494 0.2571197355551642 1.1567432183933959
1.1565534698095108 0.25900671987282486 1.1501943855750565
1.28067276310702 0.20473273871944586 1.1712876308870732
1.2500646792145083 0.19590959720696638 1.1715552472768838
1.2065057103198784 0.24855816893841876 1.152528040722053
1.267575871896979 0.2353329038782156 1.1712110017869846
1.1914116066813683 0.21378286522337647 1.1628649107618412
1.2434188898450838 0.25153718360361493 1.1626467652009675
1.186826742784453 0.2876629484929034 1.1623770249824457
1.1892680084355571 0.22614326424895403 1.156756393568598
1.2671078453445743 0.23676356424366712 1.1682594830785384
1.179561381970055 0.26600889205804273 1.1783383964217067
1.2396176934392336 0.24138560383956778 1.157614927932118
1.166671225545564 0.2926608385252846 1.1590740698600424
1.1562944359054188 0.2749519746692352 1.1512323706144203
1.232001296066711 0.20690996187026414 1.175807175364674
1.2364202013454682 0.2619788939373531 1.1676665752653659
1.189272409487307 0.2913753528730541 1.1673225513303396
1.1698711352797522 0.29193222127174356 1.1596883884285694
1.242387702388633 0.25087451615630957 1.173898248726792
1.1628014405701967 0.2792675800720355 1.1530028729032822
1.1768016085706932 0.25551045608137957 1.15116796713423
1.1849756663974262 0.24100518991348052 1.1526247570956236
1.2265924849945704 0.26710310013788674 1.1720342264984909
1.2396154591099398 0.24787455967265054 1.1599002100169915
1.2417725228639778 0.19734892556258518 1.171726497003155
1.2244336397904636 0.19962528105324803 1.1708983663129278
1.169911566106757 0.30084213050739084 1.1663665697870873
1.2700995860780857 0.21242772501264562 1.1738784945489658
1.191527725735738 0.21099932737218632 1.1754517003080611
1.1966540752262402 0.2295238002258705 1.1785607353673742
1.2662058160458989 0.23210369918434676 1.1646592391419437
1.2362406533407917 0.23741060624844523 1.156500212387793
1.212514193801142 0.20646842587902792 1.1750805707290553
1.1853848465655707 0.27625031242296816 1.1565773603514788
1.1918046905102375 0.2433948368982958 1.1523484119917826
1.2329238064162826 0.25005617093018867 1.1590036004112583
1.249228318149977 0.24087007953302605 1.1744738341352585
1.1952787337652362 0.21697015371206677 1.1770890700620014
1.2626438302089038 0.21437448969238132 1.1746917805698718
1.2727520540407298 0.19921889402260143 1.1692319759886811
1.2260998291652294 0.2113759100132619 1.1763526888433347
1.178089804724259 0.28830542845610674 1.160712564645555
1.2418450173474809 0.2576036072400377 1.168732012616088
1.1812945657191662 0.2414586873902665 1.1530909151064848
1.2494596705072876 0.24478115465389486 1.1735206353293188
1.2197025247240632 0.20104143692023652 1.1705668242852076
1.1900683775497423 0.21226491746732237 1.1756041965469444
1.1937164263972337 0.2423650185758489 1.1529321800989076
1.2298691897709055 0.2542612563089417 1.1749144416975041
1.2435353073188975 0.2002642252148676 1.166452240194665
1.157338638735625 0.25706413373508424 1.1515013355124788
1.2293940871048465 0.20333626117353443 1.1655471688330508
1.2426025422341342 0.25547370745119685 1.1672109341642976
1.2030084049879604 0.2820291101330771 1.1677647250999499
1.2751689167366167 0.21381095521851728 1.1720565767233482
1.2354801937748783 0.23894461898592667 1.1761407880299903
1.2371493552474253 0.2089883246714918 1.1615898333981585
1.1808966931534632 0.27665473235064764 1.156499400730458
1.2540250874954955 0.23188093315705494 1.160728446452298
1.2409344504864803 0.1984409637527992 1.1694515573759046
1.2532596507504525 0.24021575699946698 1.1631649046869708
1.2136508353400992 0.20798473178972787 1.1752832711469308
1.1924823481904308 0.27564745783821576 1.1756342009772476
1.2408411854154069 0.2571322693204705 1.1684954450363247
1.2224258185369783 0.2550454399726299 1.1585928484970403
1.2779664028202462 0.20746358464045775 1.1697907839786466
1.1590043171477198 0.24775561370090649 1.1532101690982401
1.2187271122782788 0.23022448999024409 1.1555127613627683
1.1816909368657564 0.27215726607957874 1.1553931705900347
1.2004148014979026 0.2745779433334946 1.1746881852682542
1.1743218598555658 0.24264344220908418 1.153793282462825
1.2547012757226637 0.239324362699683 1.163838875471966
1.2417179331549506 0.25618425637871417 1.1693269757539044
1.2024373279172917 0.23922424760693345 1.154115984332646
1.1915655397446476 0.25239251656795725 1.15314628321533
1.2086754667202775 0.2152121225310293 1.1766367025855542
1.2319077969217895 0.2180013291254171 1.1586725001922216
1.1888560897240508 0.20923522265481448 1.1690568779666481
1.244087426897567 0.21289879095420167 1.1605662722946661
1.2252135153996089 0.26740378801377374 1.170405081529784
1.1775993901393207 0.2760260071959806 1.1561070561908955
1.1683669102480716 0.24823581163603942 1.1529601245631222
1.2395958012220691 0.24229580087040714 1.1751966067786994
1.2300532468270446 0.20097224967473623 1.1686675918161558
1.2294842030416018 0.20727728186884814 1.1634598315843034
1.252177029731071 0.23587830340715096 1.1619148194891316
1.2338644308862483 0.20764177250738725 1.1630076308766828
1.1630194193842156 0.276066762226633 1.1538916235830916
1.2674705132509696 0.22806594961325813 1.1717317160320158
1.276481107425231 0.21549165277744114 1.1691077946008996
1.2345605851450827 0.2213377128460424 1.1582314284888477
1.1663766728560798 0.23908482954265386 1.1555767116789761
1.156767886852 0.2728615881298961 1.152606799529918
1.2465395778796458 0.24150437087674465 1.1619873770094256
1.2530993636770047 0.20511582915012805 1.1741090455644445
1.261277668659229 0.2156414051653721 1.1623823803384004
1.2708188496071124 0.22380776564949506 1.1667147821445052
1.2539842287167755 0.20141147470125148 1.1727408160346422
1.192411802263988 0.2510870292384518 1.1536658660421282
1.1961612087865165 0.2844872115473222 1.16817600043967
1.2636551291058147 0.23478262818324636 1.1690151614482174
1.222131240465373 0.21487004144706387 1.1608350117583348
1.2526156873217578 0.19972226870826315 1.1691946432074485
1.2642249920286162 0.2163338755409197 1.1638150879314972
1.2674010316486437 0.22295458250653555 1.1655921472820032
1.1789568536721746 0.25817790912092375 1.1783393899860637
1.153002908844143 0.26252297241248074 1.1523866002635348
1.2268306320252202 0.2056052160196856 1.165772099702279
1.1601085120719015 0.2865137119881023 1.1573625323029604
1.1832969366693282 0.261076887477163 1.1542762424402078
1.1968895401738133 0.28191315079173307 1.166173801324865
1.1810307681191758 0.22578788484006668 1.1598411738287924
1.213325026447381 0.21755489664840294 1.160424519465975
1.17142557782181 0.29137275192489825 1.162653098718437
1.216654266688534 0.2642178123236919 1.1624587805419178
1.219897681208529 0.24459604331448653 1.157038820108997
1.1953061779314025 0.25207180310465843 1.1546673401551124
1.2387130590389999 0.2485283902592124 1.1630160102071914
1.2348337086635317 0.24766172652485982 1.1613415932404787
1.2504261269122752 0.24170151178154411 1.1649793916292244
1.1664413327176426 0.24906287726237733 1.1540033910107144
1.203054493080764 0.24857709700607453 1.155309774555943
1.2189550903996609 0.22619258815984902 1.1577015547389102
1.2539772322895952 0.21326182351709747 1.174506471119696
1.2723673562937146 0.20984832779775658 1.169000246047553
1.1638442394256274 0.26668890612130924 1.1533989823355664
1.1673285945613237 0.26091621732822184 1.1533057023800692
1.1871157237025334 0.2874041238496541 1.1667745745072935
1.262200344635874 0.2178855536017517 1.1734102663412613
1.161208747433117 0.2341179983227039 1.158814582653371
1.2500708396837825 0.21867227787243787 1.1614791479570123
1.2600127825525032 0.23021713952358483 1.1652519115825273
1.194676959928543 0.21461334823796036 1.1646781700595554
1.1822673211853985 0.28243041046283546 1.161683702747402
1.2337638756037461 0.25740848708207226 1.1674722931327506
1.2501104859848855 0.23990208082847803 1.1647946494185946
1.200637287769015 0.2539577679578701 1.1561935437537725
1.2003123922272385 0.2782072061906947 1.1660814184884234
1.199376382959993 0.2297810873724896 1.1576555843155676
1.1578472915575133 0.25520980258595394 1.1538763599572956
1.1866316077288213 0.21436492694500062 1.1665543904361357
1.263708571305773 0.20632797995977192 1.1679646714241894
1.2443810474700743 0.21187926038481564 1.1630194509442824
1.262189259038117 0.21569393424464448 1.173014197235667
1.234449962572323 0.22693208549973304 1.159275258793241
1.1730725845847554 0.2156037772053125 1.1687554112912202
1.2431434520237907 0.24911701074876413 1.1675496482958323
1.1911450840001037 0.27642552943184195 1.1616906058597858
1.2431878984782285 0.2488142475271613 1.1672372206986095
1.212250590636455 0.22034362329731866 1.1765672952263886
1.1932045065788208 0.2552100289245082 1.1558382952916606
1.1943614893781689 0.25364789023276624 1.1557753198399832
1.2192092855265204 0.2661239252550963 1.1715304245301104
1.2072803611512315 0.26613184138359436 1.1617863981202092
1.2171802272139698 0.26456618339781207 1.1646938423087352
1.2264103729935933 0.21012262595473016 1.164402918902556
1.2381191857748188 0.20369289220552264 1.1720739883906022
1.232012304261958 0.23803830000260645 1.159726519044858
1.177305148314955 0.2840052988974159 1.162078165103607
1.2483508647609336 0.23836180166780951 1.1730046612289198
1.183541607333308 0.28177134659279734 1.1626511864060005
1.2079966109230105 0.21534755469080313 1.163297156646018
1.2067377729299715 0.24742678927371994 1.1569641420213457
1.2212875054170653 0.2655232678029949 1.168988427272011
1.163164728558538 0.24291415768369584 1.156540116280432
1.2111412108306692 0.24133020902846097 1.1570979364812362
1.234704893000652 0.24268208184520298 1.161425089249894
1.2421777093481103 0.24908263655330762 1.16850292291249
1.2010283713798442 0.2431398537010854 1.1564571827115873
1.2128686036163119 0.26870890970654454 1.1662556565669626
1.244473096965324 0.21944812831175922 1.1748860249797908
1.207575373079913 0.2138503066636835 1.1643945445627624
1.2534635703517178 0.2117447292315513 1.1649344486256452
1.2364556244155835 0.2245927114400436 1.1605167460393433
1.264220250137073 0.2132948137227522 1.1676772427176423
1.2453547792619535 0.20413873511775182 1.1716059126530274
1.2603478586930532 0.211795907002526 1.1664186647567734
1.1761487963647193 0.269410293053355 1.1568182768015947
1.2570653091298927 0.23356929457802414 1.1705053427656413
1.1959413653411797 0.21086180717130906 1.1691286572378994
1.1856652865032822 0.2275700871970333 1.1601719267170192
1.2188683668955276 0.26627542838833296 1.169139753213603
1.2423121734355584 0.2464183350686905 1.1664495591717852
1.2113606717601955 0.24208473540992448 1.157563383374189
1.2451881091612782 0.2044157876741107 1.1714485497632174
1.180511742919185 0.2158846762111959 1.174278079842395
1.1991435110221553 0.2500647437530581 1.177062433693068
1.2397124072335113 0.2501472376644655 1.1683607600998538
1.1778121325203128 0.2749305906949803 1.1588284834164488
1.1986505271043848 0.2756906486489758 1.1726932063866602
1.2202204975418631 0.20859653074397133 1.1737577954643097
1.240605455739567 0.2131865215722517 1.1635740081531405
1.19163436947827 0.22395202663318198 1.1767242671202607
1.236686429337182 0.23179095577144218 1.1607751762283252
1.2610878068319127 0.2112537545941015 1.1674732442756581
1.1944931987150194 0.2801442790816141 1.171263795420787
1.2384258854689352 0.2310255037365239 1.1610855365765413
1.225874303580622 0.23302379464640072 1.159228197222069
1.2343839995953658 0.21765853956314118 1.1621372538147523
1.25429874774923 0.22648700442506872 1.1647540665973977
1.1832409200432557 0.23761849416186415 1.177906944492086
1.2582303283684098 0.21507703052058658 1.165842305046827
1.242485463763622 0.2180883975140663 1.1626136244700642
1.1867196916659886 0.22808812002984985 1.1772386911936883
1.2180701657667317 0.25029433330975315 1.1601273154567795
1.2598480091113604 0.2115837639051256 1.16736872528597
1.2607618552984352 0.22188614578013197 1.1716756597117186
1.1613581001818556 0.2469863699752381 1.1563499882905954
1.2015927455952653 0.27248665891277796 1.172961318422259
1.2068969282205095 0.2609484902379307 1.161087699349047
1.2377690938626378 0.23778329612224305 1.1622843174609903
1.219679416336728 0.2442205480753557 1.175773950247014
1.2254889649985583 0.246903387092392 1.1614118335440418
1.254288526894795 0.22634960864470022 1.1653181782572528
1.1619570915499562 0.2573278765731991 1.155299301495156
1.1752183458790655 0.22566213130282434 1.1627550789333185
1.2159908914640487 0.24223729913918043 1.158946925671728
1.1703365381069166 0.28045631214954964 1.160092643000467
1.2566146807122716 0.2084241488240517 1.1704719735708098
1.2617905146411286 0.2177298925107272 1.170599170384898
1.2147133630856808 0.2659148420881215 1.1713261214229873
1.2022674355657046 0.27204987166395156 1.1655405853254461
1.2227377438585139 0.250319228654156 1.1620671725417289
1.2527710414051918 0.21662607653625035 1.1731734584022329
1.1809743045090957 0.24256052440988826 1.1778813805739825
1.1718796707725176 0.22543669174433567 1.1634089898408295
1.1819392943638505 0.24147735594797254 1.1572555243779075
1.224829120974527 0.25834696454139267 1.1715264333797608
1.1628435050036965 0.25135171207448 1.156083018287736
1.253577297997798 0.22243221531013854 1.1652263171611226
1.2314224449896227 0.23285285078754456 1.160944031617043
1.1856284083890198 0.21647380228075058 1.1672447478583066
1.1900681972117697 0.2238960538060552 1.1763933807340643
1.2220222782478343 0.22324968292301556 1.1611186014899495
1.1876331855144988 0.2232575285138428 1.1627212102507132
1.1841599793511965 0.2614826789109945 1.1768180849341863
1.1979388391693022 0.25690187138501813 1.1586960208319077
1.1916037662907655 0.27822484362611516 1.1725632293808803
1.2442864888044198 0.2063217367039415 1.1700560249617307
1.2477008334676676 0.23728750057161274 1.166758073795743
1.229940005426319 0.25431722334113344 1.1709268863667486
1.1819056208946819 0.28618422247604697 1.1698380905719024
1.2075964276975562 0.2504989260146905 1.1593000381614926
1.1675124192830377 0.2226306373607467 1.1662277715419789
1.258859475964378 0.21316143454589775 1.169340064558935
1.2115607758117677 0.2443630083220224 1.1761033689916511
1.176903642351457 0.28170098399876464 1.1630364958047696
1.2318038200536647 0.2186581654810343 1.1630833629876105
1.1762788977065919 0.22287204951135864 1.1648111925651226
1.2101676547481186 0.2206456020339087 1.175791766169158
1.2352265247750926 0.2110574527052012 1.1734769960757219
1.207226351939172 0.21338495584176778 1.166597359474733
1.202476415028419 0.24277303962701444 1.1767113991206946
1.192782193432277 0.2717826414654069 1.1742511633001844
1.2037982242467131 0.2255695716288132 1.1611890461108147
1.171162478057843 0.24573897626268984 1.1572767756423756
1.1927184386079706 0.24323321929545202 1.1578245408971743
1.251845475494863 0.20973480911599518 1.1690578980769872
1.2308035616098465 0.2534344064449621 1.169882919045345
1.1803932617278088 0.22541427638597444 1.1630543387439984
1.2254283641027914 0.2543796730505858 1.1723749996904695
1.2465047085722676 0.21475660092876372 1.1657580157083456
1.206351205941683 0.21966469280436945 1.175556862481087
1.2260929800150158 0.2292124565040164 1.1611459286044845
1.17850320953722 0.2198914539021997 1.1666005206270365
1.2399383588843116 0.2413630209493796 1.1657824210126244
1.2451028143790719 0.23852308250539558 1.171317382595913
1.2010686508552544 0.2205000278067642 1.1756710777985209
1.1989159353372012 0.2710239676433311 1.165028104798445
1.1646545379132194 0.27672209968561695 1.1589645515219213
1.180312568548094 0.21770745480933543 1.1683973617441672
1.240723159834514 0.23586881468569829 1.1732415405717347
1.167939928974915 0.2737550680085319 1.158793388266146
1.1727797742919939 0.26900705700121247 1.158437856912211
1.1621053754285207 0.2754737862469067 1.1584198757498203
1.1643910690757553 0.28264703461548146 1.1611213045234754
1.2023129541207598 0.26536419138170875 1.1634258495577332
1.1724968259963342 0.22544435409117175 1.1643810255643987
1.1874990009641189 0.23150734673943754 1.160508407511662
1.1683407438227384 0.28904411112314715 1.1656705478586196
1.231498852230866 0.25170761018025867 1.1690414149690302
1.2486565336094393 0.23476674634148742 1.1686860706846955
1.2334439416601741 0.2340583158553048 1.1744911636179793
1.229619737219937 0.21974631489016347 1.1634600017834045
1.214540746233597 0.26346277015492003 1.1707768709472242
1.2118564353742474 0.21935816608453707 1.1637831217525392
1.1953507699275336 0.27443717109952553 1.1665549880824542
1.24364902620763 0.2390357693570804 1.168172838033307
1.1982385148839814 0.2169673841223394 1.1744734401369588
1.1864673286816139 0.2800109687553601 1.1717745479867268
1.216367675876348 0.24975907955924556 1.1747101138480587
1.161284002100139 0.25626560893829853 1.1568637847799097
1.244209223406729 0.2367538387345165 1.1671110730373944
1.2238004558329976 0.2560795183461801 1.1707657173623425
1.1981595888811993 0.2634713080392047 1.1621455762374333
1.2437683326633844 0.23941611783804734 1.1693573150139804
1.197154417862574 0.21460841243272524 1.173048382290293
1.2296386815546012 0.23299757217077943 1.1747693361710754
1.1730677843111774 0.21879014005400746 1.1720903295041667
1.1764692478839376 0.24891615021817914 1.157752409789819
1.242329011235638 0.22977738568001418 1.1649289274953811
1.1897622440828026 0.25533498188310116 1.158820910208008
1.1733742320729936 0.2810440698790267 1.1632058764962947
1.2310306056882656 0.2095451655231582 1.1699520149858653
1.218625313070134 0.21069480790941741 1.1694910132441503
1.1822798258105245 0.27862134364568647 1.164913195283347
1.2012386456213728 0.2695841796563135 1.1665427378598419
1.251608423170195 0.2161782015489141 1.168901574530538
1.2189737158828113 0.22740610213380444 1.1754801070362386
1.229187373667406 0.24466436352519053 1.1732946802618962
1.21924926639884 0.23292384499243074 1.1614041004535365
1.2008120144428651 0.26826594202016124 1.1655833491588865
1.2094059625996705 0.26227674523487604 1.1727874271521124
1.2276243813315677 0.21106759077170134 1.1720182135758659
1.2297838036992155 0.24298495692527 1.173436186651919
1.250643336071169 0.2175827648487585 1.1707235693574911
1.194572203877814 0.25149209990893195 1.1593816586312744
1.249494334047347 0.21654930258811084 1.1684773197763616
1.181768415576618 0.2741417078829852 1.162743568736143
1.197747030081286 0.22460972085887881 1.1631429998768685
1.1814776628512687 0.2561991176853565 1.158529433966477
1.2288795844937201 0.23633674852519973 1.1744110947846962
1.204824279125076 0.25366500803569764 1.1752167282037096
1.2040202458801195 0.21686207817269063 1.1664924278827764
1.1765085215351825 0.2774767148198933 1.1628705768672967
1.2092647545736792 0.23016774564182158 1.1613970348316351
1.2360118743677955 0.2404121170249925 1.1660572546466241
1.21614751565406 0.2371250214038156 1.1755193866093894
1.1934607517656448 0.21860985390041884 1.1666665175856372
1.2397674753257735 0.21305231875665406 1.1718475748170143
1.2082140460738522 0.25412408293061395 1.1746839718653443
1.1781958528774132 0.28411014874833806 1.16841181781124
1.2459973544879528 0.2312938847394716 1.1710654446076476
1.2375999341098607 0.23654917346244078 1.1727749894107304
1.2148290788760103 0.26005693592234935 1.1672032841365922
1.1834844955258097 0.2810386593978287 1.1684908107165755
1.2436184429505361 0.2361674037317634 1.170190654467842
1.2269669056997037 0.23237194159018534 1.1746845767786642
1.2258333792213008 0.2517463668110938 1.167627742633572
1.2338609026939507 0.2146023375489971 1.1729403849142663
1.2413403593033294 0.21923355523998309 1.1661676401036845
1.2189176992869282 0.23302549241760076 1.1753498504164643
1.1855015550971428 0.2403642241782096 1.1769569946281946
1.2302740774847571 0.21379450882113707 1.167295156008372
1.2375410097425084 0.22666668765153414 1.1647535338586699
1.2088081997985423 0.25850225671664484 1.1737436153872933
1.2109403465000663 0.26167396765431555 1.17202289182418
1.2000205043611492 0.2688238756591935 1.1664477167278824
1.163240123371707 0.26664324209754126 1.1581707371175436
1.2303904017650105 0.22723206351978617 1.1744370015758145
1.183357474593373 0.27384467416063996 1.1634612557936395
1.244293221015711 0.22808142915819812 1.172204848885122
1.2076500762958828 0.26466313971488187 1.1715352024681707
1.2406454442418697 0.2188375971580836 1.1728310813074778
1.1899713219889587 0.21798246863413057 1.1682694040866681
1.1631869325675637 0.239242497742487 1.1607454727404285
1.1688055621865947 0.23879469892252045 1.160543867820227
1.167963011146184 0.2755855947423819 1.1609334727818257
1.183138148110418 0.23946786926036567 1.1769345099413533
1.2246463410800976 0.24474184791514958 1.1642554450968887
1.2416195437538686 0.22402966641097108 1.172819954202628
1.207156391079708 0.24622424736775889 1.1610643842859178
1.196205663865227 0.26691073943919147 1.1642624033272704
1.1599960524517159 0.2609323525029718 1.157774912850929
1.2057178318769068 0.26660074272301165 1.1686562381151386
1.2261637075829075 0.235796893188199 1.1632265859412898
1.201282026633922 0.24338821970795213 1.1603267619832782
1.2266538225769756 0.23464050096238898 1.163295898130739
1.2147430007557944 0.2250453251883129 1.175154112698002
1.2235708975010446 0.24266108534752087 1.1636481896373834
1.1772367714903238 0.2808610708266997 1.1727721703014569
1.2312410270706224 0.22429706475907416 1.164499728866061
1.1636733977600673 0.2770426993557465 1.1608182728152365
1.1650715579528308 0.2779075966314896 1.1613385935527663
1.2151230243934124 0.2586566561283046 1.1677706912487629
1.1800719427756086 0.25937281663506284 1.1593590932922953
1.1587611576794117 0.26052190061475966 1.1578462037969748
1.246340892408428 0.22243688592019778 1.1681964602950796
1.2173561799223356 0.21516131771719288 1.1678077159787699
1.2009534773498227 0.254121386327079 1.1617482676332163
1.2295507367207437 0.24767105945095938 1.1691436727420752
1.185576287676514 0.2718739151797733 1.1738837378627625
1.203124639393594 0.25516137546456974 1.1625008723596144
1.2168942841351413 0.24673296713821807 1.1742003707795463
1.242905265367967 0.22928742809293773 1.1683548532712256
1.2295059848926364 0.24437416082896868 1.166931651015814
1.2401534814381863 0.22154902792186437 1.1670785122385048
1.2050960402188071 0.2548408335497099 1.1630282794632643
1.2116999924492315 0.23899787338534748 1.1620445878938275
1.1745186249024355 0.28424999046846244 1.1701500667916493
1.2202571666348052 0.21544520493530198 1.1680202208964392
1.1797769536017535 0.2476944447482149 1.1595927408265316
1.2285519663684008 0.23263051330998277 1.1739249757342443
1.2345185026614516 0.23989286424908238 1.1679225700869666
1.2199940699924317 0.22318919466515574 1.1647374849616277
1.1711783039530372 0.25141172625464153 1.1591134535129182
1.1612149338583386 0.265380379682609 1.158954541340501
1.2304225311965649 0.2277007750025214 1.1736441421745296
1.1933549370539192 0.22088852009930623 1.1669194006388286
1.1820605380109286 0.23340299618160512 1.176130329340557
1.2251908968457743 0.22265525790971175 1.1738671169525992
1.2003647330452445 0.22408023602349705 1.1649148516818308
1.1840492103340046 0.21956215201804463 1.1701320406036704
1.208881742404793 0.25190457197042937 1.1636586588020208
1.2013325317298569 0.2668335856410975 1.1699566309596974
1.2003168324098399 0.22754060911651797 1.1637466583554414
1.241844637830321 0.22145599702755264 1.1700759313538827
1.2252281219801493 0.24877327580820122 1.1695497556329701
1.1690226581775578 0.27547680977687555 1.1624711342943024
1.1767312103846188 0.23920186049866946 1.176568486185332
1.1693349236163808 0.26805380918841104 1.1606486575842103
1.1862358118307568 0.21984012576139533 1.1694161467216906
1.197344652755 0.22902393480995425 1.1634546199499698
1.1891149013420383 0.2719465683810922 1.1666129370839033
1.1958211029978536 0.26880543592289924 1.1678679402178216
1.2068572495485006 0.22026823083813493 1.1665869835746052
1.2126212184366856 0.25594653009399576 1.1720074746726192
1.2384352112235004 0.22291579867774505 1.171432962530808
1.1994176463547264 0.2561219418680012 1.174523093920413
1.1931004183150724 0.26855719352923707 1.1724567661791572
1.2114961897459742 0.2540709883517818 1.1728668048336122
1.1987832162896028 0.21767202387731918 1.1712336067804257
1.1789644972470223 0.27843766812959503 1.1675858272883441
1.2074940253945528 0.2616497302005683 1.1699229431134441
1.2208288394563374 0.24550566031365056 1.1657243892705265
1.1898480365479973 0.2570160443013265 1.1753021185992896
1.2037024782576986 0.2549239735842116 1.1640117748481253
1.2090859598857013 0.24873810294152743 1.1742876203041979
1.226921356909719 0.23038370229458907 1.1653033821680943
1.2080092217311507 0.24340475355278268 1.1748392077290495
1.1838022120178184 0.26155384660354397 1.1619623551349947
1.1970388875439677 0.2628427555280206 1.165166650419469
1.2258733267026076 0.2270601931073348 1.1655867049044422
1.190118909847944 0.22108673029732884 1.1732319958254473
1.2346823291624558 0.22770585123789142 1.1720237244461775
1.2360067468548903 0.2317250090154402 1.1709807964128158
1.1873490354748581 0.25990385038090835 1.1750970602620678
1.1933199959207155 0.25258197188518683 1.1619344642951661
1.1787947181243248 0.2418401006843928 1.161324806327084
1.2251747556904473 0.22372391498584926 1.1663372553245706
1.171232514362969 0.22936274638723853 1.16567388360893
1.2283165457046568 0.21911722312566503 1.168531417788155
1.1782906089157832 0.2271139604266761 1.1747032741276697
1.1765411672099575 0.2525351244356501 1.1604866592834895
1.2178519071132379 0.21942428975355285 1.1678794808465356
1.1808673484075236 0.27756079041841936 1.1692792706970054
1.1807044902297825 0.27770115701206743 1.1699676164273451
1.2148864089855176 0.25444927383784127 1.1695106722805741
1.21661877739133 0.24519785985863732 1.1733287564752837
1.193325816536824 0.2407353585236885 1.1757643469217374
1.1786444042089048 0.2249837550766811 1.1739688000986297
1.1633074600365243 0.2493147550246625 1.1604988083608676
1.2361357073213137 0.2273160454794649 1.1703432419848645
1.1672726836475262 0.2647874454454606 1.160777758371563
1.213713416350948 0.2398981546950649 1.17427796435534
1.2279558586843704 0.24139910250092858 1.1688832036675518
1.2332555429744583 0.22959945059366102 1.1714202041928168
1.2287119966986948 0.21932870205761734 1.1696329741417941
1.1881285009156337 0.26675599458705146 1.1734399314741273
1.1835236198758714 0.23053736030509275 1.1645817271132943
1.2324294286644868 0.22183341429497633 1.16926478836073
1.1898642546848444 0.22080866272223598 1.1711343075206109
1.206176912983644 0.2582334992008487 1.1678028835215883
1.2197373139898269 0.23126143217113349 1.1653445596934
1.2199746305253512 0.2350675476068427 1.1652975389607856
1.1750203099266496 0.22473738332371132 1.168910458260382
1.1955412600212836 0.22909449709997196 1.164840684853393
1.1806768427898175 0.2503253827609889 1.1759790742293728
1.1760567276056695 0.2435343687123555 1.1617142711679307
1.1773319297714495 0.2762770421113161 1.1720335798172106
1.1966962977960554 0.24298988234421673 1.175278984176692
1.182193722469088 0.22750158530240547 1.1663803670597437
1.2139129549689565 0.2267468618193996 1.1737937073119142
1.19995491096493 0.254710296538126 1.1645705046296653
1.16527212637288 0.2404552627955613 1.1627413915780376
1.174109728236512 0.2636378399395376 1.1620881026417802
1.2322265704092072 0.22689724510066703 1.1690921592141856
1.2060248475488624 0.22805761262700283 1.1742808053194471
1.2261592149680172 0.2402596453076894 1.169399290802037
1.1657282941379368 0.2468389700226258 1.1615515838678343
1.2157204032084659 0.25082095954445743 1.169726554536286
1.188896165928588 0.2583440779012073 1.174572599665419
1.231155615578777 0.2265784362294163 1.1697646728468967
1.1701569730448018 0.27814309727227354 1.1662950915304464
1.1912631790813304 0.22326263478811556 1.1728935312969333
1.2109325181560457 0.2435488850074219 1.1736964829339296
1.228042161967099 0.2298396848987283 1.171621045683048
1.2042103625412617 0.2235155161825429 1.1676491036584338
1.1637875997456373 0.25633080843878886 1.160895562035328
1.1809082620319473 0.27417229895327355 1.1709415355514206
1.1883956943477791 0.2552883762025145 1.1629760871622215
1.191920104639302 0.26644306356457526 1.1714823252771027
1.1940818658472208 0.22990844887603076 1.165229931862207
1.2184132076881158 0.23012567310009954 1.1663123485131752
1.1953055983735656 0.2498487518441447 1.1633446250513855
1.1954090106941144 0.23953486590444023 1.163334970188104
1.214947194395746 0.22113483620767838 1.1714076413292032
1.1662369342162044 0.2751315789562604 1.1642480220039526
1.1967550659603114 0.2226716158282727 1.1687520743986735
1.1777532078938964 0.25948901936121344 1.17528208127926
1.2040838652620527 0.25719737969365475 1.1714634587129167
1.1908286191551967 0.26134683083064 1.1735321040650872
1.2059120605677192 0.2569815154680557 1.168994836897251
1.2269588268738914 0.23080994681912828 1.1686552558989343
1.2275528978685646 0.22699812531365934 1.1699082602003987
1.2137819047354215 0.2227245765130281 1.1686990294928103
1.1880216045681957 0.2679359106240004 1.167968328529251
1.192705820624573 0.26353156104999514 1.1672143424173584
1.2003117112389274 0.2590940600054466 1.1679894885722715
1.218570247923557 0.22762027990664419 1.1724873109501261
1.2195203782304365 0.23681797710924976 1.1672113687728474
1.1932103213765917 0.23754002043699188 1.1640660841134833
1.1687552580625502 0.2705771654519664 1.16385822592623
1.1716487684212669 0.24957299264552835 1.162111322080854
1.1835189695943993 0.27082559830876907 1.1685323555760105
1.2063331934643187 0.2302031374238413 1.1661223480725613
1.2108947559971028 0.2471903984670893 1.1669231761385517
1.1998947444188166 0.2602241339501213 1.1693171976548196
1.1767805688144886 0.2500590820549252 1.17570198732894
1.1882083789269133 0.25696550482205244 1.1743274599220073
1.1923493826360367 0.25606253091188863 1.1648443848752768
1.181699839855167 0.268926925837046 1.1725636982154317
1.211228514882285 0.22312081475168494 1.1709710454127662
1.206909714134595 0.2275683276712193 1.1732311945066105
1.168834212816878 0.2629194040963682 1.1624900792982222
1.2121502090596024 0.2457058052486171 1.1721796903603683
1.1697304833330124 0.2586659612100349 1.1622874207411127
1.1923412147212864 0.2608725984302844 1.1666611015696149
1.1831156292903047 0.2563564449573478 1.1635866791763303
1.1663590695006554 0.26453531113639567 1.1626323925954265
1.1776293494240504 0.23826393114656502 1.1647252647145176
1.1846544371343304 0.2604269811031168 1.1651773669491172
1.220110355015094 0.23231640933443526 1.1701760945154738
1.1821784846262096 0.2676235459474235 1.1675666012333255
1.1739346965975777 0.22792297061995928 1.1709361723398901
1.1776283567081554 0.23275028620334096 1.1665428779694722
1.1826646062932833 0.25815434278951693 1.164495969933458
1.1833513926620052 0.24338404102708724 1.163991581267172
1.2056509480869277 0.22599746576420324 1.1714763679078684
1.1881745000073685 0.22667087765843655 1.1720396623282676
1.1938369632350234 0.25618424284235364 1.1728935183596727
1.1765016032754299 0.24631398350383382 1.1753548949289885
1.1860548826249233 0.24814993142115394 1.164059708102057
1.1778420474787026 0.2591319986706035 1.164037497963744
1.1883961638280336 0.26283097617975704 1.1677418866500817
1.1971079138640084 0.22870304083280033 1.1679448939234875
1.190644025444999 0.2491329968729619 1.1647486974698014
1.1850622796302381 0.25851925588243146 1.1652074579901537
1.1806985939394965 0.23884244815570443 1.1748362945099624
1.1804791464978492 0.23995962403357346 1.1646959865011686
1.209832835273872 0.24404093983186764 1.1682398791817732
1.1872544299052161 0.2372589086826966 1.1654621524613553
1.1764070277088707 0.25268254392256195 1.163575941554968
1.183318917180748 0.23240567150122082 1.1738866575910374
1.1826010972411396 0.2546339137593407 1.1645323198120086
1.198264069573039 0.23444882625094857 1.173548209759389
1.1787470147645713 0.2687755043387825 1.1717419694270936
1.2114478449558264 0.2410440182357263 1.1686965477730453
1.1798178613423556 0.26916616942106986 1.1691383224466898
1.1879196986545593 0.26222326410903923 1.1682565336330168
1.2084508524265167 0.24213953266355878 1.1718596214287527
1.193254660347845 0.25326130143760583 1.1663221679003777
1.1971103387643771 0.22930908089092109 1.172524630074885
1.1722050680108667 0.2730410816576099 1.17118139587987
1.197349127977977 0.25181667163449123 1.1670847752757123
1.1890987122978376 0.2578181990358857 1.166658191385928
1.186059770960509 0.2543558528957809 1.165295519648151
1.1938513819061258 0.22770170897276282 1.1705361669934873
1.1899210713349107 0.23735384496650874 1.1659502536034916
1.1869249800850787 0.2602050097789079 1.1724656026515468
1.1824406036181867 0.23505325874915522 1.174078712672293
1.2045986830187405 0.2285708312773137 1.1699812177656332
1.2005001537213482 0.2462435927536464 1.1670559127647677
1.1826038685360085 0.23183783569130056 1.1681439339627815
1.1924674730308666 0.2433420912644879 1.1739308047229695
1.1828566097806548 0.22949451186122446 1.1698451048167118
1.197946309904215 0.23542133582115238 1.1730878451888103
1.1824584606825614 0.25262651492467764 1.165136043257735
1.1824244701687494 0.2567237506442289 1.173660031295386
1.1859573057231416 0.23232274027769098 1.1728670023392467
1.1760848206356775 0.2694968537137324 1.1697218841145036
1.195796226999498 0.24835113515607402 1.1670936318940064
1.2080342623411573 0.23578481270035984 1.1705813287138056
1.204072405672095 0.2386180307315161 1.1683848217093096
1.1839160168383778 0.23023869786926004 1.1706174856648581
1.1946696674661546 0.25518138476590496 1.169836957002366
1.181578579840778 0.26470533666824425 1.1703902045112025
1.1766554165889702 0.23674074700912415 1.1738466314592868
1.1847719340256182 0.2405664726217865 1.1662246904380864
1.2012006942971627 0.24231883437512006 1.1682369315447556
1.1678179360638472 0.25343626726129725 1.1643203570078215
1.1805305774451385 0.239905072456536 1.166299534405112
1.1941539836740929 0.24605450458729508 1.1728850922279772
1.1952469746378176 0.2468040163998195 1.1673752824971948
1.1734153180246132 0.23387749650004486 1.1686408074724488
1.202280641475972 0.24531330973540424 1.1705869450312985
1.1757542518396225 0.2551200095771001 1.165164864740942
1.1804490432411725 0.2649355860948075 1.1698334747001047
1.1882919785580404 0.2591516202938492 1.17008884294216
1.1660722098726863 0.2673184631470919 1.1660518596692953
1.1841046162070956 0.2610777532118664 1.1707938129517488
1.190706786086853 0.2560479328885679 1.1705575415017462
1.1900920773471075 0.254924589797857 1.1684470061818786
1.1827422804658687 0.258399960438498 1.17239789850076
1.1755495065897716 0.23462274621656798 1.172599098593711
1.1986448217387005 0.24363990381659076 1.1712672708204823
1.1853731545898365 0.23378133291258824 1.1690849244433381
1.1826540274673836 0.2522892419899664 1.1664177273210972
1.1950646385260941 0.24821760416768948 1.1715944697372267
1.1958880390881044 0.2344057449458376 1.170849744171629
1.1814778853076655 0.2624648772773356 1.1700502743023646
1.1843216290467435 0.25842255836381456 1.1684716752687938
1.1799942692074517 0.2335465534923796 1.1701793886117073
1.196737081849129 0.24263542372463695 1.1686841379103892
1.1972800282072718 0.2427048584726862 1.1712863830206994
1.18838761459698 0.2556307451238584 1.1706257834608342
1.1653654597183554 0.2505257147271853 1.1653328887256456
1.196049634807872 0.2406382088572904 1.1690905908037026
1.1927106158064618 0.23884850212495207 1.171750215766471
1.1798995559062624 0.23619347420789052 1.1691342723931075
1.18449634836353 0.23594298948308592 1.17160746814433
1.169903870961329 0.23959683532716175 1.1679946199609343
1.175840126273029 0.2631546046681311 1.168822906288146
1.1791843505661366 0.24278624724713915 1.167393101842198
1.1799057965679614 0.23802374135260537 1.1724574537374615
1.1867403047819902 0.25372273635687087 1.1696141522798793
1.1924692316354262 0.2455125874248972 1.170708819026022
1.1702009896781733 0.2670546127047449 1.169588718871844
1.1796255284060118 0.2587912294923839 1.171179687154424
1.1918969623233655 0.2441327517051158 1.1698714839638347
1.1736750321180314 0.26396505681544347 1.169233945071539
1.191677745579047 0.24309168473294707 1.170631558885948
1.176640135263753 0.26072163296513406 1.1689730009964667
1.1862071354055086 0.2470085297866159 1.1687536569193933
1.186406664928313 0.24364226136511094 1.1717566015734175
1.1816695869382392 0.24401340805751562 1.1721841843623757
1.1834575770085 0.2511963101482649 1.1697626790879692
1.1766380031652688 0.24413663641295316 1.1724824641435456
1.17522335864821 0.24205796887047829 1.1688290626030586
1.1820184582948818 0.24837282815296285 1.1711649750138333
1.1717946784090167 0.24091479180755032 1.1697657930128855
1.1815031982636712 0.24986388416395414 1.1703528036908226
1.1761120507945235 0.24259101417322831 1.1711393050828738
1.1708552245842037 0.2525474871197553 1.168134118784903
1.1769869588920783 0.247830231589204 1.1710306606606846
1.1767795326303305 0.2519829252698044 1.1699681055457662
1.1733624810349381 0.24475532975046851 1.1707982818474063
