###period[ms]--------------------mass[M_sun]-----------------------error_mass[M_sun]###
4.990575114112099975e+00 1.250000000000000000e+00 5.999999999999999778e-02
4.100982358117000359e+01 1.306000000000000050e+00 4.000000000000000083e-03
3.790444117830459447e+01 1.332999999999999963e+00 2.000000000000000096e-04
2.269937859962389837e+01 1.338100000000000067e+00 6.999999999999999929e-04
7.654134872200299355e+01 1.340000000000000080e+00 8.000000000000000167e-02
2.149723189002699897e+01 1.340600000000000014e+00 5.000000000000000104e-04
2.846158902599830043e+01 1.340999999999999970e+00 7.000000000000000146e-03
3.052929614864000030e+01 1.358000000000000096e+00 1.000000000000000021e-02
4.186177202840799971e+00 1.365499999999999936e+00 2.099999999999999870e-03
5.903000321781300386e+01 1.439799999999999969e+00 2.000000000000000096e-04
4.578181687295150226e+01 1.558999999999999941e+00 5.000000000000000104e-03
2.728500685251000135e+01 1.620000000000000107e+00 2.999999999999999889e-02
1.264759358652270116e+01 1.239999999999999991e+00 1.100000000000000006e-01
3.168184324853400113e+01 1.250999999999999890e+00 2.100000000000000130e-02
7.645872769641999689e+00 1.290000000000000036e+00 1.000000000000000056e-01
3.266186570790500010e+00 1.330000000000000071e+00 1.100000000000000006e-01
1.313818334370400009e+01 1.340000000000000080e+00 1.700000000000000122e-01
4.570136526357000406e+00 1.350000000000000089e+00 7.000000000000000666e-02
3.576581631673099615e+00 1.352999999999999980e+00 1.700000000000000122e-02
2.379878923889700015e+00 1.379999999999999893e+00 1.300000000000000044e-01
1.258627531435000080e+01 1.399999999999999911e+00 2.099999999999999922e-01
2.732588632439999721e+00 1.435899999999999954e+00 2.999999999999999737e-04
5.757451930000000218e+00 1.439999999999999947e+00 7.000000000000000666e-02
5.850095859775600537e+00 1.469999999999999973e+00 7.000000000000000666e-02
2.947108060000000140e+00 1.485999999999999988e+00 1.099999999999999936e-02
4.304775483256499946e+00 1.495999999999999996e+00 2.299999999999999961e-02
2.630380739784800248e+00 1.500000000000000000e+00 2.000000000000000111e-01
5.362100466125999887e+00 1.540000000000000036e+00 1.300000000000000044e-01
3.478770839279399674e+00 1.639999999999999902e+00 1.499999999999999944e-01
1.999360523736700257e+00 1.709999999999999964e+00 2.000000000000000042e-02
5.255749014115400186e+00 1.719999999999999973e+00 1.600000000000000033e-01
3.597928455004700155e+00 1.770000000000000018e+00 3.599999999999999867e-01
3.170139178857700024e+00 1.828000000000000069e+00 2.199999999999999872e-02
3.281785905000000270e+01 1.830999999999999961e+00 1.000000000000000021e-02
3.150807655461099976e+00 1.907999999999999918e+00 1.600000000000000033e-02
3.912265690178060140e+01 2.009999999999999787e+00 4.000000000000000083e-02
2.885736409999999807e+00 2.080000000000000071e+00 7.000000000000000666e-02
2.149912364349200189e+00 1.665999999999999925e+00 1.200000000000000025e-02
4.865453211496099328e+00 1.439999999999999947e+00 1.499999999999999944e-01
1.441000000000000000e+05 1.290999999999999925e+00 1.099999999999999936e-02
3.939000000000000000e+05 1.270000000000000018e+00 1.000000000000000021e-02
9.263000000000000000e+05 1.580000000000000071e+00 3.400000000000000244e-01
1.066400000000000000e+06 1.379999999999999893e+00 7.000000000000000666e-02
5.268000000000000000e+05 1.020000000000000018e+00 1.700000000000000122e-01
7.100000000000000000e+02 1.209999999999999964e+00 1.199999999999999956e-01
3.607000000000000000e+05 1.409999999999999920e+00 2.399999999999999911e-01
4.800000000000000000e+03 1.570000000000000062e+00 1.600000000000000033e-01
1.350000000000000000e+04 1.570000000000000062e+00 1.100000000000000006e-01
1.396000000000000000e+05 1.570000000000000062e+00 2.500000000000000000e-01
3.730000000000000000e+04 1.739999999999999991e+00 2.999999999999999889e-01
4.139000000000000000e+04 1.909999999999999920e+00 4.500000000000000111e-01
2.832000000000000000e+05 2.120000000000000107e+00 1.600000000000000033e-01
5.900000000000000000e+02 1.689999999999999947e+00 1.300000000000000044e-01
1.855732795727999873e+00 1.219999999999999973e+00 2.600000000000000089e-01
2.650907106064900098e+00 1.300000000000000044e+00 1.000000000000000056e-01
2.884226741547299966e+00 1.639999999999999902e+00 2.700000000000000178e-01
1.687987470221099962e+00 1.709999999999999964e+00 1.600000000000000033e-01
7.620000000000000107e+00 1.739999999999999991e+00 1.799999999999999933e-01
2.609619723446099826e+00 2.279999999999999805e+00 1.000000000000000056e-01
1.787501766969259887e+00 1.669999999999999929e+00 7.000000000000000666e-02
1.840000000000000080e+00 1.739999999999999991e+00 2.000000000000000111e-01
1.659999999999999920e+00 2.129999999999999893e+00 4.000000000000000083e-02
1.967682024705699861e+00 2.169999999999999929e+00 2.099999999999999922e-01
1.607401684806319953e+00 2.180000000000000160e+00 8.999999999999999667e-02
1.409999999999999920e+00 2.350000000000000089e+00 1.700000000000000122e-01
1.610000000000000098e+00 1.570000000000000062e+00 2.999999999999999889e-01
1.909999999999999920e+00 1.610000000000000098e+00 3.699999999999999956e-01

###Luminosity[mJy*kpc^2]-----mass[M_sun]-----------------error_Luminosity[mJy*kpc^2]------error_mass[M_sun]###
4.039135748706813578e-01 1.306000000000000050e+00 1.634694814096840365e-01 4.000000000000000083e-03
6.679716666233344924e+00 1.332999999999999963e+00 2.835337040280740517e+00 2.000000000000000096e-04
1.081457004059179283e+01 1.338100000000000067e+00 4.134313271453676109e+00 6.999999999999999929e-04
7.062056687209120582e+02 1.340600000000000014e+00 2.706026495039745896e+02 5.000000000000000104e-04
7.574791265690574704e+00 1.340999999999999970e+00 2.945894203817404300e+00 7.000000000000000146e-03
2.023200820985528026e+02 1.439799999999999969e+00 9.309147734381149064e+01 2.000000000000000096e-04
1.173235374789926011e+00 1.558999999999999941e+00 4.672225753979849516e-01 5.000000000000000104e-03
1.343219542027412672e+01 1.620000000000000107e+00 5.206349640994440087e+00 2.999999999999999889e-02
3.982852952420639667e+02 1.322000000000000064e+00 1.916609069503228966e+02 1.099999999999999936e-02
5.524431518087896897e+00 1.239999999999999991e+00 2.128324202913767227e+00 1.100000000000000006e-01
9.373012111598248097e+00 1.290000000000000036e+00 3.678426924348645155e+00 1.000000000000000056e-01
4.418059414989222233e+01 1.330000000000000071e+00 1.718977081449367361e+01 1.100000000000000006e-01
1.673977175559073771e+02 1.340000000000000080e+00 7.627042656017897571e+01 1.700000000000000122e-01
1.433540718734618338e+02 1.350000000000000089e+00 5.695130882145451068e+01 7.000000000000000666e-02
5.713989642463924490e+00 1.352999999999999980e+00 2.609004296682118973e+00 1.700000000000000122e-02
3.859355985723550653e+00 1.379999999999999893e+00 1.582462494327126823e+00 1.300000000000000044e-01
4.816919014544058797e+01 1.439999999999999947e+00 1.861015478770277554e+01 7.000000000000000666e-02
9.610102118826604922e+00 1.469999999999999973e+00 3.935431652831053118e+00 7.000000000000000666e-02
3.055104629678967143e+01 1.485999999999999988e+00 1.185373406875475588e+01 1.099999999999999936e-02
2.001941825175971079e+00 1.495999999999999996e+00 7.881851430746108500e-01 2.299999999999999961e-02
9.422605121572172493e+01 1.540000000000000036e+00 3.777996643382474673e+01 1.300000000000000044e-01
2.170983085948192581e+01 1.639999999999999902e+00 8.514689936362699996e+00 1.499999999999999944e-01
2.440388270232074319e+01 1.719999999999999973e+00 1.851836316450692266e+01 1.600000000000000033e-01
4.633278493411846739e+02 1.770000000000000018e+00 1.803758418070919447e+02 3.599999999999999867e-01
5.684495428936678536e+02 1.828000000000000069e+00 2.228192299615654406e+02 2.199999999999999872e-02
8.350459635901903432e-01 1.830999999999999961e+00 3.293779727351023867e-01 1.000000000000000021e-02
7.253720395406144661e+00 1.907999999999999918e+00 2.832661980051249806e+00 1.600000000000000033e-02
3.853348122670717402e+01 2.009999999999999787e+00 1.515135266530611879e+01 4.000000000000000083e-02
1.252355901162014895e+01 2.080000000000000071e+00 8.593527462859359645e+00 7.000000000000000666e-02
2.950698052389153077e+02 1.665999999999999925e+00 1.155875216026179544e+02 1.200000000000000025e-02
1.498533358396870740e+00 1.439999999999999947e+00 5.860078501686951657e-01 1.499999999999999944e-01
2.481804014549923565e+01 1.300000000000000044e+00 9.456630794488251723e+00 1.000000000000000056e-01
1.506727809988717866e+02 1.669999999999999929e+00 7.092985198375254186e+01 7.000000000000000666e-02
7.400497695486593308e+00 2.180000000000000160e+00 2.963747489279787484e+00 8.999999999999999667e-02
3.118451732758316211e+03 1.270000000000000018e+00 1.579785121849377674e+03 1.000000000000000021e-02
1.138918345462543948e+04 1.580000000000000071e+00 4.475380464257708809e+03 3.400000000000000244e-01
