mlo mup beta
1.1042879513459551 2.2915988665039553 2.870416978106859
1.1303161121007703 2.2084126542660933 2.708719966565817
1.1520656528990911 2.0031527288927107 2.710621940289541
1.1280129291607013 2.341504452261529 3.772349669039839
1.1868544346419645 2.8240284051380007 6.668945793706055
1.1765758921448461 2.4548076222814164 3.549920711373961
1.1484625640299595 2.0074361583005507 3.8970107524079936
1.1283755638541473 2.3497880497217487 4.521351927274436
1.1793054967626126 2.8985550174924963 7.888473434392495
1.165130691228973 2.1435379788826205 7.314031198313035
1.145792401615319 2.730051276504269 5.140024459839868
1.1489113303838652 2.7528288290183704 5.982998981623243
1.1580681484170525 2.7415512705633462 6.9160958502036465
1.1431069414366326 2.0574428299435916 2.866660916608466
1.1346862956098793 2.3782401782571556 4.379694569603618
1.1443452779884213 2.4207686062766376 5.931119519626311
1.1306221225010338 2.2536450470751026 4.695552384256651
1.1519877177374402 2.8342987725652167 4.842186940552095
1.1589673008309602 2.1537706901044373 2.558390722762372
1.151936321756557 2.423690241586768 6.55868089787511
1.136041038724812 2.3074389647434135 3.7385381841550878
1.1680343406786782 2.1158848703864948 7.251256548632604
1.17978399598607 2.5377101357217886 7.748921450222429
1.186315064737409 2.1540808256690287 5.941223479949839
1.160859745096368 2.656970642054244 7.064058604869327
1.1396261067030145 2.436135284634943 4.6686797913573805
1.1343917408534556 2.117786674829623 3.37481100295528
1.162491670133196 2.7769529206622137 4.449444510247053
1.1511569340223036 2.8094978485542828 5.231709103865857
1.1396928588867523 2.3403132926130814 3.938064971590144
1.164811788131018 2.004749752735754 5.02330195450309
1.166041229217048 2.024776491543247 5.88268596500863
1.1378458690551894 2.353288639380087 4.311863602483006
1.139295335883937 2.310397725289554 3.830907247440793
1.1739002445507334 2.2272610660719905 7.754889237161898
1.1435479868513898 2.422455499758833 4.248439612022112
1.1564243278751014 2.3528452035058063 6.755869587812853
1.1406979491894988 2.330902924328747 3.8993660930079628
1.1373573661309024 2.3019263583052227 5.009782427121634
1.1453987275705486 2.1897699058120974 5.722453007936268
1.1622199489895721 2.160479932085262 6.899949470244184
1.151075668625694 2.674267937837678 5.754242630807337
1.1828152178512612 2.765582331838382 5.634480505601676
1.1831143360794387 2.745464517757064 5.7908629493571055
1.181800121012445 2.5454343538603745 7.203098985027548
1.1643926099837865 2.412399060390397 3.629884477418475
1.1521904768822218 2.108164584006288 5.801660967551747
1.1461359977748689 2.1809216936754496 3.1473104549160205
1.1432363897796467 2.2538508059633973 3.5168096803777527
1.1586213933379559 2.842268873031138 4.919395474503979
1.1686090600529062 2.1790556848904474 7.329129517365892
1.1743319146650584 2.738630286868866 4.485744424917947
1.1408449780828351 2.095350741847918 3.43436291869979
1.168331292728957 2.644049889175073 7.3986914833878235
1.182182948463009 2.130210180764718 3.7281884897957838
1.178922930393572 2.8292138812777647 7.426934307549876
1.1569670457518397 2.824118549084159 6.209873916318063
1.1698414968942568 2.7468094477770997 7.446987636943884
1.1599119425800146 2.204608348987701 2.9590447785321716
1.1365325995294688 2.1450313492103374 3.841760731972329
1.1839680062685418 2.356928327623705 6.518265286324361
1.1846832434202275 2.1490788499869256 4.75639718341853
1.1499515266242328 2.491346535246839 4.517020023957505
1.1408771712402452 2.344494762568268 4.690052483920612
1.1810883502090526 2.042733109946835 4.320097754964152
1.1486983380410578 2.5136973557532407 5.389770017110212
1.1381954159483416 2.128640469559763 3.890291551460024
1.1686985523675544 2.3765364918813052 3.550112304767003
1.163835667457064 2.1371935623611904 6.767223885052367
1.1704961738948336 2.459662806195059 7.520274656023631
1.183172143664809 2.571055106580273 5.714094739337996
1.1525163141538042 2.1505370203263507 5.949746022862868
1.138920299286281 2.135177562994235 3.7235061660600532
1.1499680982853757 2.2322129438316853 3.3339913305183195
1.164300176655582 2.6901012551597017 4.508112771147225
1.144013551238834 2.0784587162838 3.7260382308928417
1.1573965770363586 2.324936106810897 3.561036836930727
1.1605821314272347 2.4825437119731912 6.740333532549993
1.1687070448315646 2.0595109603107407 2.8145887475904114
1.1512535580433418 2.5057327818571946 5.6980730399421855
1.1467384330337438 2.435491709017967 4.939617795838586
1.1770114675993284 2.1172192869761837 7.028322476629402
1.1609547378322134 2.283087804112203 6.818273280622481
1.1593973431164661 2.5320547382937892 4.328969011498936
1.1726255894114075 2.7743936978377675 4.666868092138435
1.150869448496215 2.445247057982084 4.456714276060499
1.1557740684318936 2.0368099964282163 3.898181650276186
1.1816441005875964 2.195337811366352 3.9187495303875703
1.171867932557607 2.3677659208808106 3.646855392743632
1.1479077083096563 2.401967265979955 4.51853565360042
1.167111868447868 2.0571283788482226 6.130831067361129
1.1610728936104657 2.1727542308751615 6.557762457978306
1.1784544427720978 2.1421966891519975 7.023970874152582
1.1602226459826677 2.8935212551706493 6.082220400814068
1.160856701299595 2.720660592181562 4.8896064738167695
1.1782592986038831 2.757923637798833 5.021914659182572
1.162978389221715 2.1702967419955246 6.673052786101383
1.1599362294262543 2.7882099266438702 6.1673091506506275
1.1453496721201368 2.3492506447159585 4.955043292472888
1.173759156792739 2.0944154023249357 2.9730925812528906
1.1508427444434295 2.1701234006396963 3.3106133946779366
1.1458290754870277 2.131015781662716 3.5537047225785283
1.1770778653847034 2.6200911685512325 4.668228548424022
1.1786574994185421 2.040715850696116 5.559835115685464
1.1748769217999109 2.6642034227769695 4.628466560707631
1.1446790440739574 2.10967449928508 4.139736480070498
1.1554079470684702 2.4018137490453935 6.137743796198071
1.1447011815055665 2.2303433711456955 3.868979869828303
1.1431054662295175 2.1350926677019446 4.3533422445579415
1.1783607923396415 2.299520306343757 3.806333747001995
1.1638203777922445 2.07254773369018 3.003986651569031
1.1610088502161293 2.8927436026876254 6.015409010322008
1.1813630137218454 2.536695999449594 5.209475758244688
1.1723153704729665 2.672898488666683 7.2497047525859735
1.1787041679018957 2.7752272230575685 7.041616105992716
1.1711443186301944 2.776219017459931 7.159060956943861
1.1528382532342818 2.437566260091556 5.732042612594286
1.1583645096086859 2.172276646555224 3.1720543458762176
1.1804970392144194 2.2438463456448594 3.930840667317945
1.1441853727590234 2.1624468043020255 3.8155516854097584
1.1802925839218155 2.318310150695326 7.112791962272366
1.180651988488489 2.7537979874602683 6.581089450748568
1.1493862983167382 2.101883230396822 4.831696751612899
1.1431774674274777 2.245625819840474 4.476575931298251
1.1649653775895357 2.41503623447126 6.911828644311747
1.1701333511489482 2.653740578775243 7.1222204396989675
1.160754816072249 2.0325256724645464 4.178201142812906
1.1486956171836211 2.2808853453748927 3.9347363620766718
1.1738686717738598 2.157962255999478 7.100345024083033
1.1589807736401938 2.7126128497355415 5.375978080696678
1.142895026687324 2.2041697572090606 4.455964326085375
1.1643486174563222 2.3000642569183727 6.893381240615943
1.1618292794625624 2.067659775408276 3.1627056498383297
1.1605293115286504 2.1895440813268165 6.431727631190654
1.1587516991635085 2.5661891419536165 4.751836746274794
1.1666770659728851 2.1519080674225814 6.753735471802445
1.150540383500377 2.3396445594524042 4.177253137837649
1.1698394894849347 2.850020843752877 4.938965122063502
1.1598782896926574 2.6147344150822853 4.8574332554308715
1.1524523107203164 2.4042224590593975 5.647897649372373
1.1492047016986668 2.3442392889861767 4.334883803712113
1.1696550525965144 2.2710405777956764 7.206593074926511
1.1641328512377473 2.5711698865212536 6.67560124190916
1.167349376729073 2.694815936688496 4.721707362672349
1.1758232499385617 2.436603670269048 7.327861567438088
1.1668669381604102 2.5050064989076004 4.239967410890113
1.1584769167753457 2.5328242879574057 4.671853624387168
1.1618396439716394 2.607438633573644 6.37882956888658
1.1680336673328626 2.7623609242126745 6.8721261632486215
1.1806746784487336 2.54979461071387 6.762356157146904
1.1487837102643172 2.1260400007224702 4.920105081684694
1.1572436326021052 2.4959955792910815 6.0132716101863295
1.1805245933450537 2.770635127809643 5.899796379309953
1.183220616571302 2.2929484486963725 5.095186546959386
1.1478674412218135 2.1397265415454614 3.658618486291058
1.159142652990876 2.4793622568888027 6.259058048953895
1.1612073445784818 2.255031037695538 3.440725979249425
1.1698356852439014 2.752217029392308 6.992863124418941
1.1762321543888574 2.7654214627351528 7.09005473473872
1.1755962100049795 2.557918391444958 4.523619053349952
1.1640174536228707 2.8927139536219433 5.353434312761774
1.17788918214886 2.407220919530847 4.245571807509226
1.1812033936768334 2.6097543243735175 5.694919791729184
1.1536582773013648 2.4488407353409842 4.716034875316193
1.1595714547381166 2.5632401781711076 4.7546565997426065
1.1606235941193 2.6155089240141645 4.874670381004073
1.1616267612238373 2.6527517806513963 4.955586530133084
1.1561964472405637 2.145856128707136 5.80124761542859
1.148688828859566 2.2580782101373 3.9549395649953105
1.1506425068767834 2.3889260878569747 5.238043975226546
1.176179492226897 2.569463995176032 7.178407452699801
1.1472586376200653 2.11739318762736 4.275768325254505
1.155570592149741 2.317462869195349 3.8839254038792053
1.150453199729429 2.182739197556598 5.411017514495935
1.1627969185243743 2.7204880582832267 5.076231563648628
1.1746318144386203 2.6365101153444046 7.169319530063625
1.1599648429569773 2.0594116781483054 5.215940014921472
1.1631326523760095 2.4498143523228184 6.637175944252153
1.1523526247772404 2.4355103613582085 5.270925092339457
1.1830405758859008 2.3528079824113486 5.989960150687363
1.1709141855193281 2.6830534413154927 4.711291532693464
1.1745483915319983 2.871990649044203 5.125098368179302
1.1605091540306518 2.28606081436319 6.498619413510996
1.159370551087296 2.45439325189066 6.249246213261204
1.162624105313209 2.687128531376147 5.029800954645852
1.1501153003171356 2.378506846993682 4.9778745817069066
1.155355927050543 2.4423597835854207 5.769184544321339
1.1486379142984924 2.211560084035584 5.226312851302751
1.1775550768614327 2.6832185506172364 6.984079726844726
1.154820842743752 2.082011059902857 4.94183883262402
1.1664265044922635 2.7094834804078216 6.661040056265206
1.1579240206175525 2.584849479448557 5.551331900448885
1.1763472782585351 2.349934923957284 7.260367352087428
1.1528620952242365 2.1011712700668106 4.979085339548229
1.1785846700392486 2.614463927184194 5.039597595611898
1.170644500722618 2.3644324256829106 3.816860566794846
1.1472997905054807 2.275214986475365 4.3748620808300185
1.165717774827407 2.738053210573611 5.001593215525032
1.1658865375434533 2.2144191662902064 3.2865807998601486
1.1595275978595234 2.2989658432011075 3.7247364000635645
1.16947620925745 2.8808757138545307 5.136069538120365
1.1699893912992354 2.1881129372422703 3.20209687291287
1.168545014299241 2.5178982016480207 4.3517254150934015
1.1562981005266548 2.3926951451845193 4.317239764823938
1.1710301193186816 2.4962380598962315 7.094086338026154
1.1668773940609978 2.449567391731074 4.158754727531907
1.1747283820195182 2.0433230626941388 3.645692505785334
1.1697266761832341 2.039513726332417 5.485471820347531
1.1740515911786242 2.667994151492338 4.810332448796327
1.1651334699335125 2.8223923671157243 6.314198148211936
1.1645236798687357 2.6180634276053247 6.4689298549741885
1.1730972587378348 2.7093224596016174 4.881454412237062
1.14635224728453 2.1980225851368265 4.348893824885698
1.1621871376342026 2.599979893367114 6.194413506408944
1.1757360544928077 2.7396489548643985 6.957846426315182
1.1582607601438641 2.341410940632516 4.007904752394094
1.1679201334326943 2.4095174220546935 6.9450225217737085
1.1503865938433062 2.3159966574791846 5.241565923841264
1.1725248057762918 2.1776716566582293 3.269514502454472
1.1526792185984505 2.3837662813054514 4.704088333994607
1.1589103111268766 2.5705742250011223 5.585446841655873
1.1615193814550382 2.6420127216722316 5.9272412619510675
1.1810922237005645 2.090859302041098 4.7106504027018445
1.1702767472500533 2.7488091496450715 6.8154943958800125
1.1748236412962265 2.0873264455619993 6.365228745174999
1.1637344885829113 2.6080246316091023 4.88049969693609
1.172605759693015 2.733083544551744 6.91274692538928
1.1803483528784624 2.595552263382941 5.658631101993031
1.1747324692275876 2.0556814790422377 5.863651412203822
1.1802583168206837 2.092378983764702 5.735995197387661
1.1624105548363144 2.084157800069105 3.3286518209567415
1.167965995616391 2.3849154978548204 3.9713869339357792
1.1804554369698699 2.17329161616192 4.057094798435266
1.171764758352186 2.34139962583211 7.135966448648897
1.1697972757422075 2.7413189444272463 6.762619180767542
1.1743657112227566 2.895165882570085 5.318296616489025
1.1712800054770658 2.5932261284817626 4.6444908002434175
1.157291291579572 2.231842592233325 3.632614311873631
1.160924516711037 2.621584801106038 5.3076441346802135
1.1762882982826253 2.7773450390088765 6.808520213000261
1.1577755003724945 2.221098389070642 3.586681433433318
1.181645856700566 2.333718636415314 6.418369705737517
1.151936307743639 2.1195204217216097 4.81995328847694
1.1658795257305377 2.3413484527300557 6.788381958241722
1.1800186331643996 2.4564631123707144 6.668299403090048
1.1825078906308235 2.3267131372608465 5.290394165772593
1.1724272863168739 2.122601760911945 6.631055384943529
1.1513234456909684 2.340415497123375 4.716581573700523
1.1815942641030595 2.1344740078771443 4.580507310004675
1.1513537047709814 2.312363395489082 4.407466024341595
1.1781974163913735 2.8573402447779306 5.886578203744222
1.1817876159717127 2.426435813876691 5.8868003618192954
1.1780749160866724 2.8327437463048977 6.45255704938058
1.1809145863484667 2.158966306111432 6.235304122487358
1.1731557719997119 2.4647249080000924 4.323280574237174
1.1759933812534227 2.390737430016749 7.106734416661714
1.173863914664957 2.4337105917409403 4.245251602735804
1.1759850441797515 2.556365150296088 6.968011813469882
1.169226217206007 2.779135501700834 5.140151394907903
1.1791854672098105 2.711075860898644 6.24775486739758
1.165603630265378 2.394089972794134 4.083898974431143
1.1485249961818522 2.17427770837133 4.415484376872179
1.1635161003744514 2.2293925725028707 6.497664655123877
1.1641376241023915 2.685842070019624 5.248557529136704
1.1546322083407323 2.3393841161629987 5.618397234600156
1.1697347496006734 2.740003338363066 6.6794705150547315
1.1647891070032041 2.2743169676012336 6.641182864422847
1.1726320449517877 2.1051483571285567 6.4575640902032685
1.1486011547312642 2.1910216146899106 4.558611401266056
1.1520839996372936 2.341162389961264 5.057026166995376
1.1642553735698737 2.329927160087951 6.60009036850122
1.1799054376806515 2.223663279407269 6.6868492977561935
1.1506413132285167 2.302134204182625 4.613926766835673
1.1624860872283045 2.660703264035863 5.645021299170592
1.1764576699649174 2.812884724304904 5.472500449597595
1.1638446167476988 2.3820884373999665 4.10906640187385
1.1712987252909317 2.285447375075888 7.045093794577049
1.177000906337884 2.291116639380646 7.0546796179562925
1.1691785174731917 2.0517682057533695 5.544689489686403
1.1755459682194935 2.1920055680697486 6.935718463646346
1.175436200494663 2.807338469447556 5.349690862371094
1.1521129758388697 2.1193714909341317 4.6211777866376575
1.1645943752505912 2.042782814457279 4.643979823823532
1.1571760498080952 2.2831703129071874 3.9170612320863167
1.1757513998631517 2.052088654781151 5.550115545596421
1.1609393155124872 2.295449126230717 3.831557141923337
1.179633791492327 2.2378663385312363 4.109726391985687
1.1674452668495432 2.8070200983468725 5.3550184128684695
1.1792783639044797 2.2112829680206754 3.9907692171435283
1.166106984611948 2.850303241964762 5.891578573530051
1.1650091386974433 2.6337644051336606 5.037461751387186
1.164979562959768 2.2477319947394125 6.595103886928111
1.1785809085380703 2.6684474865635286 5.543913190403806
1.1529789603371827 2.297227076245817 5.3834224763378415
1.1675278991909157 2.048617685790248 5.274574090230432
1.1693517042648296 2.511139782309103 6.806369804251881
1.1770892002388986 2.7956625472546985 6.517230042062446
1.1782271352307214 2.7780836449130657 6.16287212815522
1.158735124528284 2.2542998985012197 3.7735174160961797
1.1823804722169728 2.2862944463934083 5.965155682934139
1.175353309060505 2.6664938097922097 6.808497397642345
1.1680020080898892 2.4127288018873783 6.794616922438697
1.18155528904391 2.29058693792376 6.26758803890559
1.1728454360421938 2.1606891874638467 3.360040122158134
1.171105821644171 2.682359209865057 4.98360989307352
1.1680689415306151 2.882764880219952 6.214242340679927
1.1740534674047238 2.1177651846528525 6.523819075610696
1.1597573017718494 2.529798335326471 5.279683065347935
1.158218228121585 2.077891892140605 4.7325326618713
1.160002476061395 2.290141351394695 6.182469384038189
1.1671833885780791 2.7903712159490546 6.235742525801445
1.1712948727290438 2.5263942241535338 4.561141551459043
1.1729952247508724 2.3940012444145475 7.033500660100387
1.1811521628396966 2.3852247527279546 6.27572407587704
1.1723437048493885 2.743272040125938 6.699514649382662
1.1705736192732128 2.753193810449856 5.164609264102433
1.155941220079816 2.288831012190926 5.732456131732405
1.1663770352407146 2.8136715807803787 5.762750075571809
1.1604755324893012 2.535614252371559 5.617792183704058
1.1801281944619229 2.280827995275369 6.633714450773757
1.1747762127788177 2.3343624367291302 3.9972136096429125
1.1745947350163486 2.7791249304669585 6.674411329900376
1.1607976850915775 2.368292774786968 4.228803655653069
1.1499412698227691 2.231541611546442 4.663189550634716
1.1716658190894687 2.0346868820265693 4.584400134792913
1.170634405704739 2.851290687489371 5.403377220982495
1.165133067417806 2.4786296356580717 6.447054642353628
1.1749232538380117 2.4608285261213365 6.970720994846037
1.1504294242370097 2.167678304380029 4.484309590238629
1.1803209558798384 2.406172783843246 6.4748193940143715
1.1773866204730818 2.59064335735581 6.699714203792958
1.1663478171082158 2.5806221207986306 4.851865784036411
1.1687171128404885 2.795141618534047 6.373367637280715
1.1753862581586778 2.5327572434766568 4.7464063722215055
1.167430355198098 2.2799531128948836 3.6834878262013078
1.175821154193148 2.89676454947754 6.42164908002683
1.1542312252849505 2.104725268228071 4.207664635400308
1.1560039014512058 2.3757008089348592 5.47436182076733
1.1659551948434428 2.760062322601053 5.959384331746989
1.1697357191561046 2.8832488444698066 6.342968573299432
1.1803838421375406 2.333101986516013 6.5424945883220165
1.1562765962161774 2.0960762923006135 4.717726960256254
1.166446630913741 2.586974641304444 6.393721570799562
1.1730749536269665 2.7061726642705373 5.127394656563197
1.167568113249498 2.4773937665444024 6.633636559961827
1.1553594309177537 2.3469948623475907 4.553886325168946
1.1744141660998246 2.862367734679511 5.55443414825138
1.1662046530040442 2.0668759209996845 5.458250037287403
1.1695272657945648 2.3544488046828436 6.862772480013552
1.1719746580743406 2.8120629374542445 6.529554959031966
1.1747722801682081 2.376669001184452 7.000907250360209
1.1778868294699587 2.6842053843468885 5.617053657249125
1.1759988949124587 2.890820955440695 5.946199628285655
1.174122911969627 2.5708425139623556 4.82459007835034
1.172562905441083 2.841373295122461 6.509393973994735
1.176632072989832 2.052559059474107 5.102918562960477
1.1555443665269847 2.3796574984369965 5.0509883661273385
1.168710933133121 2.7506282904957553 5.319829840750803
1.15905569730803 2.085157470871113 3.875428797095754
1.1777555859450386 2.229716346734625 3.9291899987450325
1.1672006432960602 2.791119583263457 5.868466211357571
1.1671362565134327 2.1912328232088907 6.5364294753470205
1.1682141685133614 2.6390150480618684 6.432797845803037
1.1659131878123379 2.4585093147120216 6.486234367522318
1.1719803348903062 2.7603395822613255 6.548539608194707
1.1793198710809842 2.5528413942707386 6.207592933293018
1.1595010359765996 2.4385052985148947 4.821283581513448
1.1675290472875257 2.5278215111688995 6.515899347026865
1.177724507988811 2.2809376084926853 6.865219958603614
1.153363191736501 2.1283031180040277 4.396035859147666
1.1683097448116562 2.7626761765202206 5.461148986025277
1.1571023019426283 2.40496481781022 4.988057648961837
1.1817116573051893 2.169543065838973 5.217867315640891
1.1649673167478172 2.056040934934689 3.9302668610449434
1.167714587160884 2.792411209128375 5.8676611914005505
1.1793869794374614 2.464023662378109 6.458357089672578
1.1771989491261876 2.7633170380320564 6.013885277768663
1.1814274388071837 2.2863913819529462 6.092004724690076
1.1730425813459504 2.734587247914307 5.275944245137817
1.1817038905730444 2.2764324793109014 5.962042695224941
1.1743314502885673 2.7519245187978365 6.565208904468156
1.160364492939277 2.101390527805639 3.64782519572017
1.1514188919052581 2.2323800757133667 4.574300867318639
1.1736899264491507 2.854538874420783 6.413237903811336
1.1706307476504787 2.2621653961304578 6.863152322305796
1.1706071022782005 2.807094853396157 6.36725102185852
1.1754303664066812 2.725932466132872 6.53659369192966
1.1581490404049724 2.269344397868159 5.841107126036732
1.1677224270764135 2.0692375094346986 3.5823104238464545
1.1593578010492367 2.4400597854302477 4.921028967961089
1.1752609890781585 2.830792463786513 5.724634495935197
1.1712052252365672 2.8733278014448023 6.262517466053973
1.1584079295086986 2.3036661929352116 5.843513864513405
1.1723852471278384 2.3584538828024844 4.081803287948533
1.1783810223486086 2.626140823628605 5.723254848686977
1.1708372264057825 2.866598240161607 5.674565379449676
1.1537667169881605 2.250435646268643 5.233679651891352
1.1752331156632194 2.051949129324735 4.196558698208527
1.171923804192722 2.4157451452644496 4.296351205745399
1.1798153058896559 2.3606880552213134 6.516379124386123
1.1604865997923248 2.149258744917424 3.583708662000449
1.1742774146053487 2.88745920151732 5.810591758300285
1.1702875246292677 2.5785146801373826 6.610838092623686
1.1661682274920928 2.4621216642174066 6.435168025252921
1.1803568103872049 2.1927061500316354 4.3926745893632955
1.179825009319811 2.125776172300249 4.339998305932681
1.1815594910196938 2.1787153350121042 5.239590579242309
1.1584356805862317 2.3787829274082073 4.628196660569804
1.1711686246218656 2.687901045637502 6.5099177618477775
1.1591232334539407 2.3309001174693638 4.276264157566587
1.172584370759408 2.8696198644443225 6.260368459374902
1.1570362567496313 2.333290918382663 4.46383050645365
1.1741886281765077 2.060856228139785 3.852652666360715
1.1558133272053464 2.351391531968406 5.1867293460717505
1.165027687962237 2.0975100746106445 3.5052312586749697
1.1581140567015273 2.1649540740093833 3.747435839594875
1.1603051247249037 2.435105537578259 4.832902289735971
1.1627243658513229 2.1107816860432904 5.597478591537191
1.154102430913308 2.282051182944068 5.173699768827108
1.1676350218972313 2.325729550509735 3.9656354053192313
1.1674315582471588 2.336153994798521 6.640464965037914
1.1695531281678022 2.76412480098563 6.1935553547463424
1.1804699807314138 2.1996139786316347 6.196169162432291
1.174484604031867 2.740904006853375 5.466059359548737
1.1746786464732237 2.4644935981719986 6.819272446768503
1.1634429443411944 2.143077479492771 5.932224430873399
1.172689335212206 2.406685229788738 6.856829498542927
1.1811996065991044 2.210857373287062 4.79171369973994
1.1547596402073832 2.130969614588029 4.180341481560186
1.1729072485874446 2.2476687515364713 3.7205976473283364
1.1597153144169892 2.426484265851835 5.619666377332079
1.1728933559464134 2.7696186944309833 6.397157176836663
1.1708439549693161 2.287094697966956 6.838395416853347
1.1595164808330891 2.4283137793428793 4.946713128803676
1.1817983229126467 2.24192228537406 5.431395548298195
1.1618497798686411 2.470140509436442 5.782283123014997
1.1781146265500255 2.214218641479178 6.630360453235841
1.1692327457892948 2.6174903080936307 5.055399773068613
1.1737019430454736 2.1054515352454675 6.218160766596924
1.171319339326164 2.6656230513802335 6.4905212902973215
1.1730059634693095 2.503251322787891 4.678236707224695
1.177650123203795 2.1004727420380984 5.916212071791255
1.159057417795053 2.4286763015512998 5.246960634514622
1.1775729497293834 2.642279515082153 5.702596600088906
1.180728720148128 2.3306388276178316 5.013834446421706
1.1780513171097422 2.445250758186049 4.893778838942945
1.1767983008385487 2.539948264623115 6.580029982515358
1.1546595868918546 2.209826231806214 4.12621632164433
1.1643773849887364 2.499223432678404 6.081489291126594
1.173050083295945 2.13298651480036 3.4952780030316983
1.1789292145552364 2.4300791537601265 6.485187369545306
1.152718815117817 2.2111665184421083 4.635178514521655
1.1754160562154135 2.6565606798957457 6.480218993193493
1.1739038289782402 2.845321519144486 5.992402750005269
1.1662170846387174 2.151633878094932 3.4763096890517673
1.1566194054653856 2.194333527848932 5.414518496561454
1.1718285795052144 2.6436068245845155 5.1462220641446486
1.1758394354107016 2.7497384348611975 6.131262085851372
1.1669182235903013 2.132734694369967 3.4551569051001056
1.1724380431302026 2.784014463956755 5.624081065631918
1.1729097435562288 2.481053774609181 6.744215348344143
1.171972679026749 2.46589510110753 6.731980868308513
1.162352867988472 2.442488661655818 5.9035812224162125
1.1752065005335341 2.1979020251691024 6.713281409390078
1.1588589453711122 2.3671852835459823 5.606296159182902
1.1569916658644506 2.3239017696942494 4.543176851906184
1.1693722837527063 2.7482559231261643 5.676344508125247
1.1715775231045 2.823097002966513 5.9676525358334835
1.1657929759050143 2.619836590924381 5.79336840787907
1.1708873754961773 2.1085126483818106 3.4898213803139218
1.1670020127208274 2.2969893896220954 3.901038928250289
1.1689670366227527 2.7432988704911287 5.848018251248858
1.1644446801666752 2.5649997071839437 5.40763499915564
1.1790164461156378 2.507733091321331 6.117690346602057
1.178642196484807 2.5448812815456012 6.069297271985372
1.1774767715498404 2.4289512535558324 6.6434104917149615
1.1660661859989752 2.553277626288339 5.063193493299311
1.1573016433365653 2.3223301078361653 5.4667890299656925
1.1719828467768545 2.7631388182541987 5.622699340071236
1.1678796746689541 2.571113034860878 5.040050199177028
1.1672039767025637 2.6640142302788767 5.623612146131819
1.1642373102233008 2.4037581198148774 6.199047870965824
1.1708283271086137 2.28260065995281 6.775208430256706
1.1768038158301906 2.0710848263236747 5.282142440746373
1.1676479513444866 2.5226416697339387 6.3355978944480675
1.1651044211343349 2.118588152104664 5.806345672329773
1.174386218252456 2.6977691782852737 5.478445098046592
1.160046207098161 2.3646453419245987 5.767275802931595
1.1671998237907701 2.1265107957225773 6.0535817143528785
1.1548516783860436 2.28415161060384 4.692404478644184
1.1619044408001264 2.2947061163097446 4.085078830465523
1.17288552422449 2.5741562108979203 5.006114287238917
1.1570541372582102 2.318156398808513 5.371679895087064
1.164233956390095 2.417445929521894 4.570120265709669
1.1577588823051181 2.188090287390758 5.437459666745761
1.1661340626932182 2.430301483096346 4.534682009254496
1.1649901119482928 2.3151996958008447 4.065368102826774
1.1681550784094519 2.680031606717648 5.779216509396415
1.1728194681505544 2.1810019708577038 3.60646844157149
1.1792796736083324 2.405153859342962 5.097739119559785
1.166719428341003 2.0627030134902844 3.977714833572122
1.1766312625544721 2.0879536664336658 4.061719703429892
1.156857708205584 2.331739867897454 5.182889150765883
1.1766940172851983 2.6489665887848317 6.063870518031958
1.1616270580125847 2.104831316852671 3.8164856760338743
1.1750248713193177 2.056052751165738 4.548083886557176
1.169862082190045 2.7236908585542485 5.6533316064909265
1.1737646543962366 2.5868173631070706 5.100856690965278
1.1687733156993347 2.6226884255357445 6.197978848262849
1.1739692766141008 2.68812354693811 6.332820814647537
1.1741831240853977 2.2790738255964578 6.8260496254498
1.1698896259151295 2.09154844120011 3.5759184026275257
1.1732563254293464 2.5963687229878962 5.125483231074263
1.1703610158119067 2.7075304727475937 6.1152227300687105
1.172395470614305 2.2800886116847643 3.8940189842462996
1.1691735917592663 2.551322976927218 6.376238132945902
1.1693209416860768 2.70982043075041 5.862847447202476
1.1760904524851803 2.471151770640801 6.619094577435515
1.1638925216748106 2.3892708259197093 4.477174306666514
1.1634384302091711 2.083740496565282 5.068212680731554
1.1547607434367455 2.1762632075306296 4.77591316305654
1.1650917653064001 2.5413791124783667 5.841035786447179
1.171231244901477 2.534411330158754 6.526765607645558
1.1589587825865155 2.352055593047475 5.5236539859350895
1.1762336730669516 2.6611985508393046 5.917989675686645
1.1556578933670705 2.293373134083351 5.016466715846931
1.1687865557979351 2.676844992494253 5.60267860837674
1.1766000459319734 2.4989094832240117 6.511728906250548
1.1676454389611663 2.0714226813856738 3.8438992864255894
1.176141291303328 2.1122313901596685 3.8730565574111324
1.165029486797171 2.4779731802937954 6.043999993983222
1.1550376695376716 2.2496157422473377 5.0031644974029135
1.1554920546532816 2.277694538707753 4.643380560594393
1.1807106945018147 2.3019950992190545 6.034068564619027
1.1604883356020503 2.10678037180052 5.037414567626152
1.177525161082333 2.4969842578352677 6.394934383669646
1.177680328851169 2.256532692029148 6.627603850792074
1.1686076141510011 2.125708922023044 6.093247349320428
1.1618999270657848 2.43869971133811 5.029172322315439
1.1715229949942123 2.1200120360068806 6.184309826875216
1.176096990667376 2.323376819395235 4.284821683377789
1.16817642061042 2.6484106623566515 5.825394384805053
1.1775583103287783 2.2511077305573117 4.172361802043747
1.1671094295759512 2.5859383759141084 5.300265412799799
1.1767351629869796 2.2452766332759095 6.662427115900375
1.1593766962250807 2.3809331752388028 4.979110849278454
1.1731438930311051 2.402664139324025 6.723741952521435
1.1619787694846009 2.1757023162840836 3.768042037725941
1.1685413968641654 2.6425896660476664 5.970220119776027
1.1649062625099322 2.5241280768888092 5.270169884345465
1.1550604779835978 2.190623370271576 4.814528562592134
1.1768245620248958 2.609961062026854 6.004971508319798
1.1810205465280075 2.260656595928876 5.2230200556755495
1.1800920269815274 2.348969864519378 6.060934673062082
1.1674421702261926 2.614584813783739 5.785296529235525
1.16112929616318 2.397362609248437 5.637838416564827
1.1721278236706798 2.521241894248145 4.883405134617744
1.1568506948672483 2.2395508440483325 5.308517362265972
1.1585972414849242 2.1824501298548036 5.4072526628683715
1.1567244683876774 2.1681015455756065 4.161169458536426
1.1561735979630694 2.2227987048341378 5.165673686125471
1.1688047063641585 2.109580659906249 5.913733552348431
1.1594338727200473 2.2854798837410373 4.275451781649112
1.174489310173247 2.690671176290491 5.784948366486459
1.1703744075312872 2.6504401326429345 6.120122109730193
1.176685706272104 2.46613200287862 4.988054022990795
1.1632393162809953 2.2882641459379083 6.105684312779742
1.1756544014537984 2.0927424541118045 5.774026476854372
1.1708576091204632 2.546070641466347 6.4078699474743015
1.1767897530115319 2.5831562100260106 5.639482579582131
1.168254377848569 2.357534822499751 6.50104000617231
1.1588379044807011 2.264236789694477 5.581939084661771
1.1707213643803192 2.668098315901619 6.06321432974789
1.178200658990055 2.4631492671663002 5.290376786939957
1.164200410340785 2.402346960105336 6.039593855719133
1.1681895724078402 2.623438564293041 5.651912339636883
1.1706281207528209 2.1178510898882172 6.067632085960627
1.1745968292092424 2.650801063132918 6.171557746653971
1.1634165269318881 2.0959788376013346 3.908741395984471
1.174760294471866 2.346329648657362 6.728061921921691
1.1557302245584258 2.2215703444359116 4.966422595168693
1.1612211882710262 2.188387733951128 5.705389143777417
1.1656721787033408 2.067394107673855 4.475848921725769
1.1732676722858448 2.6567725335411927 6.1750470601816865
1.1602022033908121 2.1400612647442734 5.294336831859651
1.1559389573714962 2.2627750078000988 4.776133329022835
1.1584615243900873 2.1235197499456335 4.344027011166766
1.158866967972307 2.3491248733317094 4.9510397708544645
1.1631810182585645 2.127204249295313 5.527925913843893
1.1713033934224766 2.5769717492977393 6.326336191367847
1.170594142195574 2.675549439328826 5.739503414276506
1.158704684799762 2.295769689876358 4.458680469551581
1.1704609569369053 2.668457678585333 5.912439586189439
1.1630746742259175 2.0841901121651008 4.658284773868708
1.1624930348414362 2.305700840505091 4.236811867542855
1.16247582198263 2.444422673268185 5.3074320264964605
1.1603828391480921 2.360612249123206 4.736045726161496
1.1589100710350797 2.302429271179238 4.499305838095337
1.1661845058538571 2.500933137887041 5.97961306419762
1.1661933756352032 2.082273912807427 3.9127041591735683
1.166205650811614 2.39554385083464 6.244070993777335
1.1607718590348493 2.118443739593296 4.009394794012389
1.1684471431012964 2.60823918323028 5.558413030493218
1.1707539597094758 2.469448789425591 4.731259343943314
1.1646537302299955 2.098621571328989 3.8552477222568697
1.1750957330905163 2.4612805189313973 6.540575708337105
1.1728833842929447 2.538925333522361 5.060827411899419
1.1672076697408718 2.338759090022372 4.225372704924645
1.167333030991334 2.257360657545464 6.39292792378734
1.1747344654101533 2.643151849430071 5.773360898831525
1.1771818980786153 2.379085101879364 6.522911823330126
1.1705223610201947 2.593914482966306 5.294004384625749
1.1643637356699823 2.16374865272174 5.863176833155999
1.1750411543625243 2.5538108311200465 6.3241277715646795
1.1701546895523747 2.4836195764205224 6.390737054958851
1.1575138165221646 2.284986411181379 4.664664326700212
1.1578298343416824 2.3054269860104943 4.876242490207957
1.1633923660152459 2.196675190345714 5.9048661156429745
1.1603389085379747 2.143934815034434 3.9859449156883073
1.1706988561387328 2.630349129100998 5.535485042380056
1.1681569114645525 2.5264537891454903 6.081203723659762
1.1731838756598143 2.464020559384036 4.789312616864404
1.157549499935501 2.2164416927987594 4.315973909131245
1.1771208816767764 2.2278631591929954 6.490780079875819
1.1625478409275996 2.377666290632912 5.750215680579133
1.1590344775417185 2.214696497482194 4.164652674119852
1.172216783848638 2.2452116682756267 6.604821663026513
1.1583869863542358 2.283079893525731 4.56007326354357
1.1747436899752548 2.403635514589282 6.590919491246826
1.1599881167719102 2.3213373735919385 5.512988884295485
1.1703353234872858 2.132192289730032 6.089254276400023
1.1706382929237957 2.1402960081419393 3.650808419010124
1.174440729715346 2.6219717516692533 6.0184440679581535
1.165694473072948 2.5024478897289684 5.310427464218666
1.1656939850043768 2.4852392569483595 5.8177183196612265
1.1594788236423184 2.3291138863405463 5.329338518892282
1.1729205253069737 2.3562504103938484 6.632032044061322
1.168156185866601 2.445915181429241 4.7472110910841305
1.1772060100910076 2.4634133580653264 5.217994275718269
1.1747372873954238 2.389874309516178 6.596707302491334
1.1677899065892565 2.4278440691895384 6.2433314380848355
1.1734550961521018 2.4718320031880214 6.475145163503353
1.1672708208433415 2.5480403650570986 5.690206105701266
1.1731685612486726 2.06274868938225 4.815398191317367
1.1638554653533504 2.2851833860999236 6.042858765773294
1.1644329105155506 2.3937067816814146 5.935725586848438
1.1616277132663604 2.2887060160517345 5.780854262534197
1.1655344325641104 2.4956006837592573 5.6127837911257
1.1680357927281246 2.149874130071047 6.045153552542063
1.1602172072874197 2.2201123135598335 4.117617621111757
1.1687651492504019 2.4594860694466143 6.267432879707968
1.17444459621285 2.0705910075925176 4.419239058340924
1.170382524848955 2.3776802361011997 4.411374161853782
1.1768507175652112 2.3342619598260925 6.525065951876945
1.1658382193386112 2.3576278410164564 4.416756450416152
1.1781315224023425 2.4244268129166033 6.146201463942846
1.1724219197135917 2.500154446567943 4.9744785723035925
1.162541208785548 2.1122356011281895 5.064751475180943
1.1791402727916755 2.142521900694027 5.568741054187692
1.1796307983225567 2.226519936996592 4.714603599760638
1.1645014449506588 2.0851983229714293 4.373557944569221
1.1707708493515316 2.143997016757223 3.6862809827762426
1.1764848121644462 2.4196044226236264 6.4228633777134085
1.17323773645139 2.56776575381332 5.325776787461928
1.1802471804587134 2.264001244020971 5.165752415455854
1.1686797920426109 2.49643424748033 5.0027832637103735
1.178445872981145 2.138830009789216 5.766719262730321
1.1626084167994435 2.4111030480198337 5.212434682133491
1.1643447377939058 2.335562442006081 6.023013573812895
1.163165764516484 2.357260485296457 5.8252223858055
1.1730144847231914 2.3975889905979635 6.560348916228943
1.162633565428065 2.370951947949082 5.684942921121706
1.1737513443330794 2.5039074312864598 5.055513850547136
1.1789705146307796 2.246191076829454 6.1982720944076135
1.1715296693920674 2.261619471396739 6.5683494218342755
1.1693241500740577 2.461189574599567 6.266301437756978
1.1713814419141904 2.3229038746692905 6.570637497534756
1.1640308067670269 2.340596605686084 4.468975250642979
1.176142173455805 2.5296986518371565 5.532725418248393
1.1718373615930007 2.067909284349575 4.999068638987492
1.1651400668610425 2.4351261272151357 4.9488434133561725
1.1625208467524704 2.3930375851146954 5.50186120080571
1.1600146872327979 2.269439097996471 5.528189092061382
1.1769853261843588 2.362317517471194 4.731382751017822
1.1736785519263013 2.0875773620937474 5.541077476585965
1.1780672331910402 2.2000013433915853 4.31952590037713
1.1633294433402557 2.4044964167769223 5.603892215959442
1.1603640224864802 2.3415502392752274 5.286189126564679
1.163400612039739 2.285030826458592 4.2240531000580575
1.1725407020736216 2.2170442015023517 3.865848584247505
1.1708646048113642 2.47937556327237 4.904787123676574
1.172868201385124 2.2131412205765706 3.871269814291205
1.171770040351693 2.458257786797223 4.817825337250488
1.158799850287101 2.259268992374054 4.519866380692157
1.1646885826655349 2.1996403145345496 5.936541815330703
1.1676952970440613 2.4860142570530503 5.0901179705957755
1.1671714829651405 2.3616991352785797 6.244138248900196
1.1730532107892047 2.067225502584134 4.810206798478768
1.1645690062689793 2.376223700300928 4.66167911490993
1.177173706878252 2.2995922481386533 6.4673320700707855
1.175531733511685 2.3875230993089342 6.494646095821167
1.1590246229808232 2.1523676298142878 4.783226319068637
1.166273827482014 2.3041303927532706 6.208530416796947
1.1582189564398027 2.25975849541733 4.7245263024686945
1.16485110170122 2.284562757575468 4.1763332392922905
1.1714394435387498 2.456974678978801 6.365581897670005
1.1633841550278787 2.1126309421472595 4.091813521896736
1.1710615246123366 2.078019113888643 4.102959221686088
1.1599732023135956 2.2869085589402474 4.535575222435494
1.1711306270554238 2.3504757993241587 4.355717872555555
1.1686554413642285 2.548132395941362 5.713145717935397
1.173311937755335 2.588814857130803 5.869889538362537
1.1682069840688285 2.333647814903945 6.330173735874723
1.1629703369587419 2.345564181832588 5.732333363988332
1.1683360547699895 2.3743797626162952 6.28569946342971
1.164177090482189 2.4139809082971055 5.620603018030955
1.1661406603673434 2.0812448872798113 4.427434770125071
1.1734082547815428 2.1801846208723576 3.8618073574719
1.172737317095965 2.393837029770111 6.483171821076931
1.1738388707604956 2.3217871757841766 6.563965843645981
1.179893292123106 2.1898412839066443 5.17079949583573
1.172003887876412 2.516029477064622 5.164963866659086
1.1787132666771367 2.3592468157919546 6.05119546665051
1.1710293951985922 2.4278836557853394 4.729367379589084
1.1608199587031969 2.2429358863303848 5.517764940434461
1.1676820053752661 2.080385163648557 4.896680554379495
1.1781142556655266 2.4257752445820024 5.620151742341882
1.1751776391824043 2.400852532652033 6.434997129274771
1.172674290009212 2.484071280489708 6.281002130381751
1.1679927179185898 2.4859816442304448 5.902479860115765
1.1624638299526397 2.118281671839524 4.90121972504156
1.1690114714730648 2.397799922076145 6.274429394697579
1.1667740438586336 2.1092132087638724 3.9205475685206164
1.1623800388573027 2.1279972638842892 5.070509604262522
1.176076844953053 2.0952092739189183 4.457055439978657
1.178744717313942 2.3416308051295864 6.052814467676125
1.170374816365818 2.075283653751041 4.256858181323608
1.1728620531997964 2.3497314668110896 6.507233222288164
1.1598662568254359 2.1634755352457 4.334160977416278
1.1659815263371114 2.3759713647015195 6.012202647244868
1.1781616925365757 2.4097253672683125 5.486393463182409
1.1660619417251534 2.167464541612385 5.859877045934349
1.176613605432004 2.273232162384682 6.42482215868886
1.1649626314899661 2.324326040382687 4.438283678302778
1.1649693630479951 2.157524817230464 3.909691961785228
1.1630454365147327 2.1308949637686077 4.100677025663559
1.1586320871845235 2.2353774795288657 4.856452678090438
1.1608897033417196 2.1410757546237464 4.892786197966183
1.1733532662005581 2.412255231575046 6.408136643097146
1.1726188462720235 2.545631380710123 5.449165454731897
1.1774892414949656 2.445052273406833 5.835121142283349
1.16063679009073 2.13966549028352 4.421476215120311
1.1643118676262707 2.335435020905719 5.859374309503906
1.1745033317654419 2.4919082104070758 5.2240955665802815
1.176988517647052 2.167420559711732 6.058190059292569
1.179674294937874 2.301061511838885 5.615012022136666
1.1661278956843717 2.302234419111468 6.113497185474872
1.1790736064461198 2.346899041504523 5.419027366552941
1.1754769086345305 2.27344753343702 4.281335113065532
1.176621766345111 2.362419204539813 4.805990808545722
1.168878922872675 2.522570449762232 5.666566230161463
1.174439887183161 2.4895894113816697 6.197121228689072
1.162435698311508 2.330287130693257 4.717882134633646
1.1762248149002112 2.458252404484431 6.094639624369451
1.1719664025317007 2.548917588829384 5.895440253204709
1.159729895835505 2.162679096038915 4.485488812800799
1.163902960472924 2.389334682082543 5.046289583703686
1.1690928864960024 2.4151655132382412 6.1988429916156225
1.1768905647183348 2.2892573380419883 6.393089596113354
1.1727463417368655 2.5549724290161375 5.852771551990509
1.1740876385388173 2.4634119501561176 6.284932478151731
1.1753653588296682 2.460671672174345 6.20964310633528
1.1777048839331457 2.3143175856981055 6.270592057680135
1.1674104007876576 2.3355164400772326 4.403399936433097
1.1703757967712212 2.517506793876276 5.3138769009916835
1.163349755290944 2.2998235738146504 4.442081737648811
1.1754449222936756 2.3481409200586807 6.436112020533178
1.1796460816963825 2.246542718668994 5.700383495475965
1.1610537794014149 2.144686699767902 4.37520094965784
1.1724418047737877 2.389977017979594 6.39334938405139
1.161320534222536 2.285548907866528 4.565884771135098
1.1680772753847024 2.1240858920870895 5.650172872255423
1.179251772796046 2.2641559931688686 4.981842415323882
1.1625649287910305 2.358670483240015 5.096435294507657
1.1590708222281265 2.2070288328970253 4.816211757564696
1.1632731860201735 2.2538600153378017 4.255555408337955
1.1622393794489339 2.3202122666921405 5.487540995677639
1.1792509037831227 2.2408960249394174 5.832771861358578
1.1637028430259684 2.2677521295235388 5.804926244391686
1.1647348931988966 2.236539706514729 4.113344376436572
1.1682835309833577 2.3929464767040804 6.130503082458157
1.1622847036792403 2.1250772038209877 4.472613319436169
1.1593372883605484 2.2331978406815427 4.677909604193472
1.1728107737929299 2.3155687613007174 4.330601821176451
1.167761053701518 2.1094742323738336 5.410616522123913
1.1668250971265648 2.127916916811334 3.9214367965974244
1.1676171651770797 2.4624517693664374 5.747697885721609
1.1662965639838898 2.4246254873000708 5.751307784640151
1.1778966261443815 2.295174800144281 6.209981831070067
1.1594923863200497 2.1881529543933014 4.756136844800089
1.1692687059020415 2.4275080792227914 6.108578386325155
1.1726617731656497 2.5045585227162626 5.308961918531088
1.1627181710099126 2.129600703043516 4.938102470477672
1.1619738123498369 2.324023069666742 4.926841005367329
1.1605059753718077 2.269632167918113 4.664411851087019
1.1777727806360812 2.25823153641982 4.589013304180721
1.1656652481152516 2.301619459937461 4.353293025140957
1.1792869274274196 2.2745903033184964 5.152385041191511
1.1743757956391097 2.161398232225253 6.125169814987569
1.1702318933549556 2.0784306776370918 4.582444419736326
1.165309186431858 2.3233575788412826 5.927759676804705
1.1606477081505904 2.275396150786601 5.247675356815037
1.162711644303316 2.2467646735638116 4.31491660438339
1.1664614398764355 2.4047678381586484 4.9206269408974155
1.1653256620661612 2.418468928234401 5.442982590956051
1.1610108000232042 2.165147730711803 4.996117368797238
1.1680391243416568 2.147862473025755 5.801483485794577
1.1639110671714636 2.3771712913645016 5.3224251116070285
1.1691186498749286 2.1723797641948446 3.882706328111089
1.1635396402277005 2.36923527096305 5.247662789035504
1.1695661440896319 2.3237531651266305 6.2938273985040745
1.1624971429122262 2.1293854245688077 4.753600177109016
1.1790299974698204 2.204026640483273 4.881573250028115
1.1754140439274083 2.0959916040073256 5.153627132089701
1.1645870560635283 2.267455971036246 5.8493892692257585
1.16787416015912 2.1829403330538355 5.970953450472949
1.1749958569564072 2.4977182043787742 5.635138731389363
1.1758748300684558 2.354738965350025 4.763981718290113
1.1696992571479594 2.101480547288954 5.396792694254039
1.1740013259713105 2.2085712335615963 6.313412085692367
1.1712598518027855 2.5148086071579634 5.781181428600146
1.1753129480852127 2.3566745113534058 4.7157833690509
1.1696422590003384 2.1776887797257314 6.071356051257538
1.1686339767534617 2.087191808338793 4.367617779169278
1.1678831787816306 2.1483285826857252 5.7605340021234
1.1621700955279717 2.231641672563895 4.35464222230423
1.175955744354357 2.413005120685782 5.123402521932231
1.1744317727725182 2.5062247968951556 5.751140613741688
1.1775148098352206 2.273865705020498 4.647279594521011
1.1791855263529418 2.2174505111327494 5.605212949785884
1.172615784179555 2.450880449559012 6.15537358296876
1.1716172566353977 2.344551929589257 4.483920266739739
1.1612478962899027 2.164703700089532 4.930470091898377
1.1749848534430132 2.338187219965499 6.3741073988075385
1.1644170777829206 2.3152835463511283 5.751532978598078
1.1631550998896953 2.3113749997883626 4.6914889957643116
1.1690175643857708 2.416815758625121 6.04124794547741
1.1626766195391658 2.193540924507943 4.229891213769914
1.1625887590871904 2.219070692376157 4.291323204112576
1.1695526395662381 2.1306105609013124 5.7302039009432555
1.1686247241345233 2.354579379369542 4.55723813725848
1.1697942390606584 2.449213511778615 5.997821559347631
1.1667848669176675 2.1421740332320973 5.6016666835770135
1.1698678793304111 2.277624555004968 4.187821399767817
1.1728836479273201 2.319483930540861 6.389543064643979
1.1778302466607442 2.225957765934198 4.579290550855681
1.1613358824773383 2.210632604857077 5.227067326112472
1.1625900756201712 2.1366447478347323 4.491477318973912
1.1646862848178028 2.1437444753188193 4.122224632134769
1.1608802864919516 2.1871784228988167 5.0010348358959185
1.165964348295867 2.287535550139273 4.3296103182981
1.1754373614151779 2.1526749692471996 5.950486522550786
1.1704933932130133 2.175817361967211 3.9243129087088757
1.1758989441474326 2.4504841041007683 5.879116966677785
1.1700814024965183 2.4025081277913447 4.7913923459261145
1.1760179999059006 2.295621873666604 4.5463363481313035
1.1785671015409358 2.3313763945321515 5.335832121185399
1.1639673499821854 2.2539667023753607 5.69971071570623
1.1774113614125339 2.3180370685749945 4.866167412104108
1.1638955362705865 2.1312521373417734 4.315627687868707
1.1790368729631058 2.2269333859673335 5.024269704087352
1.1691808441854952 2.108879765438061 5.391691685256307
1.1715905651263798 2.152079234544289 3.938859636514586
1.16572813003832 2.1106264685878298 4.962882368901306
1.1700349382972042 2.1276107782452534 5.707133091497974
1.16050049829759 2.1926413568595984 4.687647845318532
1.1622107023978507 2.3091675111862533 5.023262298764701
1.1781630187133034 2.1970047292898576 4.677729032741432
1.1630325855742027 2.3228108844445914 4.896168440762695
1.1713967119134026 2.376485528037532 6.257461255326103
1.1702745332951996 2.095555660675073 4.219676391410523
1.1750723497793065 2.40324735635465 5.003158854646648
1.1631900551653425 2.1833385879482337 4.230507493774793
1.1716648835110082 2.4132906293030554 6.185207781684493
1.1760363997964522 2.143208071112626 5.767463681075716
1.167376811634646 2.2738176685733817 6.074515701049592
1.1707499495012619 2.4304070789612027 6.088144524880445
1.1726980478209295 2.23659884163441 6.319416774573991
1.1639468067087317 2.3549874437114315 5.29186070820419
1.1778976737136313 2.13909449972541 5.203930461985047
1.1652919933277421 2.3189273019547283 4.571242989860657
1.1641619653289088 2.349907850573725 5.464034261409521
1.170718161556144 2.4467910115009577 5.0799209380351495
1.1730901093196315 2.3798219693003384 4.7403650844681735
1.1692807274122239 2.442358943320957 5.123174749839427
1.1672050324821335 2.1384685119977638 5.560162578314303
1.1736234920100053 2.449445224412038 6.077183710074847
1.178883760915646 2.210787417967234 5.602633213789131
1.1708518539634518 2.1205995872603776 5.627307487014981
1.162865394739014 2.1439648755708047 4.896437373915916
1.165114347742734 2.376683178984463 5.102387489419323
1.1607558408684386 2.198246819104304 4.820067546403555
1.1730524791451296 2.4349340613898898 6.126059672455751
1.1659646909769872 2.4000200231377313 5.190660255122765
1.1788064558156446 2.23423841395909 5.720682359285409
1.175941232603276 2.3590733960373518 6.1861196880459755
1.168563289014969 2.3134838286559583 6.144210867538311
1.1649964558367447 2.1593132009489353 4.140620623825255
1.1783812706470158 2.3204520341162356 5.760954208235834
1.173694450255025 2.0906943626050185 4.909501802983314
1.1682777172045498 2.0945005300224784 4.763773818630044
1.1755869294480998 2.160540357329475 4.24323850777038
1.1703872695550546 2.0913544126572643 5.025793154495945
1.1737133054118025 2.290412317197866 4.374060435429373
1.1776754767368018 2.1384070581661803 4.959491531974026
1.161267311725478 2.1962818258089127 4.969036259915638
1.1695171191616316 2.41665414877168 4.971248431229352
1.1738493535016927 2.091963847790887 4.667943509631087
1.1669956249722189 2.3445924250488437 5.925212916200527
1.1780757387035905 2.3068952368148956 5.057678166999585
1.1701688107125676 2.305391470977608 6.240667034380392
1.1673840312290213 2.4224422988586856 5.2702945330859485
1.1772662811969465 2.224279789840649 6.0413797317863
1.1772796249883315 2.3800503341243764 5.781992028704488
1.1735676312949865 2.2464642817792715 4.2249161715525325
1.1734399579757198 2.318007467454261 6.326538689883458
1.1670265881048612 2.1305714000531775 5.413552070644849
1.175631934472314 2.1976348035670985 4.266459921268622
1.1775204340791945 2.2516641308705787 6.045241491568715
1.1701522449558408 2.162169711984673 5.911581316231581
1.1729185942313285 2.2540909066458124 4.227876596282229
1.1731037100547805 2.4760470407481314 5.797909413020292
1.1751183827949 2.3658813903948186 6.203563041506165
1.164774253213737 2.264959743747072 4.40613034873725
1.1788747074408124 2.237607723889126 5.566262774283048
1.1650978166451873 2.1764466879469344 4.162194773756877
1.1743060945382706 2.466908612298565 5.708573339659116
1.1659488915872356 2.2576613369886083 5.865759740541973
1.1722768102718177 2.442470266799333 5.17068426990804
1.1741804776085611 2.390826579304428 4.927434172717259
1.1685318086128706 2.3688831917992754 5.987050800071053
1.1626267500722793 2.2839990571048756 5.278787225713977
1.176167565489258 2.129397551882283 4.552353736842411
1.171633893163827 2.4565963086071263 5.874401443557515
1.1670156340951392 2.1369383318008524 5.434034398126288
1.1746225253950142 2.1006942639625366 4.925686592856964
1.1679094090135755 2.4216457727908733 5.329854883003819
1.1727174367924516 2.233561948486908 6.243137301640788
1.169199282738555 2.1689023043979234 4.022248034340285
1.1764529139650362 2.1618942049015812 4.449734584483192
1.1708358299875483 2.4306798805739183 5.108359756545147
1.1653076828849835 2.14561835705312 5.2735647080028425
1.1674804864017463 2.1039910377161144 4.562028913397953
1.1753878315438337 2.427358501651468 5.4279710135079124
1.164350190634789 2.338583519111807 5.29019699808598
1.1741162585924139 2.293710370305291 6.3044242264596
1.168532063504826 2.3074965729302117 6.073405346792084
1.1760803670940714 2.406863513839994 5.453149204460242
1.1651555982677384 2.310772436017113 5.674220781999507
1.1672330750965123 2.372874627836419 4.912080741563539
1.1665666994857018 2.346142393697004 4.77183279235458
1.1658963167650755 2.340725721749526 4.792446862929168
1.169918837043199 2.429198574195818 5.14513580055597
1.1778600524247091 2.318889766618805 5.816951011252026
1.176436314701328 2.3258234569289407 4.8859696210519825
1.164300094062023 2.332859611171437 5.2903645253952405
1.1650388661706068 2.3399521738122897 4.949740643635405
1.1775193447671453 2.351648664790167 5.667113058486356
1.1677310142640267 2.1143900247341443 5.085681749023731
1.1670069414498132 2.360930704685926 4.853430459662462
1.1735289918705027 2.4567856592675072 5.759718112654813
1.1623010803089722 2.2525979723790845 5.14090612901688
1.1720917785137481 2.324365625545468 6.231314797433901
1.1684587406226445 2.408420420469935 5.743552940452975
1.1620662195341218 2.23134488184442 5.023362751277942
1.1683487285420817 2.333942130220259 5.990756477578529
1.1653577898360303 2.342117350111135 4.91354499900056
1.176919587322939 2.344336659122148 5.120123164663152
1.1768651047793477 2.301290164268938 4.8451592871158855
1.164673346155065 2.331400372046991 4.963711444052329
1.1688181559975797 2.424677499002108 5.254798723064521
1.1621657559857554 2.2208331096460525 4.706131490491263
1.1764459766207807 2.3083788041813174 6.103605765297649
1.1701091128856334 2.4300095243823883 5.1939961615565124
1.1675219672018402 2.1271566084598152 5.29124945425437
1.1744264218902296 2.419822762681521 5.9578348593121895
1.1777931915478739 2.2677809899466634 5.886664190588448
1.1681328791616297 2.301659708904158 5.995382013145559
1.176534320972869 2.21869316061443 4.5205124713492
1.1698290287857935 2.1751091174600106 5.889780574495637
1.174191984803859 2.1138083576479794 4.438431248338384
1.171856073518305 2.413133363282771 5.064056049016411
1.163782133765019 2.2949089513596186 4.8225806217870115
1.1784465465899225 2.2013606431265607 5.311877032354575
1.174022616232381 2.435372865136401 5.861251532575658
1.178501870863851 2.26537627242087 5.306845752373722
1.169777276935171 2.4182577921012207 5.813522988136544
1.164038334450331 2.259903624937735 4.572443218255145
1.1710795003242098 2.2739667341328684 4.322192633681645
1.1684811712671488 2.144688090985561 5.570508201146428
1.1705135911052122 2.4424596149947932 5.389110088171531
1.1759154557038793 2.3450824347446995 6.049672753256823
1.176117664417852 2.350561941318794 5.061562661444542
1.162588077881379 2.2091357204405715 4.657877094586672
1.168671394867474 2.109195305812959 5.02895414693517
1.1766488613931103 2.373038091136064 5.650239016130618
1.1745031521522487 2.412780254878788 5.926203926390251
1.1732026719484154 2.4254369108800167 5.250413662321144
1.1684478427931824 2.4127081948085785 5.410016604414272
1.1627573890157537 2.202759704922385 4.671615215272018
1.1669585937144622 2.1449462807940267 4.214449320681169
1.1637699070650342 2.2569555929485574 5.377308371239639
1.1637979590879288 2.298361088288261 5.198891101858399
1.1700162084662202 2.371397134683321 4.834659761074622
1.1676066103470109 2.2181436649449147 5.839775799000995
1.1728006414060859 2.1030773931231597 5.000474161414255
1.1737913253326453 2.2040391511738733 4.234173255168708
1.172123709101552 2.1577418590808537 5.827804046056391
1.163655409127449 2.1960567563304467 4.495335584929517
1.168540836766232 2.404701723321187 5.595927844297986
1.1700419576176737 2.164468742428898 4.095862426554364
1.1710098225660923 2.4100968901947613 5.123210389014812
1.1680851909129641 2.3895447523149413 5.184281033380534
1.1645392286170286 2.271138360702503 5.484727609785063
1.1682121220210868 2.291543620495605 5.954200698944735
1.1769922047684829 2.199519725866761 5.776722881828379
1.170505504239611 2.4334907485774426 5.45379073826488
1.1665061039822544 2.204157238149082 4.246905544463461
1.168720988438551 2.399514270382716 5.189361516953337
1.1693242081327846 2.149327038873263 5.610941878084141
1.1710427591538677 2.1727515044008134 5.8659944915632956
1.1756286731729049 2.277295391368761 6.12444425396102
1.1697409661914229 2.1217261055937633 4.270601093137699
1.1682295847492745 2.3071248253605434 5.917087630181323
1.1719742532420194 2.4351745101548854 5.615444540079828
1.1636679709181825 2.239133683920663 5.2812289684525044
1.1740323516891462 2.147446332734103 4.285439125370733
1.1674213977557064 2.248195260832966 5.851070077430855
1.1649845579647293 2.149208133275422 4.547735462842315
1.1702692553707605 2.258995337242965 6.083976636619369
1.1725601620857846 2.316702534005736 6.15735401838376
1.165203197878828 2.1383218089157605 4.740299869460001
1.172879759440404 2.287880013244482 6.187311440149232
1.1649099796876206 2.258124545105338 5.515143522274247
1.166970226771863 2.3711105715429164 5.278233444322815
1.166299290878083 2.139541063624925 4.387412359915654
1.1768180518570506 2.164537106394673 4.745383608983079
1.1648776203675728 2.150547317980067 4.5703186359481105
1.1647120741056465 2.149524321324898 4.703538662914646
1.1712933212625325 2.200459055158729 4.169180374596602
1.1740947998919844 2.15633020915451 4.275739093295801
1.1681375187588494 2.3472049640540096 5.789034165771113
1.173802343066068 2.1559421897675253 5.774639214278219
1.1704403655421116 2.3104346622597993 6.078960972010222
1.1770453268685337 2.2695315818274633 4.8785023686769495
1.1638889174254696 2.2829139011155775 5.025292612699593
1.1768695321242408 2.283793892723502 4.902955841880239
1.1679714823528462 2.19446934009447 5.740220095142554
1.1735784498508082 2.328626911738522 6.127899600688561
1.1700232517142517 2.2414558730666263 6.034571300575017
1.1710696006930776 2.280280513225166 4.417497557889675
1.1674518797562228 2.3516444074965888 5.652845209862017
1.1686061419466756 2.304846051631244 4.560655713211098
1.169497920094388 2.2878193525396475 6.025115269632074
1.1727466779357067 2.1112664633676093 5.11050507790293
1.1775149870256814 2.2201316537966576 4.888105408960744
1.1653955820520097 2.198994408591633 5.454633050731635
1.1740367963593974 2.275984252003923 4.501537387279317
1.1735650119931702 2.296969549900393 6.1583304415791975
1.1636211283669766 2.2665584767284526 5.102301733729137
1.1680441692484198 2.277504218697921 5.892448352416114
1.1633512216304998 2.2083049128382437 4.986718727942787
1.1650106456563296 2.2833665075319693 4.734786650825317
1.1734858911131105 2.3988522046156056 5.200432201616074
1.1776004918432739 2.294235978239927 5.6321390904402
1.1775610936847372 2.30353438044905 5.466879777865827
1.1749731412419755 2.3776452005620294 5.202408050861344
1.1706041684702555 2.1239777674515894 5.33765889959397
1.1766143506406648 2.1532216759602996 5.2935653111890915
1.177584400266106 2.2059756493627685 4.963501829987061
1.169899047943867 2.3678765048575174 5.877792193679303
1.1692517612596887 2.3076364200607133 4.583204428790527
1.1724205495948112 2.197511965027407 5.9758074190444805
1.1682969278201614 2.1641700015481247 4.218887372969892
1.165535025315971 2.1430208438761533 4.738075435587053
1.167480516575861 2.3642270817704207 5.476918832796105
1.166734994047311 2.300563627852539 4.667151895928294
1.171266413282268 2.259928019316038 4.368869304217068
1.1673709625510176 2.359523068218748 5.493996862139829
1.1730930808709286 2.3455342968431063 6.060149531020658
1.1663001032693354 2.2863918332945685 4.632138078386625
1.1769818318611474 2.3272619757484434 5.4795024808076285
1.1710242418024164 2.3602072022874103 5.949175987739164
1.1726009829925443 2.12717727243705 5.413926001802643
1.1681728637987943 2.2734160796453793 5.871873907192628
1.1768253663993091 2.305448509885479 5.111259418834845
1.174468599097789 2.1201471834487244 5.0419961346329085
1.1767549711402256 2.2623872830939487 5.8632262217389695
1.173558209936396 2.4003665703164057 5.308168415564284
1.1758076657415595 2.305313014750891 4.877956370932681
1.1669328615484469 2.1606702913747786 5.353232275307247
1.1668973567676941 2.2123078274008026 5.643781936420069
1.1776746403314897 2.207851814592799 5.328395891991287
1.1729755599771055 2.2911433832067143 4.549735397683801
1.170105416355351 2.4036859148549863 5.3642447178836346
1.1708003635152084 2.175623847793047 5.79333627046009
1.1658062607241835 2.164921542347559 4.427436158866961
1.171594980437593 2.3687436675583475 5.931135993962259
1.171126978194553 2.271477931183019 6.060619382837029
1.1638447265360963 2.2415459916932376 4.991181662246548
1.1774362688316315 2.2798236276870174 5.639778848969371
1.171516893881797 2.333626264283592 6.022654012422295
1.1651895986619647 2.2117923966550563 4.499024263823589
1.1673256031391976 2.1304771510675895 4.57090924675388
1.1717897484332265 2.1378535826550897 5.506475578034019
1.173642144009977 2.209936816087487 5.984184672004778
1.1734663467445632 2.2097066134499386 4.338061466231103
1.1776942998028372 2.224135216337713 5.378151839798305
1.168131831716975 2.326028843600354 5.74167374564734
1.1704031240351636 2.4032782179102785 5.463722700892715
1.1725078207328639 2.176104876835704 4.2589919388807385
1.173264539205719 2.402399740225873 5.670833120324652
1.1762255985018184 2.2396888192550075 5.873344345557296
1.1766056791042883 2.2555923427979514 5.830481308863597
1.172643518811008 2.3907175150945386 5.217878955801522
1.1669073175198412 2.3089131345436207 4.791193290092977
1.1725549865226226 2.339146210838798 4.824640825350876
1.1642822116278984 2.215453377872358 5.114996140197576
1.1714136227027507 2.381334388354948 5.105660759137772
1.164610493062466 2.1792261645476203 4.775836075834855
1.1657305113306502 2.276352114136222 5.50594344821986
1.165218238615924 2.169755349100641 5.025210172609526
1.1683508480782294 2.2936955312189387 5.825506514727769
1.1769574189780985 2.1850759285974406 4.917210995503956
1.1733115480445728 2.203520150249594 5.937773488106435
1.1702438122946275 2.3879292191919603 5.255239404497534
1.1725614910345727 2.191134517475752 5.886356594787612
1.170972603883597 2.380034348957833 5.130837876472096
1.1721593578699716 2.168672827830475 4.279035335499794
1.1741460686688616 2.3801204696536686 5.781403696604066
1.175431346930465 2.1369595996267208 5.092689716579509
1.1730682052142563 2.3220927376565603 6.031995126083174
1.1673309387896869 2.197989890981799 4.345070536751473
1.1743888358957195 2.337713805696277 4.961940339008912
1.1704303103333697 2.2637036657532863 5.9804512807307955
1.1702890841255804 2.117924876891974 4.86537117502224
1.1735022657376915 2.378246558102311 5.221192017419204
1.1692999780968938 2.303064287762444 5.875827517190965
1.1739326061858735 2.250931620125465 4.504903027822115
1.172951695071556 2.1304135204376924 5.338337792860157
1.1672797024356505 2.156784770444351 5.260019947341053
1.1730906905152785 2.2728959788124343 6.057886050835386
1.1686918900841368 2.1777243593353304 5.595192183474785
1.1676989363134491 2.1381045872940105 4.990094085494135
1.1704719327985735 2.1356286230178485 5.355081430441304
1.1755218698482643 2.3274273828642387 5.080368519623779
1.172116499032425 2.172193023253163 4.301787336161471
1.1769391878841193 2.2332907757542433 5.650977745294568
1.1713079273003535 2.1546885603103205 5.586671438959794
1.1722859105232146 2.3307877548759084 5.961564529484596
1.1685394422193618 2.126046171810886 4.804172955928436
1.1744729445940882 2.372820755741946 5.338785968621362
1.1770506170922166 2.290310592296958 5.461334132393713
1.1763463929889324 2.3220447176928407 5.536400122678122
1.1727050192735906 2.1528443305160203 5.574706409734468
1.1743683990460032 2.1282347345293666 4.9091946047315815
1.1744468907471002 2.260268289473212 5.998295612092779
1.1760203781787308 2.2477213753617606 4.8022321484817265
1.1649499606527134 2.2333631779674405 5.1736983094899
1.1728817166602212 2.3889495649670214 5.482706606960138
1.173911540555296 2.1980221176578074 5.8578674599901355
1.166457807316472 2.3123700846094373 5.176087512094183
1.1665206268635289 2.2531524294314713 5.523539337048128
1.1675456304034868 2.325078040287499 5.4719916617889215
1.1752437306405747 2.249280093315549 4.685056020412375
1.169726771243419 2.2107719264754375 4.337362611938177
1.1701702574276909 2.221643319750334 5.841136990682465
1.1742431149150048 2.274919069723544 4.663929207162656
1.1711212599937355 2.267695098407027 5.948976615550103
1.1731195092370035 2.1730865169653995 4.393149538593079
1.1762632975013598 2.2150012007100965 5.637813881980758
1.1673892343178904 2.3208207746116165 5.070440967922174
1.1759952835665852 2.238041945452944 5.757242932983285
1.1717543048024708 2.2292784159711334 4.407400647039255
1.1700001285941144 2.3557111309409287 5.086621386844065
1.1733158171909608 2.2929346679590923 4.710564350569605
1.17591691092095 2.2030437150074955 4.76349651495423
1.1708028923880454 2.352232385566891 5.715502387550448
1.1658653180577236 2.2470488553158345 5.328039549635633
1.1723013976233638 2.3619483755965045 5.201964184965423
1.1725488914500997 2.315405805067579 4.828880387784906
1.1717893539992295 2.2258931107859774 5.879163490303892
1.170852016040112 2.3604942543244607 5.166418565383852
1.169321864641059 2.2040543789897917 5.669136413792815
1.1671721748445596 2.2758014371483837 4.751924451220971
1.166246828262884 2.1781174108426136 5.04618508488692
1.1687959091939386 2.137794590962202 4.952299813459787
1.1670642222997059 2.3090027928681094 5.146510352236543
1.1730206753116024 2.216328178096341 5.865641009739802
1.1726584154776352 2.3456214693124604 5.083155804714618
1.172526386175866 2.1661669747184584 5.570445605576593
1.168277983135601 2.307656583934877 5.556144059952333
1.1691601863609487 2.2916187720769083 5.734741102102124
1.175015141806952 2.161636778122626 4.78062037461358
1.1759792094605444 2.1877821215541995 4.8925963909361965
1.1670426131362834 2.1931189934255833 5.3320999529438335
1.1720114894078528 2.2944327961965696 4.717136629428859
1.1699909323023097 2.356068320675924 5.469821529719059
1.1756633415500597 2.2223715830068134 4.7782955368791455
1.173911152695129 2.3284601818284685 5.043557476798002
1.1764246801812308 2.280093172423511 5.414493988526315
1.1738642424922614 2.1883518486044706 4.508090280447544
1.169528147869562 2.3371231964870045 5.09342399124818
1.1682187282458052 2.1557514834437277 4.598739646610431
1.167808834610258 2.3013702273694676 5.452021184085769
1.1690020803582302 2.315647506678601 5.621831975152002
1.1659359228949335 2.2203777082753935 4.744972413440205
1.1716838219901293 2.1344642380227246 4.646948321429251
1.167954087317669 2.15476996883047 5.00312302348361
1.1667946930378719 2.295064969229195 5.228177806161936
1.1661907017178657 2.215522682481496 4.719367413453391
1.1749278954771794 2.3360112062153195 5.469962466037684
1.1735039705583215 2.2263296464084017 4.548689019977449
1.1759707333383882 2.194441379077312 5.41652961025645
1.1710524667301148 2.306018161679103 4.80466195151476
1.1719157356045093 2.34866188847776 5.163723993056335
1.1722710425202394 2.151172172783105 4.535175389085474
1.1697017524980362 2.2708898310587537 5.770011094282234
1.1704320379900053 2.185843219151749 5.608468498550456
1.1673284280922436 2.164817189381257 4.954325458364455
1.1712252473358888 2.322244369449535 4.928074044525916
1.1708629707981486 2.153933862122547 4.485416572826308
1.168674069557626 2.2478378707287066 4.586480408610756
1.1749039469610887 2.1706864535480976 4.754377135923814
1.1701828337581515 2.190644108791796 4.416502271669103
1.165912677195886 2.208688880509179 4.973879292477072
1.1692486537903453 2.1441029277382 4.9794448549058075
1.1710493488941964 2.2323976917903687 5.792869005855788
1.1683027076832828 2.2270940173901956 5.553460266859602
1.1666276858247608 2.273206377917078 5.2628350846052125
1.1671146340285945 2.1952551401975224 4.617606503192441
1.1692808182304788 2.2138726919146365 4.483609946586052
1.1686604081283423 2.2403026719863472 4.574396439634546
1.169238318320975 2.234733471426856 4.540102761616444
1.172255274257228 2.334544800626316 5.69872461045601
1.1747384908299063 2.3240167419725934 5.594854800312106
1.1750686289567802 2.2764749065656296 4.94044541192182
1.1684095256732612 2.305203044189267 4.996997233894833
1.1733918820891693 2.1673534517712048 5.463689366811607
1.1722724886474432 2.3452698062139383 5.2243383864100625
1.1673093301002972 2.1749706025886777 4.75815089090856
1.1758550223420619 2.2424907143061588 5.5809098209797146
1.1732843481022586 2.2874135012484293 4.812968543700546
1.1720431203342523 2.2743229598115984 4.702307623011357
1.1665046554154244 2.245215094661667 4.9270112450327765
1.1668613544421422 2.250649132851901 5.304649177879103
1.1725844140068853 2.349452720669753 5.445894430338669
1.1730628136749324 2.3126589590762476 4.959544553944395
1.175541460996492 2.274952666615886 5.052629130048135
1.1758872298028444 2.258626258281702 5.556909925692798
1.1700004249433196 2.1924080554672565 4.449628776971666
1.1677253027257783 2.203984814568714 5.322024850757273
1.1755005163488557 2.1784303255593787 5.197633642461529
1.1752684670330193 2.2342062993882106 5.652781236972627
1.1701320143996314 2.143863965011012 4.812069014006939
1.173848015274168 2.2457556457278933 5.796956369378966
1.1720508744706004 2.344102421821292 5.351327021368348
1.174119322542004 2.160540626343491 4.7921466129216395
1.1758675385385096 2.2784751700316423 5.370559205412405
1.1673505964230726 2.2761347174122637 5.280929567413093
1.1679448525294986 2.184325247511633 5.177442920305429
1.1742564001327491 2.3089359370018663 5.095941282996392
1.1733994603028604 2.3357585594604053 5.433273638677862
1.16737537621754 2.2776618123237355 5.216627061319322
1.1667870143880208 2.200585141131234 4.865912886832934
1.1695169251549247 2.1521571213803714 4.7739475696369915
1.1682982191904387 2.187123133137376 5.253451305750135
1.1740526192003455 2.1967073893943656 5.600034952683501
1.1741395860051644 2.196225937072387 5.59427965859472
1.1752606480475003 2.2318206225178114 4.902737389099084
1.1691180627388222 2.241001991227493 4.649615826435772
1.1712984089571714 2.148483651156893 4.7596422328792745
1.1714484691928828 2.3307039624356514 5.167047672223351
1.1687693728251265 2.3086746920923544 5.238108899717675
1.1735171126856 2.1748306330438063 5.4247696960706016
1.1698199164384246 2.1705229261606735 4.598463603085989
1.1756196557104128 2.198425360145755 5.164974451187204
1.1729469433542603 2.329548807750705 5.265075481895929
1.167790986105168 2.269020864523843 5.035892834677011
1.1678486138389677 2.260143275222976 4.947024933304597
1.1742472608635106 2.31881765459753 5.388230397100273
1.1709709803986355 2.2923123598346034 5.688978591159767
1.173197287672175 2.326481834232964 5.292562691710419
1.1746201845996587 2.218524862733873 5.597372762699228
1.1715309409085968 2.15410830252099 5.177409019526321
1.1715198965817235 2.2947397722782075 4.872818484976129
1.172703503466964 2.3008361684106386 5.698869056902341
1.1673810515554843 2.2455620581743343 4.964908135425857
1.1677788594546443 2.268408906418122 5.130031442917577
1.1719837792633192 2.2891956030934226 5.722646103801134
1.167740431188767 2.267531498319187 5.137167408636959
1.1747356928841004 2.2767003851959253 5.638463154548555
1.1696396565408758 2.299619496901191 5.501851140962877
1.1713912630590448 2.264689486571818 4.733188285503518
1.1746671974899747 2.1794963797382936 4.970681111180806
1.1679990984054314 2.249765090037995 5.3113075403533685
1.1723887392373902 2.1873154871025307 4.614729209943443
1.174595841282052 2.176447219293191 5.074070330875614
1.1744674348086586 2.301903046066616 5.236748527412958
1.1745880212558297 2.2906456819155254 5.584998164076033
1.1745458449821262 2.2920230043695122 5.582600619116832
1.1677827771227602 2.2257576838040043 4.86543006967301
1.1750782424922812 2.281740215542107 5.2609939618250525
1.1746005162801803 2.258496137936106 5.618266412912195
1.1743290367468044 2.2395962424082447 5.640071726937736
1.167974992290194 2.2430058807144633 5.255490900284231
1.1722588331629489 2.1900672267002363 4.623842726843947
1.1716284427507033 2.2685509835354454 5.700515435325171
1.1722063143949673 2.2941476403072953 5.666087205498231
1.1752211576559581 2.2659478257742203 5.361546847756937
1.1742635686650555 2.251132182059679 5.637760017380126
1.168410508873789 2.2728071563694963 5.27519263861373
1.174376355693337 2.2992761126930135 5.451732577315035
1.172883634001854 2.1627100392060337 5.009695303471055
1.171457007721731 2.314237693784795 5.4751371430613265
1.1746737052969725 2.2734022009878125 5.526672099184932
1.1714601550605648 2.1818236826951063 4.6390142894923265
1.17029159322295 2.2995968245623097 5.482687977730823
1.1742089938089615 2.2358278040847264 5.610176052846056
1.1689854898994092 2.240093556396227 4.779245626731903
1.1746052697167648 2.2211700735293647 4.931555049598327
1.173410082161162 2.204804875062285 5.503962775690299
1.16804888028181 2.239552176711494 5.0662365579831015
1.1743819773072801 2.211282425925215 4.886282719538279
1.1684491419114953 2.2638597107194487 5.042898072383252
1.1723141616049635 2.2189473115435194 5.574722714528834
1.1716639819479682 2.1855131628098805 4.670767324564412
1.1740445203566474 2.183842371038526 5.272497361129041
1.1741310707474488 2.1805982095108503 4.9717077267454695
1.1714143992049326 2.2905637069445937 5.568935282211397
1.1683553334943304 2.2289278221385582 4.919542818114682
1.1691289839868415 2.2287696825518974 4.799163775330541
1.1714938741134338 2.266545386434844 4.855663574536042
1.1714321006625994 2.214369112415655 5.5109238469367074
1.172578295289614 2.179014595362188 4.8112488099236685
1.1748628173575357 2.219548507741326 5.175503088180216
1.1737075071695584 2.2923036167558934 5.245278920918407
1.1746692727843762 2.2558876993708834 5.245044526414301
1.1746228848221714 2.2526957580016207 5.367461206930688
1.1693069156177427 2.1947752546004056 5.156960851194064
1.1692700857330862 2.2393160067913302 4.88342417850097
1.173671797162997 2.1886082568798466 5.249008140951249
1.1743099679978366 2.2767036035160197 5.293368585947052
1.172412786968811 2.196965070168071 4.770519960690725
1.1694766330929591 2.2686669377634274 5.03957161381604
1.1701086355839334 2.186821042141135 4.780077385376565
1.173675058040343 2.261193713688572 5.507860146477867
1.1730036170461882 2.237899295417761 4.85442714324383
1.1742834425328144 2.2603177427015284 5.167524744251949
1.1728437069599227 2.2268054659154184 5.518210490739305
1.1697927123168264 2.252564867350216 5.386907367761335
1.1717263494956176 2.2040955929628447 5.408105407263795
1.1737836386842329 2.1926535472222857 5.21202466093267
1.1713634975718759 2.197071089818129 5.335490575511638
1.1730046006272588 2.24270720554925 4.900812647751961
1.1744199206913382 2.22029847762683 5.121040452858404
1.1697750828866877 2.2588030727028148 4.987585366664058
1.173805213111761 2.271526282167815 5.23420954325084
1.17413051231863 2.2635512450314645 5.186051097769379
1.1739525092818757 2.2581072258098347 5.411260906968572
1.1739715779592348 2.234401278465736 5.399621466371627
1.1732388968225609 2.2681120474237355 5.446858838779123
1.1707447764161916 2.2025520746113743 4.809365289141745
1.1720795196652343 2.190896847287221 4.898497685197597
1.1700376497272833 2.2205602765613888 5.312832507813672
1.1736464806692317 2.204825870383716 5.1043097566391324
1.1699417554463514 2.20568452927508 5.178871433348133
1.1728291152390713 2.2765902334008663 5.388620663040225
1.1731940905545923 2.2247108427301705 5.393157078818616
1.171913807278172 2.2792897342611615 5.303646395960108
1.1723409757201388 2.2709719274750517 5.378999489548759
1.1732702891450293 2.2054572668722345 5.090352709872992
1.171793236362014 2.2111486717004105 5.3223640563605805
1.1698053997993292 2.245433012695384 5.154621026015885
1.1712997187479461 2.2371277306587736 5.391231860908253
1.1698346495305758 2.2177899606651525 4.964258869532596
1.1708634152218413 2.2202705295437415 5.300519877683165
1.1704884988601958 2.201285653841867 4.973084661917596
1.1725581984002935 2.2670515104097664 5.256778798983451
1.170063741906039 2.2215120317039507 5.138847889189062
1.172301567991021 2.2498803669860785 5.307249548689258
1.171996242185639 2.211944722722406 4.995120497619247
1.1723293680688711 2.2552912830659735 5.185669816011385
1.1722554888614598 2.2408061536872173 5.064267251854895
1.1726339023294687 2.243234852732261 5.155231434471123
1.171135886315473 2.230200905446658 5.164860940711856
