alpha mmin delta_m
5.829184645896522 0.9983440452490906 0.6486825910689621
11.858714248406738 1.058573574840369 0.6317340628218956
14.627688270499146 1.0263188718982745 0.8683937136933592
12.976105450992357 1.0417576409866929 0.7454301849469217
10.493003535031926 1.1478440928786124 0.056205595057229
9.7335105773523 0.9202253108970595 0.6511745577970518
6.336866201006808 0.9105414069923919 0.413569554909621
3.64051319435454 0.9397110940485599 0.34497173105619017
8.676177511931064 0.9452568605515943 0.4854305975516107
3.812644543012615 1.0181825244818523 0.13569602559918997
13.50073920593524 1.0036004302124617 0.7635270918625368
12.388939608003312 1.0361824857628203 0.5978268576683882
8.453750020335969 0.9651028154781134 0.9160012057676526
4.7279757843182715 0.9492173417565986 0.2830324548421412
3.7535712787833475 0.9557113767879225 0.3539958901836976
6.901616161589523 0.9292535092406605 0.8727938976048235
8.124326420787932 1.1838502448592898 0.12218363145963505
10.734140893757187 0.9863147153363642 0.5540114565950177
3.6935848490178795 1.0540838235712306 0.11419932845832138
10.409245754154728 1.1064327526647095 0.17622750261119263
9.922947795984449 1.0032668268059637 0.8137420956786005
4.261723073801839 0.9572433618009699 0.2900453636608246
5.747020976494673 1.088291018837411 0.3065088775918191
7.556283400863119 0.9657200076623792 0.7917371647316643
12.89331136504962 1.0029920819791796 0.8107817843544418
11.851668827120786 1.0259111385709836 0.6603890151031119
4.646547882879052 0.9236210683380427 0.5609273475709221
9.97796803751898 0.9223158059578889 0.744674687565011
4.15718457626444 1.0096288010132664 0.17937757516429453
11.387803101946623 1.0287392304203558 0.5458028434727683
12.374413284364643 1.0063034337868733 0.8473632281322149
4.410845995283882 1.0667742414682844 0.2671645290720604
10.161041876101798 1.0602990943740795 0.29023432173206115
8.79669285903573 1.0767269343737995 0.42234165377917265
10.742317440365962 1.0577556879514631 0.47485837613734294
10.75384868382841 0.9064061564365062 0.9042508866964917
9.755926103973216 1.0252450942064817 0.6550190322679503
13.149198093145142 0.9816178593862696 0.9096752955192036
4.052622251801704 0.9784475811272437 0.2898829183751495
8.460027689347811 0.9879406486648272 0.7567798586883481
10.9940125717021 1.0239813563314695 0.5253234845975431
9.912604696147515 1.1398395737411335 0.09430039316512846
10.374821396127148 1.007754415556085 0.4974352122462383
8.225437030641421 1.0477829821130131 0.5037155739931509
5.614906388650457 0.9439439113741015 0.34858616995773795
10.81162082884931 1.0375021074140827 0.4987902450269837
3.8620190110633033 1.093889193442182 0.11249600571801678
10.626840143322866 1.0174764721492346 0.5079713869118081
6.107357429769488 0.9032136765633577 0.7750432315967851
7.178089747079902 0.9069783529195047 0.9172555878389765
9.9410324612813 0.9493986227756313 0.6673618044745442
11.383847307378716 0.9710924761884825 0.7474836198118752
8.127710275655868 0.9883226681795465 0.7151456960749577
5.785686551918717 1.179219630481822 0.08731632360695203
5.546938494076823 0.9029956318334939 0.4799307450142655
4.071851889651581 1.152376197617091 0.03267708228045156
10.169415225808681 1.0571579109055502 0.3422485445194035
12.367564296076957 0.9847243337318342 0.9238464366504693
10.299526555979666 0.9714447796926482 0.63595336533605
8.033792134328204 0.914981951242241 0.9926230801322066
6.9666811237658095 0.9038103074958673 0.8746720357526089
4.422961718839563 1.0135455257654031 0.3441150420543419
9.995554705599071 1.0622254536953635 0.30763336375098665
8.878688075804368 0.9376825988810915 0.6200649366673138
9.286745825080677 1.110170758418279 0.2848108913835204
10.965478596458171 1.0052110242334604 0.6442034621339537
6.948009460010516 0.9245108919315538 0.8091109399577833
10.5306231175088 1.0206092145888284 0.6202105747545521
11.397387976648076 0.9950851193425178 0.7593506452968832
4.312789369340752 0.9726727191065111 0.3203913064180774
4.788944533655188 1.040876605218882 0.12238906287952973
12.664712150197502 0.9571083430806593 0.9805417876869003
6.727356185663798 1.0309713283670254 0.4772119843934036
7.2733674017135 1.1181065707690785 0.02005733928084041
8.75138117414407 1.0467084229681622 0.2505523424379107
4.236300501686664 1.0046416052270524 0.23960941566581745
9.181966130913944 0.9564545546378868 0.9252096806409716
5.816306291148878 0.9099788398895959 0.6873319582187035
12.420771116750615 0.9672266614498723 0.9362436253123223
12.126413107114086 0.9759488983067429 0.8979164713077193
6.306677663763958 0.9364787640000598 0.41707085434168734
9.708028828081545 0.9670390790799466 0.9103102968132364
5.147585806874551 0.9517537828976831 0.5259679292928766
8.949947673023024 1.0001993765057011 0.6891998095035164
8.427209193664432 1.026388795547545 0.2868654987821996
10.444037088946946 0.9143014147205959 0.9006221357119555
4.117743816274258 1.034607139078171 0.21997875159353159
9.473719548722643 1.1084803818215578 0.2753542577721331
5.448767552509054 1.0614078518642251 0.08736688903620622
9.940170975027359 0.9782355325666083 0.5995359799759361
7.741432825333067 0.9716996883673249 0.7187591514661614
10.34763750855507 1.001286400606569 0.7167174168521642
10.407733456417796 1.0098899614531853 0.5791830944891222
10.327825502555443 0.980512571738212 0.8529964048581523
4.360194092913336 1.0045835956420435 0.23949032852589225
10.232656038195415 1.001080874782932 0.568418002753312
9.844138797463438 0.9553670969170704 0.9761269329421433
6.945902971495631 0.9152810892051466 0.5482431753842396
5.4779024575636175 0.9058190609536053 0.5096296399179903
7.317612331437225 0.9023453155202664 0.8953666262100017
7.482158202392544 0.9182451223399867 0.8697550842263266
5.600226739485629 0.9511860105844986 0.3552145075881887
5.196037620791559 0.9789101784401797 0.47621036128033734
8.032425354802264 1.0993055184947091 0.09727368443810477
8.078497275428893 0.9928082843508513 0.36484257688231786
10.451866733562586 0.9437024434328043 0.7944191178440515
7.16696255243864 1.0012832219075347 0.5777140051606735
4.543976981525281 1.1378240134144042 0.09948749363680098
6.569014444248836 0.9090758269018401 0.548955567136775
9.277902331677234 0.9477953550641179 0.9538734642787619
7.446456693319806 1.0014973942835699 0.5921032531454239
9.467169294329334 0.9429498106463994 0.6913413332323397
8.267185131625647 1.14269415805167 0.1949924292291936
11.107162589263229 0.9129972528861565 0.99640114193217
6.204934418455151 1.0360008393238331 0.42455475963694317
5.938180691209096 0.9744768642282977 0.3057311722925941
9.500324507856512 0.9688681729820251 0.8537356340684915
5.816516114861919 0.9802187126482196 0.2876892972760448
8.545588533237733 1.089541468752313 0.14676507506100642
4.800347261786136 0.968720582924039 0.43975961747432746
9.217159764204126 0.9905795435138556 0.7243078467031024
7.519666083160468 0.9265527953503775 0.5617186686391515
7.310337470821516 1.0661825863844339 0.1411001295731107
9.547668947423462 0.9610444707442855 0.8980388963524856
8.461278743841675 0.9367225949472249 0.9069171016694282
5.798659379829088 0.9110617837242493 0.6438720101380764
4.649328253123413 1.1711957100816561 0.03597085565147697
10.606040118464277 0.984278357992447 0.7915671733499463
6.531190546004863 0.9558688671490055 0.3843575432591044
8.313825502881834 1.2115074052013635 0.03264745663618221
9.864861155776852 0.9575808606926075 0.6909510639295825
5.041459221430646 1.0869480671400262 0.0383390615408095
8.091093721998108 1.1254931159379271 0.2356344267963864
8.802806016024222 0.9991427841042055 0.6602121935420483
4.219001221878468 1.113418555580514 0.09922100169617187
9.3379409501679 0.974670527505244 0.5671201486423249
8.887249459616609 0.9021240765572024 0.8222183004044985
8.663182552746527 0.9590061018698058 0.55338992306491
4.57793867985421 0.9678413795194183 0.3514034092201251
7.998804504514528 0.9089840057259368 0.945782594433241
10.76345989443972 0.9783505943812054 0.7991538288515289
10.068419759481653 0.9929419228160615 0.7175617304234522
5.657694185142029 0.9261686022147579 0.5985183375758295
4.155791205819982 1.0954971438423138 0.07422194102438376
6.960981790743558 0.904674742595487 0.621819730364955
5.659883193503694 1.0572772583874592 0.3396732614317822
8.947092415783866 1.0194794779990906 0.576916174859427
10.86270264775573 0.9453554627839305 0.8670858371381069
11.090737292077112 0.9667944062719107 0.9354186721964453
9.809567960950258 1.1008070266767949 0.23039886977012952
9.002034928449099 1.1996334509997673 0.04801916031650736
9.41092578125352 1.02878921566873 0.5363087518913148
5.942697481181744 1.03283163177793 0.4100432581948142
5.1071529112947385 1.058822135404821 0.1002964997085012
10.600383337606825 0.9777643691899943 0.7728307508798169
6.630959714740634 0.9422040733377332 0.6802755215234506
9.499251313510488 1.1805173254925294 0.024893793687982245
9.15089193218666 0.9547073112527413 0.6316820446565753
9.035643786630141 0.9498656238197999 0.886926171128784
7.934535786718618 1.1697560290840356 0.12519819655233175
8.875462025766383 0.9631496733629679 0.5675707437135984
10.550227698344848 0.9739532629170609 0.8320013558579115
9.416237284802417 0.9409709915050702 0.9723144961119555
4.419466461318811 1.104249909872685 0.14325520735066136
4.53205695934537 0.9956391251487845 0.34661602878766606
9.36915322744149 1.0674130185656452 0.38307701845294506
7.90825449917239 1.1431049409425342 0.18814901743866685
11.339523614974205 0.9620307042226312 0.9341159917241505
6.627129570485364 0.9367284997714896 0.6884953421511029
7.24038615495043 0.9519202724565665 0.4529700541828012
9.10594109953714 1.1240292767620703 0.22631189867144905
8.976457513678595 1.0129208021567357 0.5961751052149457
9.702830441077467 0.948943666055889 0.9520924553745556
9.257402515310119 0.9446724629570411 0.9303154025584831
9.525374230197224 1.0457976468776717 0.4493979068962141
9.747730624817695 1.1282049806271877 0.1668246180413239
8.14532622390498 0.9742482190508897 0.45118777987662895
9.532703856957284 0.9706641457763111 0.6223084415153007
10.522832651617307 0.9590525273808721 0.8009321113624862
11.60426655732251 0.956433158413604 0.981763464486052
5.700769277654519 0.9258375046864582 0.5871813596790041
9.34968821694067 0.9889649122214567 0.7055316674404909
8.59962017581401 1.116619222966417 0.251826057128072
9.738157103459187 0.9165873637041265 0.8691972803495949
6.81777931189878 0.9207023409346551 0.7372830380447888
7.89646710359558 0.9206393139461007 0.8678657269708321
6.111745145714661 0.9438432615439978 0.6109677463031129
7.2103694031021455 0.9114454448218791 0.6330290384386045
9.370720057508343 1.0361207288984002 0.3737383724648275
9.014632029039284 1.0219855886554008 0.5517278898030242
5.539465446656939 0.9193610546704751 0.511983550349994
4.263731767753363 1.150600494608221 0.018816395406519647
5.770036401934632 0.953138391827948 0.556179677896767
9.510068016208235 0.9867127907697354 0.574276746501062
6.249918999385375 0.9558822918248013 0.3838842256800382
6.501730806218932 1.0761891416807126 0.3266023467216821
6.766291885885192 0.9223240587664293 0.5443596408262422
7.456736570362221 0.9418216505264736 0.7475806033440505
7.832571489988345 0.9825585743238464 0.40043663045116956
8.163481590603386 0.9004300332329073 0.7949282369616915
4.608717422435305 0.9999591142520812 0.3432207136763259
9.780192517877376 0.9631183993775684 0.702942598225629
6.4222136392098985 0.904763400480018 0.6569131257126414
7.949254175423048 0.9572878867638321 0.5075111410841011
7.61259937252369 0.9743551865715916 0.411992908897424
7.548517061396641 0.9008379264473808 0.8480929678591361
6.088107162673323 0.974295080799257 0.5427734027367525
6.803989913569595 0.9174465081888299 0.7246904743690457
6.7164786977685775 0.9903375769300499 0.30977684096557995
8.34460730735227 1.0032587787356797 0.3767051681469932
7.565959371391392 1.0309314246112553 0.48306838716848577
9.729842754749132 0.9629958463361024 0.702717809713109
9.799439235958978 0.9812881124655208 0.7179128730568464
9.10046715604384 1.1651387255300403 0.11806074420674786
9.426263368109192 0.9383413194786274 0.9550816236299068
6.530968446442129 1.1482664602770916 0.15673280771538065
9.214787256748409 0.9530821781837248 0.673723198523599
7.369977542391467 0.9455655727418778 0.7219913246420706
7.726737878439403 0.9071806222905962 0.7245042253914442
5.055195582864636 1.0977579922975909 0.20998051425937372
7.512886483627176 1.0531674902398125 0.41470976001725
5.457179261513687 0.9278734665455037 0.49552458030234847
9.592687808774578 1.1044288629838603 0.2140273424544337
9.45530300941767 1.0476504133359523 0.4050200077622485
8.020865426436155 0.9924947660905912 0.620212901862382
10.054674358566949 0.9656002818173506 0.7826974685369815
7.674411574531728 1.0379451461849079 0.23709785554828763
9.062875031650288 1.150711422634876 0.06189076519819418
9.915242554798208 0.9656341168482028 0.7493384262299847
8.562354797848306 1.0541445043260098 0.4256483679330847
11.081660242727729 0.9473208918538173 0.9829723463676835
7.961126243973331 0.9726968881419795 0.4559042465991733
7.044325523109791 0.9357271207164292 0.7072311742588808
5.3400139654413845 0.9939976420512623 0.43305591711394786
6.782258141282249 0.9150645591416009 0.605992879143985
9.999637007616672 0.9589728641056895 0.7905986952798163
6.723788673068045 0.9559430770402116 0.6306116348916958
7.833525172824999 1.0331113983106563 0.47949076593978446
8.492271768626896 0.9197529579039538 0.7529440137928008
9.703354238626298 0.9178418868531557 0.8979495526774808
9.350585140507123 1.0031627446783336 0.5222207480041369
9.006807662261068 0.9479499472077768 0.8437568927691873
8.005775511626126 0.9032316959430048 0.8046515956192637
7.016757671226472 1.1110069364133783 0.25039842196701095
7.835396834653604 0.9620496394339837 0.48877753330888046
5.603741143006779 0.9818865539984953 0.30006262841601433
9.48473322874804 0.9740622289338747 0.7318918806307828
8.63511777608349 0.9739580930508442 0.5299407287033996
7.679827841181472 0.9833691976705772 0.6245326483994331
7.608930715077511 0.9178633554815547 0.796132083128948
7.232178498114179 0.9190872844468431 0.7486068005502535
7.6464265186336 0.9584299107581908 0.4859762678337018
9.53819099975722 0.9715269995178798 0.7400404899291866
7.150668654696219 0.9161832648262151 0.7395343955334795
10.051598344088394 0.9134639102510987 0.9605605256370614
4.781747046926492 1.070532497011651 0.23825083031799174
6.802722509125376 1.21097872657347 0.020825340610024057
6.633647843609884 1.0026812115533623 0.5073738539890916
9.103078631926476 0.9062586619127173 0.9015841628166769
8.970518450099881 1.076769789486299 0.2220057968325029
9.043959416023377 0.9566241538360313 0.6610955382058323
8.601836282464754 0.9152695811277771 0.9256386197021799
8.703502632270542 0.9206747074299292 0.9187991014296288
5.48899966040555 0.9346947064055349 0.49857026677607896
9.004106903354582 1.0296732436413139 0.3697060048316528
4.355485523138057 1.1515660331364959 0.014818016503654986
7.745686186229021 0.9119081515261772 0.7392194373065827
5.971784789845472 1.0998166683062178 0.24697372411318913
6.893072546179146 0.9459449280704482 0.6594762309073059
6.939537723004353 1.000514890863378 0.5295485666231887
9.114086351702698 1.0388622424796825 0.4534809710276489
9.46840685766611 0.9699165607095395 0.6941554037084267
8.479637032181605 0.9672891530153478 0.7164075372121347
9.40592096407385 1.0781266960340434 0.29613184917394103
9.270249545050483 1.0023921363189732 0.5340874075712567
8.676953098990015 1.0881019963869782 0.3150026735667925
9.668367789971683 0.9400071610947447 0.9183421356518219
8.708281955352405 0.9383470631461834 0.7091209277065809
9.029117329323466 1.0013027393893577 0.5941287498891092
7.487874896058518 0.9150926521350345 0.7537374322927918
5.692439280831701 0.9597512742774092 0.5142729464528388
9.478690822302699 0.934994959095989 0.9253210694329922
8.213994137511971 1.0018220251083325 0.581733897708263
8.016109614357044 0.9531991522213188 0.5561561097958988
8.229490200607572 1.142231856918479 0.1800515779483035
6.479319963103707 0.921894870010467 0.5753681887341067
9.567265801891509 0.9187886196482782 0.9104270667762651
7.92034376509738 0.9181878790407606 0.7322509582750741
7.740591528320127 0.9537096588988083 0.5251720254872174
5.966194009343333 1.002060063615509 0.46033414588298266
10.122786788321758 0.9366814158785213 0.9324564318207882
8.814261228760008 0.901652776758022 0.9627307553900425
5.726846519151085 0.9383096494307291 0.45257839773107894
8.850143121191605 0.9113217572845119 0.9459395350904087
6.399319992436029 1.19477683212415 0.04619750050610807
5.4449779011364114 0.9504800747024613 0.40222922429811453
8.88437776147106 0.9346151599977064 0.8575695791508842
9.981563924695497 0.9303720246314708 0.9241992177190097
7.448033673293478 0.918258193739166 0.6933936972801423
7.806847379471268 0.9735089383929691 0.45177861694043153
8.46849304370673 0.934541009590175 0.7089348416365755
9.254419867565971 0.9555109748729375 0.7316853299286007
9.117547239125571 0.9513581248495285 0.7216761100598124
7.777197671519568 0.9347761732402003 0.7517934951626465
4.729951795459597 1.007584477079639 0.32826532572158906
8.656568348806234 0.9164079778895736 0.8745277353577601
6.8374035970479845 0.9424804968055943 0.6492526654927911
7.668114852603225 0.954402357916078 0.6927705428836832
8.815128516020858 0.9385768611105582 0.7408441631143541
9.275077624952866 1.0740342918394377 0.27174047361218095
6.914587439056861 0.9342921590275726 0.5411170061284141
6.254873193813863 1.0029864824765278 0.2692318172163395
9.539099267696226 0.9079918008794053 0.9724905389993383
9.147556860864999 1.0040762766383098 0.5272689738497924
8.128413898568464 0.9198080170733665 0.7832370086969159
8.304929052641372 0.9675882678443037 0.5352277938068735
7.660062967363189 0.9958057575771005 0.3614171488318763
9.192371936324113 1.042343190175819 0.4023212159268067
4.72243270089602 1.0978710452567542 0.04627605247573872
6.05563089258418 0.9959831242820518 0.4756318099860366
4.6444595265507225 1.0355298526909857 0.2713063730359547
8.463854361518734 0.926299397302603 0.7816376005454214
8.87360449676329 0.961104247380657 0.6527928877705713
7.958659126350396 0.9360393916852414 0.6506558729918676
9.038219158928198 1.0343892670669246 0.45068620867536413
8.387853373612469 0.9567247277240998 0.7248238992515047
8.822222564437899 0.9879768418462748 0.6257828437454422
7.486879668980242 0.9327129968270972 0.7132249229244941
8.616955909398746 1.0145179738636199 0.5330051744853833
7.069833244385375 0.9244797316613332 0.6527516406141548
9.056870194624537 1.0175012496213662 0.4898301581520885
7.580466967491464 0.9587328441852953 0.6646510285833062
8.425544116316626 1.1201847285369968 0.22822893219961346
6.632276131414052 0.9285622154818224 0.6106776094451122
7.382079698280679 1.021811532516068 0.4820537661607897
8.536817436387716 1.0343830774649097 0.46542993313190945
5.632602897537611 1.0535872482636284 0.1366766417689824
8.698624545631514 0.9485143331382592 0.7129380775958075
7.5262087883225135 0.9620716436707262 0.6498563111121287
7.288006099864148 1.1250333359129465 0.214332250385623
5.476610087229144 1.0364807606013637 0.35010818717557596
6.334607471098286 0.9311898204633923 0.5496989515463845
6.655970669656506 0.9291465703004564 0.5982803309798581
6.206796283312027 0.9531419351877911 0.5585902358376418
8.666090075305693 0.9676800558143969 0.6800819029586918
5.702670124204111 0.9607861742522095 0.3790381703163398
9.264805715413386 1.085340461019607 0.2638035823725994
6.734834089231946 0.9618768355871004 0.5892194669243398
7.749200479468536 1.0774235674798733 0.15814010071754594
6.287112176861243 1.0607334588968291 0.3404656416816415
5.443243302918972 1.070775170535939 0.27801428378401505
6.439815169339292 0.9486755989507232 0.451997542166423
9.149621276968857 1.0896634324774588 0.2214342530468574
7.717010118548474 0.9339123927553339 0.6683977874853456
4.958458574691631 0.9916139921446411 0.3696983386529658
5.305213937738124 1.0750649250177489 0.08850003909234429
7.366790304847015 0.947522927073622 0.5380861750272038
5.451412366800257 0.9513513874913617 0.42624986963217554
5.217220361011773 1.148025748934666 0.09957487181399216
8.437179305408703 0.9502072773243542 0.6818179665792816
8.287539736037385 0.999021508207765 0.5689011324809787
8.616404281260241 0.9606464507046318 0.670712080228914
4.52424478971845 1.0919444313323616 0.1376099013671304
6.298864965212875 1.0928033292246402 0.26684722820892093
8.7117360506744 0.9945413281281191 0.5780798385701186
8.30803093829498 0.997208500632035 0.5736609978040816
7.1092328122336195 0.9904839358071702 0.34949184235369213
9.010645148563954 1.0810642490612956 0.304901012951636
5.520957911645127 1.0502264753406554 0.14611042434081525
7.04918208040729 1.045950664611413 0.4019937255626062
7.509617518184644 1.0670922124448936 0.3584013948145544
8.904388667998942 1.0178406698952491 0.4629356030066534
7.769535315475908 1.1216640663180093 0.22344180839823682
7.780192719796698 1.1303356481238482 0.046357779137632144
6.898405514745946 1.0573134925900578 0.3672088897785161
8.679447090589337 0.9927121568125693 0.5248958507597035
8.481395402663459 1.06695514738192 0.3590288891162557
6.970385191762475 1.0521693103533778 0.38165774115240936
8.336050874866787 1.1020594875811673 0.13714552777152458
6.696482852838443 1.1794980666051245 0.07873643963787624
6.601305340754974 0.9750910674939433 0.5431560999643872
5.102696833351548 1.1510671185090946 0.08233020289538641
8.953069817281698 1.0858433893039787 0.2913775801484859
8.020054032594269 0.9700623311512391 0.5222817937999229
5.5147190294154225 1.1069879013982291 0.20217806240483208
6.18669805008016 0.9896755852636141 0.48423450631643034
5.915122259333302 1.1556282780153726 0.11220983908841707
8.530942241651445 1.0725957400895263 0.21847370058809906
7.806608773650336 0.9703401310731443 0.4956689216235448
7.066827408612857 0.9609457131030371 0.5999736189624224
5.5617507042703895 0.953599757741193 0.4474280925182439
6.7521313826917115 0.9690877506740131 0.5626738170730416
7.911923783890227 1.1634071025646873 0.12265394366732035
5.472029892141068 0.9610163734254829 0.39725736147630636
8.98906418537077 1.0737065153758802 0.31305270307379446
5.048113571864196 1.0166388916382652 0.23752163672428156
8.865382751167967 1.1118297512634958 0.23059016298127902
8.101368180896158 1.1487705823735652 0.15580631369349854
6.319286220829193 1.0567146849510123 0.15201571633882602
7.939211951818223 0.9718442062809287 0.6187876657249127
8.795308539049046 1.0309117468779887 0.4295771958630169
8.359659924513117 1.0444369834252218 0.41879529476216876
8.169332591068661 1.1806153913088673 0.0800531984349697
8.468339189612772 0.9982833232616419 0.47244209037678736
7.353944826787222 0.947301475813304 0.6184283289745611
8.861826502953747 1.0508469385801356 0.32130000762867283
8.070988880748079 1.0272412765483596 0.4676062212741269
4.986520767763446 1.1305320057941142 0.11405306189770885
7.671244224879725 1.1993472780534369 0.04097723396895054
8.14154138276131 0.9837903340753655 0.5861804624045167
6.024653538481218 1.0596955238960968 0.32478009650755474
8.044411437336688 1.0911461006598364 0.14854144776002084
4.682097147507916 1.0453104078317539 0.21998719586379087
8.897757679554015 1.1270077825005675 0.19011919555292478
7.983697915136615 0.9607468552009275 0.6197310036182508
8.307877722033371 1.033306868617557 0.4476835502523587
5.252400412987976 1.0647722436246965 0.27012194487133345
8.01860359580971 0.9660790757077508 0.5678409440634705
7.903618975377004 1.018124812764 0.48897929766544984
8.833453214532122 1.0732649313467437 0.2464191096175952
7.796704099055283 1.0818680406963954 0.31663681385217385
8.897210355906369 1.1921605151005368 0.027081485909228473
5.389630487150473 1.0549295372434861 0.1417805004714225
5.41333381651242 0.9795277635583874 0.33745314975359375
6.248668261581686 0.9469474142832219 0.5160958219183457
8.057552996652603 0.9701696342988803 0.5551209087011811
4.596692140608173 1.083249825031737 0.13748924755689135
5.139132978683591 1.112211748187515 0.16364486771526124
7.984625587072308 0.9704385781937962 0.6022876735576697
5.811531670705259 0.9808338379920187 0.33478102348889177
7.419841466824005 1.0160470738780205 0.4796972351170592
8.76076671477219 1.154582357351896 0.06183859477403648
7.297437603489476 0.9756293781528553 0.569746920028497
6.331011301306118 0.9906037728774979 0.48283317617489324
7.4361588704101855 0.9817602043349233 0.5627061592840014
4.648791729137473 1.1542304443867262 0.023834953541383166
6.50216918338594 1.0391384954507292 0.20301704686953662
7.277566338446695 0.9614814316095355 0.49722891642093386
7.91974666375641 1.1202499106940578 0.22078904425333964
8.872291043485315 1.086816654916347 0.2809473614730018
7.535331706228673 1.0138558984630466 0.3175499327399919
8.740931995438611 1.0996265788023607 0.25756960816382857
8.668297446373462 1.1457790256840954 0.14954172698973012
6.939761350473573 1.0821123799734353 0.3019314993873949
6.457429706284746 0.9571590042163806 0.5372609013151288
5.333926916109995 1.0707842173567896 0.2612993650487282
8.091503975339691 1.0079495799612117 0.5106367155049373
8.351899151699428 1.0264602659002375 0.3484331323867892
6.73235349984631 1.1750650779634213 0.08506203022398798
8.381607295141887 1.0373842342385236 0.3136956516620102
7.955855818460357 1.1521527452247216 0.016329824620669998
8.924142707746642 1.1612844604598211 0.09284042608466592
5.020067098521304 1.1579641830239886 0.05477119790418361
7.814847981911413 1.0456438376293906 0.4067781933509452
6.862385526158549 0.9686038629490469 0.4276582903845586
5.369287397460278 0.9722743986686905 0.4013230299746056
6.309976700520746 0.9631151528344546 0.5162000876692929
7.998446711259991 1.057124889607589 0.3765335291153709
8.946854261085555 1.1141745605373667 0.16677711836757148
8.7067972493834 1.0443983456508525 0.3411680648215623
8.556794356639708 1.0703074211604053 0.3324267167791718
8.278656091776837 0.9959709173386031 0.5204581709642734
7.580580362361907 0.9668067125346772 0.579959990034434
5.1164792365811405 1.0395936132814465 0.2994849280260014
5.0914531791046205 1.0108455692559366 0.26576147602323863
7.562652081505359 0.9718738330025344 0.5739737284593907
7.429251729845314 0.9601587535619521 0.5514251061387416
8.177799180518035 1.1154216605296177 0.22860995743897872
6.782410132506934 0.9659909344555152 0.43727269504541194
5.830416225159672 1.0246227482867731 0.22313255643897525
8.435546402628768 1.0839411449911267 0.19453861821781782
6.255415800593951 1.087249903395184 0.2687114986731112
7.293545953921457 1.0792251875116414 0.14439665838770827
6.693587412520495 1.0735131507550553 0.3128222100123294
8.818568830050994 1.1517141164309388 0.08183377309091697
6.780824801297539 0.9637398889961729 0.45302020787985525
5.283735287316157 1.0822035456754446 0.23110388081615668
8.420995991142876 1.06010846681818 0.3579659103608659
5.080856314168626 1.0940118030398966 0.06592935717834027
6.794208249512437 0.9602091629252851 0.47667796001760554
8.283125200807518 1.0267150030565957 0.34944328315011713
5.409696101106732 0.99855953074422 0.3864245277168007
5.896503157820501 1.0202672263897157 0.2375629102813101
8.632027789890067 1.0547741298306859 0.35564937697864024
8.114735902645721 0.9923529049465101 0.5088142460047217
7.716235819912768 1.1462127974805074 0.020467987652904966
6.1506903899115635 1.0015759781074118 0.2925137055171602
5.960162816591881 0.9676563563400705 0.3967014684982867
5.690062765496268 1.0344653720122698 0.3495134013808727
8.951299710129703 1.1002799470759244 0.21621925485412588
7.027191834013909 1.0287698251383997 0.42505632709518354
7.807865344956227 1.0606808977042528 0.36081423820649594
7.861024345139477 1.004067278330125 0.39116575765657396
7.279668189643633 0.983733717576872 0.5310668096359351
7.866898849306228 0.988001988538188 0.47139493541020305
6.154826363637039 1.1435881075067882 0.1386277359399527
6.051565663391504 0.9742673386598033 0.4695779780584885
6.094692113073551 0.9924133559435185 0.31837169704993096
4.931704167198731 1.0321919777300212 0.23358492014676197
5.246911261021108 1.10787776547434 0.17249447997252618
8.636843673728402 1.0532664155298144 0.34788583588344724
6.837239715597642 1.0956275291381894 0.0917447055028766
7.537858815168995 0.9925827882635889 0.5189419620533031
5.228520574940193 1.1756900026120172 0.027536898310130058
8.601382977633607 1.046444777885294 0.336076258505776
8.294064212701018 1.051989770935555 0.2721295191788816
5.016726373057486 1.052850842929789 0.16826295384953943
6.515318693730562 0.9916674683865118 0.33658748949898837
8.349887782707103 1.074451618053557 0.21702311469102728
6.515062027428733 0.967820745318513 0.5058908663959572
5.010332343167397 1.050846205146686 0.17484176712565852
5.832320339718198 1.0739197545101995 0.2765558455541342
8.637670322193475 1.0980766480501079 0.18340170052273944
7.686535351321593 0.9847794222981736 0.5244099212399782
6.986539889178106 1.0356423903055456 0.404194393378512
8.636009991353955 1.0731785710525221 0.247097336282067
8.008649568769279 1.0047836175831184 0.4193282303030378
6.8240363186788375 1.1592468955285862 0.1167941704606373
6.194009162309415 1.2019167478788568 0.011923653062946354
5.50518282008519 1.0741183016635025 0.2573830069131708
7.59949343162757 1.008638978455498 0.48023410449621806
4.884489325963266 1.0436299419363095 0.22332142659546428
6.183849045605621 1.1020830608268275 0.22944279649557558
8.137334103521523 1.1247468711845303 0.20073619476561658
8.475956816737552 1.055702131539992 0.28354741850281484
6.21669632780625 1.1571165029722483 0.10818722221414742
7.841327694630829 1.0211937906760533 0.45138497657888565
8.42433894019761 1.0769693327118044 0.30660283225709634
6.387477119070153 1.0473492000046405 0.35464142519883163
4.703661652239228 1.128034046938899 0.054718063974057464
5.8180355716615555 1.0026046692945398 0.40729151038442557
6.205578032746416 1.054299401936594 0.16765359307698996
5.516299269994374 1.1364323165129386 0.12503318206747532
6.755992981885045 1.095926889139135 0.0909293769968739
7.995069900256441 1.0682113557724426 0.21279200882767765
6.704287269256014 1.0172348999899787 0.27679882343984114
7.433281050040078 1.046385797386597 0.3853609021548549
8.73185533547568 1.1227260694646843 0.14511717868339083
7.821827419847795 1.0131888311072959 0.36457705151967384
7.585432017783404 1.0955557226543808 0.12811285121911148
6.718762921664524 0.9856854578023555 0.48724532638288903
6.281632687811005 1.0435386044693389 0.19720548404402716
5.788915140788234 1.0201892568775464 0.24482383557504528
4.9789257170752474 1.039499203843084 0.25760869780320966
8.721211640877682 1.1504316141550899 0.09776370116993577
6.7457569526769845 1.0750732853864244 0.3032902182932157
6.5718348695557935 1.0161732620722372 0.4248759445277832
7.250881787469432 1.1176509314935181 0.21453584536924236
7.9151525687376605 1.0019056768944021 0.4514085542300378
8.520276391862316 1.0527538469294522 0.32136371256212953
8.210069936201323 1.0804049764198032 0.2995683793771872
7.580462835109319 1.0193307127755624 0.32314348896218703
5.867697756377288 0.9898885445928943 0.42152135294468035
7.438887705605142 1.0985645690407368 0.2597020040396399
4.740810893978624 1.1415448212928425 0.01360891901551315
6.564500627222486 1.007544232522025 0.4388464788940277
4.788815223442889 1.099973367233645 0.1029543441376545
8.476882569869462 1.1695177495732172 0.03000773471554076
8.134255449993512 1.05407372358574 0.3607782016958726
5.999216781955234 1.1051548008261662 0.05298890368773258
6.378717226231661 1.041400172134421 0.3622088096422707
8.410836055548291 1.0546945034711583 0.29154913380458686
5.076645877788689 1.0605674762029411 0.23951869071311196
5.807209254677206 1.092017212852371 0.23219107060535726
6.958035913919684 1.035546657556071 0.244311399059967
7.59973509397231 0.9986535429235738 0.41111469759042396
5.744809011836566 0.9880459398047886 0.40679605320892315
7.100518006706288 1.0662994744892391 0.17590416296327394
6.742785911141645 1.0841235128573061 0.28050971740550956
6.969956789486018 1.0779371242523124 0.2993139560381951
8.389541326519025 1.1450356173044325 0.14148603479254399
8.318624009539892 1.188152152238305 0.041461564457349026
6.6274224706142615 1.1258078404210035 0.1844954938862537
6.343373800253685 1.0336188437651788 0.3748541711860696
5.411782948032542 0.9963479098833454 0.3554067047801466
5.075117933956065 1.0439451326064817 0.2619328673122186
5.2663357584441 1.090441499169343 0.20054085907171718
6.752471873908409 1.0523431590565697 0.19552816673508222
6.915478949036384 1.001541498805 0.33931203887336486
7.731234532844631 1.0650912711810947 0.33671235369464464
7.200389221565835 1.1867170979613837 0.054939610041138454
5.188889134744162 1.0485021789129407 0.2706152929983243
7.1823197442932845 0.982995950092856 0.4520994689179257
5.6870495740104605 1.0080832772303923 0.3780737525077173
8.47293228582949 1.1917981085512466 0.022645916383709067
7.898675203957687 1.1221180654128813 0.09087442592170969
7.094479092183889 1.1091949434532535 0.07993932026040598
5.329159886150695 1.00557556029787 0.30687063332865694
5.6747313307378064 0.9984872469615852 0.3126070055878796
7.19654056627437 0.9948099309579833 0.4758244802756418
7.383197452313276 1.027713236075614 0.2896160131962995
8.051079859799717 1.0259993671143186 0.36056808685543557
8.618974270956597 1.0938140139323946 0.24317076387889883
8.51297029998589 1.1116924566564723 0.21255833290316625
7.341801645339556 1.0272719781435418 0.28852793749570554
7.3418672344023665 1.0007356374498806 0.4676333633306764
6.940262327360459 0.9815584163902635 0.43129694354600673
4.897616207090586 1.1137119729300882 0.054224485065701995
5.498955035677492 0.9989323881832575 0.3646837820234777
5.089508344104937 1.0326049241005573 0.2654064550774768
6.866341922309019 1.096213309643291 0.1002008340384315
7.288704442117163 0.9973256477012369 0.47002186910127214
5.653384547126505 1.0910949903751637 0.22317745870591404
6.295456420105305 1.1799034903973125 0.054626728789330274
5.848294992999053 1.0036665779128926 0.39346976317177185
6.054436364075146 1.0254354779371753 0.3724507716749776
7.782391693749494 1.05294421978535 0.36090437924381935
8.499453674065807 1.1821171216558772 0.026078175203656774
6.6450474115717295 0.9917888419035413 0.3620873421514296
6.822299221323078 1.0774437806878423 0.29417578398143696
8.204786080470678 1.1100773882601014 0.22415646295856176
5.364128326364261 1.0737647533534997 0.23805970349013245
7.5492764466610645 1.0914237556977548 0.14219586049601865
7.78628892199003 1.074050217524571 0.3117517083946276
8.208347084826206 1.1237366520046816 0.1920873570228188
5.537607234359189 1.0895147082323902 0.21863961099985535
8.482027542146323 1.1931802356123267 0.012033320456105938
7.913409069838288 1.1067417167155273 0.2354786363835299
8.016912290592407 1.0614204837265138 0.3369420760716622
6.807674291154681 1.1213978957636446 0.0455413685690701
5.937163773882967 1.0824001794507305 0.10637014227297689
6.6009665149222165 1.0071823155258217 0.4295456751898781
8.112860447723676 1.1481583758916354 0.053261121128301024
7.413578021178733 1.1307632771701042 0.18010658666665427
5.821122686797645 0.9854046445500557 0.38569970491428335
6.845437853929743 1.1021410721165492 0.0885209892900896
7.942093730573394 1.0237639513879362 0.40130554718748723
6.643879028481827 0.9819964434434874 0.4163374537717242
5.444277607457579 1.1204927320875044 0.0220463969288709
8.224066454369902 1.047479056411586 0.3460925442006748
6.633548035303631 1.088533940353275 0.263543285649958
7.902384360014466 1.0207792555358441 0.3817058965921017
5.014935565734186 1.074099852733211 0.1475801457387694
5.322434140080347 1.1027097964685824 0.17355924569424325
8.505031136262867 1.1508878932949056 0.09099523664351923
5.8266334016059655 1.1204900335532546 0.024284550460088428
7.114535770792619 1.019862668994679 0.42014499124456944
6.416557030332898 1.160493202123579 0.09754061636641043
8.309408106390254 1.0815901046070275 0.21676416092159584
8.381532623154193 1.0639918375995454 0.28283830706936774
7.123847232287467 1.0553030626399746 0.3461243023304886
7.352864096275237 1.0333092632172924 0.39666548850434347
6.676557567219399 1.0009426467468365 0.43748304081459005
6.572575363088706 1.092134338903588 0.10263684399531896
7.478914915251872 1.0163233681128003 0.42814927757729065
7.04610797606669 0.9892056938841418 0.44161253981227055
8.12556290267172 1.0738543288940372 0.22200261999135823
7.82301237530981 1.0959342015966098 0.2576853368862215
5.267420601410251 1.0298686831557549 0.24988398485985408
8.086976428166006 1.0370781142766652 0.3484113150024607
7.125028334634274 1.0855350791984075 0.2780864037383176
7.690455883301803 1.0733777675554959 0.1955444848968811
7.318364825588278 0.9977926133144267 0.42252483189566487
5.7767852886667725 1.0353406044365903 0.3321418789455152
8.155168793216497 1.1168413576096803 0.20451782073197408
5.030617911043413 1.1245115443395286 0.09408097669607654
8.512024685139078 1.136638764400285 0.13473010310464908
8.273015116539975 1.0562648514095136 0.31615503731793054
5.190103330944204 1.1060261760765009 0.1509934706888148
5.927690619900181 1.057088858385361 0.3005893203127226
8.168443741203678 1.107087381194947 0.1485043732198347
5.0439787030896195 1.0689040388701976 0.16992339217123575
5.69971020762306 1.0261423512475976 0.2451110870095889
7.904017453937984 1.082400264449382 0.2858686426592224
8.39554503767459 1.1748419732741113 0.04081180826922608
6.642558887589233 1.011036410591871 0.417212071439274
5.645348890594658 1.0154549964227297 0.27595985151057845
6.818965207406514 1.048495525744122 0.21559090921156762
6.883912522204362 0.9954390494747208 0.44179229511013257
6.887693498795295 1.0146670081926594 0.41881550984094784
8.207330009924789 1.1490807814337072 0.06448396601363104
6.093570121605673 1.0850437887604205 0.2508902056973026
6.943348074763314 0.9923032735300659 0.4043694941843084
5.679956217989771 0.9995269951012837 0.3624561979811272
7.798032887269834 1.027760700349109 0.3409688404626474
6.517912595964946 1.0448461685674686 0.3486349886387318
4.969700294892451 1.1352889673279254 0.02026050424612496
7.400504471828267 1.1435883679841108 0.14676968199025517
8.311373885935412 1.1597706186230394 0.09202524710557305
5.232125296635111 1.0338562945993406 0.26720530001005427
4.928330370044327 1.1288283995603048 0.055603171087419655
7.498614771247322 1.008561172250585 0.4065166451097038
7.306692646949154 1.0015295751057183 0.41377602318083617
6.577950134795774 1.1093484264581346 0.06806301841171002
6.457598987758949 1.1489494681495023 0.12156810469685654
7.1555559078279085 1.1349668398620036 0.03554161725161996
6.446982418798875 1.1017256759484577 0.08127585844393581
5.439790585581546 1.1188162641194097 0.14262696342932196
5.257432051678727 1.0335188897698246 0.2601436033827522
5.812747532942721 1.1107650031265908 0.04913525838316584
8.056358751459257 1.0767159901991166 0.2910943212140419
5.234271356367021 1.1316547906706516 0.011135737133722064
5.498827241507936 1.0400388436121233 0.2982573072309772
6.217249385583489 1.0845847469521044 0.11372439734560426
6.9417821328078 0.9971525567512879 0.38765635009825244
5.794628248647337 1.1408165587467503 0.11546309411918369
6.986284473468343 1.0325808312175304 0.267094932949019
7.5868716650946 1.1012186295429758 0.12999761448001718
7.083174513547705 1.1097819589966795 0.08725264977869136
5.994663464902565 1.125713367757469 0.021056043213035634
8.092037964065579 1.1090433615745008 0.14375863839900999
7.404866707964164 1.0798483983336853 0.2889520146531833
8.290371725580652 1.1823532831467958 0.026918362984047213
7.67404499734886 1.0760574101935085 0.29726127963701904
7.96432628380817 1.0431197999859891 0.3498169314688197
8.147019559029857 1.1705147686105541 0.07077514700966389
7.953145643573887 1.1328997851246025 0.08369713720724989
7.875904630727488 1.0338502595750996 0.35985213148359985
8.121208677304057 1.1012190184396953 0.16413678832415213
8.391122155531079 1.1181126982234106 0.18252644655218891
7.759561014826222 1.0362641226662426 0.37192997679853446
8.273812857210242 1.1198519873069346 0.13687222594231568
6.1108035424899025 1.0945521160311473 0.22849528897632823
8.080648732943164 1.1193160504928958 0.12228528503957872
5.649934854210786 1.0508656969556123 0.18854652929406457
8.008144651450905 1.0638463180594893 0.3137247480505342
5.10672021689531 1.0969366781653997 0.14589877239315877
5.081664913483921 1.106249306504563 0.12388300649276587
5.796665839469771 1.034103870571619 0.2317930435787404
6.446831470108878 1.1188652749877985 0.04703210919578008
7.404417730911479 1.0236127706530418 0.3977008603799625
5.929738396687354 1.0570645244075216 0.2947761730692033
7.995776854188167 1.0940217953988145 0.173229790204118
6.679099021425818 1.02687832459518 0.382270656149349
6.4791783092856825 1.0341466581993501 0.2450203415779534
6.994651865890219 1.0266640935977904 0.3904569068190731
5.509784775440872 1.066545186996974 0.15325479066764672
6.658567194956431 1.0209090149765323 0.28799968128343756
5.957532918996 1.0035410034189132 0.3243494499798716
7.563804561546622 1.1436214687589037 0.04031105204016891
6.052190925534765 1.1141489009171606 0.048435237625144976
7.5074071938385245 1.0171873519774695 0.3809870777608909
7.168158736785987 1.0472653874357856 0.24066831392224422
7.899461848311493 1.0543437668578597 0.27014043538064336
5.729340417016925 1.0257137969070886 0.33293398159581755
7.0744132144973815 1.0049490207752454 0.375437551336519
6.830448712280795 1.0993001477550561 0.2367341134011539
6.301658501738601 1.108351007738444 0.06639452889734174
6.919356555355231 1.050578597734336 0.34204771724424493
6.184725881634854 1.074190220610053 0.14020821486039767
7.960770920236072 1.0463272020667527 0.31031336661694575
5.265539009408487 1.0563932417246646 0.23686642546386652
7.018513169694982 1.0060530940239834 0.41249920488635927
7.966634472260118 1.1042195058960198 0.22814269820649624
7.676490971800044 1.1561462700961038 0.11224549648823327
8.224834776005702 1.0797317197703593 0.23207093996374878
7.984034818133367 1.0643640914672197 0.30921855804604226
7.814585853952185 1.1610276116153109 0.020881168302689615
6.319314693284955 1.0106647673100975 0.38900717021622394
5.431403856608785 1.031580763216537 0.25533437508290296
5.82554077076313 1.0140459528453873 0.2927433673677056
6.730934721320933 1.0010289273465014 0.3649912102048337
6.062464606367907 0.9990857021462588 0.37651531646028613
7.0328511638109 1.0041937057422883 0.40517523907984637
7.732643504921771 1.0818093182074509 0.1872779815083833
5.063419832636367 1.1199232446355674 0.05800871120247653
7.943922174145278 1.045448750553434 0.31967482220911797
5.68659554554441 1.0410104737414165 0.305010726966617
7.948954219769046 1.1814603417255023 0.04742393952239532
6.938338502524802 1.0333617777479325 0.3738635331907328
8.036058327251062 1.054257183124851 0.3109775588180592
7.4881496037659545 1.0298466963433541 0.3159574758580728
7.280707351673527 1.079028456203448 0.17007237932921962
5.843010296869538 1.0174280891518301 0.34873507334887627
7.569629763208393 1.1451004550541808 0.13752032121035943
5.555419684905406 1.17994417526167 0.01605128792906515
7.767364969196851 1.1167208935810604 0.11151568084697372
7.343299765671459 1.0557274283696751 0.23043785946103745
6.012069773647399 1.1336974017119423 0.13625237295107298
6.6093754984760515 1.0017408508445378 0.40228385230132935
7.43147650546779 1.1422896052636486 0.03869159398855336
5.460501709132627 1.0271378366760173 0.27715746117710405
6.778154025732357 1.0931053327883753 0.24734868089003198
7.689778493894012 1.0777883443708556 0.2870914678963146
7.86654322223467 1.044419033313056 0.3362676363819581
6.889314341802644 1.0266354867217857 0.38265648281580356
5.808278859198783 1.04978092420333 0.29676974943413853
6.5265795241005 1.0480247774970322 0.21546433725171688
6.854076246665079 1.0037191628722117 0.37152085884637553
8.060199953993136 1.1348563991057037 0.15223893179198936
5.8335220953423335 1.0761810818546607 0.1333468723673145
7.22444699414905 1.0254713659506327 0.38612443302054456
6.849652546231184 1.0765965587698068 0.15828417347285642
5.786510381879445 1.1633654672192169 0.06065851547809548
7.9314095305529335 1.091373660529104 0.18034221563275568
6.699039685249286 1.0139921346503478 0.31748581103072593
6.106129137729775 1.0018398487376932 0.3702916319589566
6.104349403314677 1.0151268987308841 0.36576805116686634
5.123979791284812 1.098573385399869 0.12484212139478494
7.965024487999139 1.1439162559761973 0.1324188687625757
6.987458664774092 1.0240723496958106 0.3850579163586745
7.559472602660607 1.1398476352667606 0.14767933847291703
6.9140828080043075 1.0051448314290061 0.3835721237716625
5.870030766448554 1.1736793728640724 0.04195345230946063
7.145905796948798 1.1121531010654753 0.09123502533850543
6.556535697527451 1.025830198094301 0.3714527752861781
6.128647227765875 1.042399730454711 0.22106660550947313
6.847390107467708 1.1563572924545067 0.10580398891494677
7.461520159911805 1.0280640836356254 0.32850182441190406
6.068949516581375 1.0463382911472172 0.21025401691792045
6.5107174618691275 1.0538369540259795 0.20228692097071593
6.712135238473069 1.0151885466486656 0.31694919283278666
5.37663727970113 1.076371322019797 0.21071422909682974
6.075135793362044 1.1068128810392726 0.06908821231607519
5.650210436515172 1.1582625317200703 0.06275681747620948
7.145995489103997 1.032964860572614 0.37125631903725675
7.221981577028153 1.0671193943654507 0.19897043171060644
8.143111587823713 1.1317783501552965 0.11357733448793977
7.253074477358382 1.0216422532882388 0.33386884499088376
5.403576339118834 1.0697117321152265 0.15900701227979092
6.020813526195102 1.1214191936466378 0.03784010160867045
7.246601044082631 1.0394912927101154 0.359281998865125
7.412238449823921 1.0603989706048103 0.3202903040758935
8.045735771248044 1.1636941793501308 0.04169152235398183
7.4533522786879125 1.0464543984657575 0.26706318865857
7.4311560920154545 1.0881364221229515 0.26234302353467703
7.863631692816416 1.0622645728950673 0.306816788001563
5.792961629626959 1.1116340579753095 0.05658524518081099
8.166092894665272 1.0807677192696423 0.24271457804088328
8.095376333516326 1.1654798619445348 0.04652782605722119
5.225532849984486 1.084470308254129 0.14101091348044026
5.756235907832075 1.0721882481126979 0.14634552981979332
5.458958930502341 1.1594586496495074 0.04619481710038598
7.621289215893366 1.1185734058135328 0.10390895713006228
7.322436991954936 1.0654358101753822 0.21029068573586635
6.582626193948029 1.0472493015217994 0.33159919343309824
5.44798024934231 1.051605915247608 0.25491217138133865
6.710308771233098 1.008788480941763 0.38512137857359
7.564059150947513 1.1031594148371373 0.22798075762217246
8.170779868836469 1.1368446720068877 0.1164109050882064
5.895247037483596 1.1293103601815002 0.02174865520969601
8.182713834430807 1.1005050865911385 0.1908050167428491
7.9313880999595305 1.0688665702368656 0.2884099070693563
7.9776183169047545 1.1681109683108255 0.06714697905532557
8.08027538463936 1.136833289561277 0.1383961862730048
7.150846510191535 1.0291126040301233 0.3025560473227806
7.3142513652330905 1.1188134420874247 0.08782491629496796
6.701285355448135 1.1445888991143518 0.1276619018390506
7.568787856632246 1.099572567031865 0.14402708438043582
7.045578568872148 1.020516143494132 0.37928419615908016
7.222007146804135 1.0924870414735741 0.1423023660506936
5.714458867739641 1.0976464926702811 0.08940156603771071
8.055497769284813 1.1099114707185704 0.20192676208450255
5.288672547784795 1.1147937717673924 0.06275580516807988
7.674650210384161 1.1101877083869849 0.1274975023896747
7.300807909976051 1.0833751254975275 0.16769506450518534
7.387026667623525 1.066791454696017 0.21227183842099412
7.053067282157405 1.0276582901208051 0.3025435929541257
7.747885651078956 1.055895513610019 0.3153844799061021
5.404944984120119 1.0508081380410765 0.23472488353402643
6.521935302225776 1.036119808188179 0.3468302989153008
7.707781779050681 1.0477884535897273 0.2939340978402293
7.331607292044627 1.1433769388789319 0.03767868578967073
7.6579726310928 1.1005427278605449 0.23112673051920368
6.682682696353442 1.194876933781451 0.01648981700719974
5.268382098737746 1.0843501109470686 0.1506516870595978
7.721745663108129 1.0509824174581643 0.3192856867433758
7.235699198567239 1.028009737352504 0.3188118162617295
5.9676087425977205 1.1284928912378398 0.13940281725701534
5.221120935859966 1.10173295405183 0.1215230255905687
5.271737658105787 1.1088675631061613 0.08111141459664022
6.4317248132350215 1.031098989958974 0.2651239776791659
5.205363160857059 1.107973538244262 0.10463727135741108
8.078025578592007 1.1487233965916035 0.09151629114584633
8.058728050369167 1.1326694947439133 0.11352957576143054
7.118883949642379 1.0462202245520045 0.2529643771379266
6.154048768229595 1.1325741908561098 0.021262555206982017
5.182683802144924 1.1265722381005174 0.0680046446730197
6.497071959245035 1.1187527021891872 0.05797491094198038
7.639105825704057 1.1332213935502817 0.15662292087035917
5.2735234514407985 1.099072004358484 0.10816194641755962
6.3397681433464665 1.1495615109432253 0.1056903228116116
7.991386145412497 1.1793752345903026 0.01612931275343538
6.553890756371523 1.0172557455591222 0.36834363513920715
7.136709075620059 1.1801076440511997 0.05038066763299352
5.995112109873437 1.0338435110775064 0.25147239429608786
7.981793240469596 1.0746645520164606 0.26402451458717574
5.273634984091974 1.1112563780717486 0.07889676643795852
6.272583809367871 1.0113730386354958 0.3553593081246579
7.083991482401688 1.1083070457553525 0.21190373092672227
6.752586994443428 1.0788729222114801 0.2695353077200659
5.317894949906371 1.1581829672631134 0.029115236869644706
5.805574302263016 1.12890159013301 0.02588023036611623
6.129210652856445 1.0220872398194158 0.34367350296437327
6.7672887265798884 1.1292640208929758 0.04563149700677527
5.373261300660996 1.165021714360065 0.020601880242542815
7.151294317114841 1.0493814332086475 0.2479837389150868
7.597965596288654 1.1359497068101678 0.1494728268529768
6.192431729157525 1.0918001907099202 0.22611533797236863
7.241636121047252 1.027369707308414 0.35539708184850993
5.99519693684975 1.1542026994057317 0.08241274780375896
5.796513401861427 1.0224282242096265 0.3047140795782678
6.905873224806678 1.0316863020633462 0.3582162343774438
6.800080465257102 1.0338795986552778 0.2739732345844234
7.903008379359225 1.0812267312987816 0.2598623507779439
5.7895257262381215 1.0958817823613771 0.0978340794123308
6.137848593367304 1.0135739979666318 0.3269962088164845
6.465747694450069 1.0170932828935517 0.3616582045102292
7.930379309188828 1.1824173679249734 0.024362368886573865
7.966894060729935 1.0988651054764498 0.2220839180554775
6.143702442736034 1.1340261363795883 0.1322380314433314
7.783601129309794 1.0567282887836151 0.28953016703030116
7.108488820995966 1.0625336737640474 0.30650537808847245
5.204939009871218 1.136040903330943 0.04113118257840654
6.9335659947899035 1.0210285934822547 0.36402115505100247
8.013204631198379 1.1019166875619033 0.1788004849476396
7.454830275371826 1.0393561323843494 0.33522435197830197
7.916321850123026 1.1102869496992416 0.19923884906609582
6.814400493228783 1.1020294054909727 0.22039860541387352
6.340961546737793 1.0213203192694498 0.35169688051726067
7.93319804292164 1.1691911108926298 0.05269344012342
7.722707352996453 1.0866154008838178 0.25428831207907127
7.132238637206262 1.0312777408080318 0.3542004638933208
7.596107784877134 1.0607298471819935 0.24895923012647525
7.931828099408277 1.1752775499106543 0.03445936948822101
7.71008610589495 1.1552863681397945 0.0990297823985212
7.923831841944702 1.129024240259837 0.11410655293431564
6.968777901090091 1.1247642658418036 0.06502549241885994
6.118866650582634 1.0162678705579844 0.32502091667660193
6.66052823332598 1.0742840752152492 0.27410669157894146
6.9098466512230345 1.0281280679080347 0.3026174864933859
5.343175709850735 1.1384815755949405 0.019795133488062236
7.264019912937382 1.0817967809153712 0.17566531534999377
5.907384510633985 1.0916278704374314 0.11063020720532125
8.015063267006113 1.1299865949953853 0.14110091689996512
7.906471416826795 1.1048268927401133 0.1649048941170661
5.595762621407509 1.0704001429466834 0.16671288851509344
7.428469362834004 1.1325281346903975 0.07164544281084384
7.3333980881793845 1.0524507309292983 0.32104908536885807
7.22411669745374 1.0732808543289747 0.28322192112507905
7.00017382773383 1.023695080506286 0.3488760406055035
6.738211611664553 1.076489209921925 0.27051771372403366
7.204667241134086 1.048454991870292 0.2587773564970293
7.515894318514492 1.0911306803840408 0.1684905627477621
5.581243951766702 1.139363433981651 0.0871219316596909
6.06854267376394 1.022988732052689 0.29588172836836596
7.938512977734375 1.1271420060602064 0.12331380644960876
5.384392292670162 1.1413569703871154 0.012744648247171989
5.905939100485927 1.0467921754164435 0.2234882188423621
6.347816861682695 1.1737783450449293 0.049100812823878376
5.858335237743589 1.0377506471847775 0.298674576942701
6.1156873024205485 1.1273425703933695 0.036009880438868824
7.8163689876153395 1.1395259606801613 0.08585025617920235
6.398848743093094 1.051849018885977 0.3069934918701808
6.28884668651345 1.0248720501128061 0.2905409759882428
7.038476600020813 1.130438783121457 0.05756314790434059
5.486507435938053 1.0862565350684328 0.13420471861974734
7.88338461774859 1.0805166907037709 0.2505272038812519
6.267288904940953 1.1770176968058235 0.03946805985575347
6.852288462076766 1.1292357956008447 0.05299932044696035
7.873393910390934 1.1056246819665663 0.1634171208941357
6.435789951347008 1.0184607331414561 0.32282581964907214
7.810086124247144 1.0901640244238082 0.19360417348187076
5.621829274209604 1.0652501862284394 0.18265042171957457
5.8183484075220075 1.0329420905356397 0.29354249552414496
6.580583419846608 1.1685101190136953 0.0650343336297258
7.896801065666649 1.1340583286880688 0.13728596973188137
7.24624559959844 1.039758550971339 0.33439255453933914
6.950829877782812 1.1933600992810356 0.01735638968995912
5.986429560168805 1.0626395332402214 0.18371232897069661
7.099960435234889 1.0782760064673944 0.17851729687040266
7.499348390499943 1.1752763587058446 0.053469690768273036
7.441901670179334 1.0465988531350878 0.3185646603111188
6.3604550092339736 1.1397838933819207 0.12303840199088696
5.982500564793261 1.025039149896454 0.31020654381528073
7.5030109669715515 1.053448997836064 0.2716518216121669
5.687755113383913 1.052275876495286 0.21869977147525715
7.111969238972183 1.0415890164074042 0.277696919504065
7.672602654273627 1.1161139127685948 0.18703620761859988
7.828314134487757 1.1852887829283338 0.013026763844052724
5.806715652882193 1.0362764973966883 0.26479699965842673
6.033934154051693 1.0598507331855447 0.2744549854479676
7.863805046899252 1.0883742810394563 0.23621579779040983
5.4051262274587675 1.091247448814817 0.13829724402593485
7.143703809665496 1.0323147162166735 0.33105863743992786
7.558438646614974 1.0534936263585404 0.3004082542306242
6.328208080211601 1.0479589179579285 0.22767815929815857
6.776352833858521 1.0319468415123016 0.28966356177192487
5.923860540817561 1.0300998076730596 0.28311461021392104
6.725928950721267 1.1537454313456081 0.09923123110528133
7.94035334316974 1.114992703727147 0.15640062915465228
7.622689581134436 1.0894054824935433 0.18350245112518715
6.433933126468908 1.1099614658530108 0.08236807643915454
6.371359386978559 1.1471792393006415 0.10553707092863142
7.410706451102799 1.048130583265806 0.2842153605524373
5.818328655066098 1.0643436289846704 0.25182826127645735
5.428591941561924 1.120064368032492 0.06248190973347715
7.117665948238356 1.0336491062823023 0.33258047087075854
5.832941520739217 1.0868001108903875 0.12736042651680857
6.814522268496079 1.027298344014683 0.312953978271658
7.010230094424509 1.1087101983943752 0.1065817612226174
6.66524910155327 1.1154392462368619 0.18352484758103266
6.7297987172031934 1.087848858638926 0.24361516067527492
6.063284163955856 1.1236970894371494 0.046088142722441335
7.926845767165849 1.1173526065783765 0.16722166433211605
6.240872953774717 1.1641864725638735 0.06354573442418456
5.866495581899979 1.091653089262864 0.1161821795253292
5.725334690487726 1.0906171809216612 0.1199566405187944
6.974497225068179 1.141075211654966 0.13041656901179466
5.579079636643023 1.0595621874506127 0.2226439003499053
7.537366661304356 1.093848442481467 0.23506167483080703
6.000762746686394 1.0379144733662222 0.3020196416329257
5.656799780049239 1.1050496670176582 0.08751591800760317
7.631390919710878 1.1019093644460094 0.15681590633748366
7.053083651322295 1.0359173417740455 0.2976695153440649
6.942028109155608 1.028317424952593 0.3304624316723869
7.787747733577694 1.1782661447557938 0.025919525596572714
5.871712583192631 1.1411845670699212 0.09723304063382146
7.759159329614437 1.137937266899875 0.09134513703703186
6.4829318332106585 1.0858480740522167 0.24107348526219138
7.15148323472145 1.0647699989704222 0.29352466296829005
5.967597015116116 1.168219428066777 0.04424859358126143
5.884167477916616 1.153443183032191 0.0711844821353636
5.977429490101306 1.0329472168514284 0.3010240085368373
7.684235979616993 1.0953306661286157 0.2278042007246524
6.419247548157214 1.0259604946335021 0.30137663546664045
7.707686084800647 1.1023663655737617 0.21245003433655238
7.845440680500307 1.102504424149547 0.17608242400566093
6.822509240156119 1.1060035782984343 0.20603981965894114
6.683978948277128 1.0853881566256955 0.14806673563779352
7.5613814145897305 1.1652303385759222 0.07046433812116698
6.249550992951718 1.056661095315957 0.2871237814487803
6.292130060485203 1.1160284214770397 0.06775766089475052
5.772393976068546 1.132151843618384 0.10967907490924919
5.696394072720832 1.0783378798534715 0.21393060830171995
7.778241586240732 1.1357708219889966 0.10027826974914615
7.847288765055334 1.1261459279259165 0.12851717707753002
6.955202237598588 1.1237164929559913 0.07321029411200278
5.725150139958732 1.1059446622660591 0.16163037579537728
6.7498838770422065 1.1363156125248906 0.03833312838669697
7.215029339795402 1.1485543074446682 0.11273561159448434
6.365734117638178 1.0566710799107644 0.20985671872568165
6.26017322339716 1.0432360946675254 0.2439673814810438
5.615811067892002 1.1336607535118992 0.02927122497984843
7.099998237292223 1.0741062574465527 0.27368049112309084
5.5506829859959215 1.145483506025176 0.06298940909331428
7.692141489105014 1.1118180805920204 0.19040869871640648
5.963431778763958 1.0459755274309375 0.23659503655057543
6.380638724417098 1.1464672189510399 0.10465284869031963
7.17814623627031 1.1212203925219844 0.17476783805430843
7.447256605310274 1.0603803478250025 0.29188026837578535
7.240499117149534 1.0472099554192187 0.27924020605660343
7.81036628186445 1.1237026562390693 0.15534015285135094
6.3674595191830115 1.0480084247427892 0.3035306035090584
6.663905600561122 1.1468156961158804 0.11030861008769799
7.70616143194305 1.0774312658133487 0.23142302475362359
6.097400101607088 1.1007307543128158 0.10014030070476869
7.124400300277735 1.1334052507168892 0.061756044028438296
5.918773382935596 1.1191686742376359 0.05830122842682883
7.48017686043308 1.1629643149325364 0.02309944060573444
7.793871408305913 1.0873117090246947 0.2242302896373211
5.821141698497577 1.120099114747884 0.13584498832081066
7.270535723497273 1.11622810908444 0.1847284904216841
7.556690687482039 1.1011980345377932 0.1585822374865712
7.701003036875157 1.152833484440678 0.08652466893254533
7.603476748646068 1.1006688624547758 0.16362327889401207
6.093682045294264 1.0329411134881297 0.2963262357064642
7.01539036483204 1.0633220257198257 0.2903590888622952
6.227535568531929 1.1237798648743997 0.05288043829171963
6.610175645024288 1.1771032478111343 0.04131644406220271
7.355328718884458 1.058264521830247 0.2562311726717585
6.806102817849785 1.190832826253047 0.015222786548557913
5.5607799401552285 1.084314931321019 0.15822881178585035
6.9308159261091795 1.104459481519856 0.11750978395527585
7.362027029522615 1.1004927662169044 0.14849751667869776
7.42408351632006 1.0851019056226483 0.18858000187805615
7.131513390530234 1.0433926908072322 0.3113463005172592
6.4496121512141045 1.0729235552366407 0.2608556592663064
6.909124325566548 1.1562096855141957 0.0906945756231964
6.687296621351646 1.1292945088029929 0.054239293458764395
5.799790000079936 1.170955311661111 0.02568992707750089
7.452653936458372 1.0881079770028106 0.24091326832843757
6.15076639539112 1.0414336303683167 0.2551159824745188
7.11236740645316 1.1313249501591311 0.06804007229175424
6.734796925153574 1.144773375462901 0.023666837078226984
5.976283889666279 1.1760078302927324 0.024299954784139273
5.83197078452503 1.1432185892173554 0.08470293271070169
5.643696955033398 1.1293320192805025 0.04259164929976578
6.286536064189605 1.0902323217141647 0.13032008363848455
5.564467640494023 1.121545896111175 0.06334262531936775
7.700869513455988 1.1354697290210383 0.12611003252767694
6.6908506465278865 1.0829303179611236 0.24693082230924843
6.715536594487853 1.0654951899496532 0.20309022461287224
5.45268825549619 1.1597768216990791 0.013598528955711411
6.651553028467795 1.046474971355765 0.30897808199830135
6.761742879164176 1.035060910997985 0.3016828437966043
5.885209962901538 1.0873574776446235 0.20427324785076084
7.146662673874886 1.0459041359135126 0.30160989732298704
7.639271725075481 1.0989603480988386 0.175629172526935
6.8175585363931805 1.1184359178700551 0.17368823070422768
6.804233953778283 1.0564591758418693 0.23131634965283498
6.8018344497079966 1.0434654333351219 0.31313938239142236
5.568968591771455 1.1099090677586132 0.1259640886218968
5.90376378534855 1.151516046669268 0.06931703640399815
5.668221186762699 1.1471537916755514 0.06213409681248196
7.733441791241534 1.110352158011533 0.17878281660360643
5.868406959420209 1.0523154499137346 0.25360241473622364
6.856638170758101 1.0597003110212853 0.29056270540205476
6.201369645592962 1.0423800373183423 0.29369572538575284
7.320848357212935 1.1660286106937994 0.010275697281450741
7.318651589681815 1.0659982648805935 0.23642826581407456
6.677819679144898 1.035058113995571 0.3039044355224247
7.4789272212573525 1.1397315806256307 0.07640011336558376
6.188541589779405 1.036905192014499 0.2857992099353655
6.211965708068554 1.1332671085095074 0.036365353738322254
5.793221067930183 1.0689533032390046 0.22527089289035926
6.580146737420542 1.0560646329273384 0.22617266953508483
6.426945398552325 1.1136364231024127 0.08350532655929437
6.427184170627658 1.1719868245685157 0.04485504791649993
6.486046435865955 1.0502921213064178 0.2955563844093219
7.628731072767147 1.1475885213236952 0.08576833165228957
5.993663759721873 1.1656224792984855 0.042718042587424024
6.718185556621526 1.084105943174489 0.16073205656068923
5.919057369200825 1.0718609963263703 0.23182542152167313
6.363321977917364 1.1393462308704434 0.027229284484609664
7.350233602264193 1.139395074524932 0.12491809066443924
6.554437727480481 1.0871293274163139 0.14830528077028188
5.807228136241962 1.1230319860131919 0.057558580010506274
6.019141046374468 1.079322167859519 0.1584171842084495
7.290724589106373 1.148029901040027 0.10519618095923405
7.3337154304327825 1.1562868496913101 0.03402957794577808
7.214142964946699 1.1217009541108633 0.16694625626510196
6.543349762138167 1.0820495682443287 0.2416421928857206
5.83794677800352 1.151437315953593 0.06281189467934456
7.506825771398855 1.0726436670007433 0.24670068808889914
7.142947709947155 1.0814322650977284 0.2507598733099598
7.489237241925704 1.1374560082419691 0.0857552610697844
7.65415159600674 1.1240492192037708 0.13360982258113374
6.578479298519145 1.170800459138918 0.04936134438731464
6.251896889108496 1.078697383598222 0.16290120736444277
7.431476722084687 1.0682149254448214 0.2599983169267817
6.098157802271883 1.0483069744402076 0.2460543214737783
6.989666528453036 1.0830779784958733 0.17607317272922857
6.836121861660667 1.128782626058556 0.14742342561115448
6.105427527138083 1.083917045583811 0.14919738855158096
5.826024705122823 1.072017115248629 0.1859503675314069
7.013362797528503 1.059912259274432 0.2859069285222194
6.825905632993939 1.0883650292266709 0.15699461842612433
5.9214926998808615 1.082617643225591 0.15399861572187942
5.8482953745589334 1.0618432180049813 0.2292875642001232
6.601815690863193 1.184932960848051 0.018948156228606614
7.150057707502052 1.1176668724083556 0.17423464654655543
5.932813711776721 1.1536049737545764 0.06213688130330774
5.904249712608262 1.0629650376942537 0.2099646067819592
5.702149442918831 1.0927747413277362 0.16559971865980272
7.303268319818965 1.086316299390526 0.18702205069772562
6.984356751449447 1.0840931355608439 0.1748465532160373
5.726519478066306 1.1689715184753577 0.01512923434623939
7.625596933287987 1.1172128254802682 0.1588883858423408
6.621686346411476 1.1383998509259117 0.03885998006174822
7.50244566763619 1.0834315782750503 0.21311117284406467
5.634239088641426 1.12920006149985 0.055929011911377585
6.7641826215581435 1.0856536004808324 0.1625178780664632
6.6272068816600544 1.0414533534537056 0.29085079608777464
5.904356072377299 1.09512153542245 0.12555415008171572
6.127038090220605 1.0749065181037987 0.17459414432072726
6.257272564387936 1.1361128938141851 0.11402927479849048
6.990467933522819 1.050154885281716 0.28788529859743106
7.53710078871914 1.1435955558853599 0.09227762504842466
5.662918198078099 1.1028776469558312 0.1326950351192758
7.456954564394691 1.0865422283187327 0.23039368811768
6.929199212486026 1.1109705737037112 0.1117575619268763
7.218722638316136 1.1650780058631798 0.06196550421323707
5.683677546644811 1.0975673081180943 0.1381904093730756
6.326246796579058 1.0900156399532563 0.14040860041376377
6.58217245064556 1.047948437606734 0.2587801650554291
6.52230936381612 1.1147882395734707 0.16949194048837865
6.841344603811903 1.0731822935442021 0.19767562036334438
5.74199538940381 1.1460051529713118 0.01559916541902151
7.101436289109319 1.1272658732464487 0.1499184801608208
7.356151079357337 1.1361869688443826 0.08320767832225415
7.06362527547766 1.1154404333307588 0.17636509759381572
6.97157416553727 1.1662821577284013 0.06012461388782259
7.180517442589391 1.0594353770397325 0.2636500574488039
6.431677670691615 1.1112686310708715 0.17404259019920862
6.6616647742763995 1.0474295548952084 0.29166225781916866
5.7684541256844355 1.0868022626221838 0.17646824153806737
7.444150036090411 1.0830331582656565 0.23284445105912874
5.939053649250043 1.0807462342956122 0.2090588343306564
6.068118236669289 1.1285185401162439 0.050905079186706746
6.407363473808314 1.04707613180976 0.2602568632072769
7.268657388250903 1.1387062647111144 0.07254700267482525
6.494698188686327 1.167703525982152 0.05043773691926758
6.995090924134747 1.1774857267458756 0.0351114533424166
7.42280166852524 1.1223798753857783 0.1196136839446377
6.164516069723733 1.0505062047095324 0.26284036126753824
7.244232740545629 1.1379986063919496 0.0728384782184584
7.067828234513616 1.1333759234489935 0.13423957878839474
7.154700765361184 1.0665383003423994 0.23613431729468332
6.158172096825625 1.1347188900350331 0.1104656362667831
6.102743851144929 1.0541506820358972 0.25523794176138087
6.281035654933527 1.139190834154685 0.03149732680186425
5.982882484034141 1.0614984268012397 0.235991449079719
6.277321250465205 1.0508694446401274 0.2727060203617682
7.008850383327864 1.0744306299800261 0.2567037856145802
7.153858628265214 1.1478205027776665 0.04720777477774038
6.693177245155521 1.107631574708329 0.11215387260604923
7.203270802718288 1.0947551220573801 0.16621829796872656
5.676338555812894 1.132350084623205 0.054908349505200724
6.516145331218361 1.0514485375451226 0.24990697205902754
5.670240102759301 1.1380308820299723 0.04185994720963175
7.13300252769689 1.1518530752750507 0.09004528245008545
7.185131531365554 1.0774148759803628 0.24958602536725052
6.9087502370907 1.0785197322969904 0.24862189782551633
7.504824485024725 1.1282727920954863 0.12890265652676738
6.961800311502174 1.1467274560309981 0.10215895747029549
5.972405440615329 1.1183049103578449 0.0755153682089271
7.332756296555742 1.1010383037389908 0.2025101582151141
7.0700043667081935 1.07703622213682 0.25084538185033706
5.949190331147781 1.06624402523916 0.2180028992685278
6.060510507106779 1.0709565452008922 0.23139360717159782
5.8094175882622405 1.0986091242323412 0.1575159883451057
6.876164189144173 1.0752896612903422 0.19766927327614306
7.164958373433899 1.064272616292826 0.260845502274765
7.307530855437628 1.0797266157834327 0.21428839074939948
6.3948866819188 1.0707219001987847 0.19393965584942127
7.398184673250194 1.1531893915140996 0.07155427880475698
6.705277978318174 1.1230716142334476 0.07983299905462513
7.325761905032589 1.0880249462499672 0.22544427002761339
6.004681998129778 1.1079825976711035 0.15693904175879728
6.720550469748925 1.0858031018846601 0.2308632405830584
7.386817447486978 1.112902760525843 0.14145336077772128
5.812917930898211 1.1196738764080727 0.11531667587391091
6.339999378425771 1.1248939033248317 0.1374340792380336
5.871277344795031 1.1018315680146695 0.11959011902437916
5.950637170768488 1.133557278444016 0.0442557017716441
7.474392580551699 1.1094266743018757 0.17274706093855594
7.078000825775945 1.0615904671301113 0.25970969590888027
6.183477263786292 1.1351428870976836 0.04138652546978294
7.365080003111714 1.1257991278879955 0.14311513181883592
6.686158941740798 1.0547745859484279 0.25121093284690904
6.199402475282824 1.120342945961525 0.14036499784358442
6.7852475408747654 1.0544719173757264 0.2595678195485745
7.174606361063232 1.096384178015117 0.21106983328903273
7.432515460419051 1.1268383220277554 0.13161825450104328
5.729257414652469 1.1268687752748021 0.07365010865628707
6.63381420428219 1.1067698805430615 0.11529551366901528
7.358767580200226 1.1433734423089894 0.0961665825491262
6.970485671760516 1.0944730783476042 0.15804555804379936
7.1965948359073675 1.164488512800123 0.0550169905856998
6.785396287496388 1.101476549180368 0.13365675652274023
6.918923280456623 1.1345229667035728 0.06654217496836393
7.342664378224196 1.135314811333398 0.11773815369421013
6.722432078646863 1.1328856636203406 0.12801514498026795
7.333432610684177 1.108509982045914 0.15075551149493235
6.555999921110438 1.1166200780379405 0.09165287673010909
6.562751166596069 1.0554724103003954 0.24766349154906644
6.133423391991762 1.0697523404097304 0.2321363094443323
6.787760291465528 1.0579668384404544 0.27016346620383325
7.412750255829923 1.1234235244571535 0.13607706939602118
6.5488905157085675 1.053926900005171 0.26778694879220577
7.199261512662151 1.1682200730218137 0.017712686852251212
6.922491694761865 1.1078757931182914 0.18566324977802695
7.178220361898408 1.1310176174688313 0.09067208920697971
6.600171653118958 1.0908117205462142 0.21550008405057997
7.12689284359506 1.1452475748519357 0.09936108926523687
6.767952648622789 1.0768251083601543 0.19398766533844464
7.170100197500556 1.1511504419221281 0.08409638082303808
6.739393477089502 1.0622396106007124 0.23404262434449247
7.12571122322124 1.0795521860838837 0.2070580661638755
7.0155651516481985 1.0708526289462612 0.25316312165373356
6.175910695146992 1.1716770434201291 0.027044703507474614
5.785322790453851 1.1216947551519036 0.08989862433824021
7.226221346229085 1.077218187717653 0.2290898212295814
5.936182113155619 1.0871955607179857 0.18057012352236246
5.890407105380703 1.1157219893846484 0.12331188982933601
6.279477630670851 1.0611634926631197 0.23045060796955785
6.878728396676912 1.1745289996341142 0.034536895345240515
6.815110477811469 1.0591916290829724 0.2553925071376041
7.021295531474319 1.0965909479270266 0.2077274860958758
7.249944001100047 1.166711226894295 0.038802820647952325
5.811680885020007 1.1271564086909724 0.07359253671616607
6.312323396800936 1.0653490954649467 0.24538306340805885
6.804961505791891 1.1119963109288984 0.11374412842133357
6.36850285094272 1.096246506382387 0.13675333503186257
6.19481645657924 1.0811809933124066 0.2145045454297766
6.641146727932732 1.170108950101066 0.041240374008524316
7.223089674055819 1.1635570703313673 0.03452934164421082
6.794208081126529 1.098173596627998 0.14548465299247862
7.2407228455836705 1.1689111552647837 0.030371444474559042
7.233465484008251 1.1228397462298771 0.11706766150434483
5.88207541796616 1.1251370961897242 0.10053954346067874
6.601938342762814 1.0580896139951121 0.2516002779233831
5.9780678260254625 1.1013338352411863 0.12731339822126272
7.239026073962922 1.1752281996080332 0.017441251381250293
6.195932089260307 1.066150503005236 0.22147758299183457
6.0781641193680915 1.1343535862364351 0.048486918271746816
5.801520132319347 1.153878839949774 0.014862630633774153
5.980038620769255 1.135497610873383 0.08826033427879941
6.18530236759014 1.1318675867201453 0.10902731968133396
6.050283215290303 1.0930901291855732 0.18036924286425327
6.829875329181954 1.087040324088385 0.22355042852782703
6.439788325034437 1.0701389039013767 0.20621336588968203
7.107616871769684 1.1038141235226147 0.15009017418982668
7.254542572981958 1.0993236423199924 0.17330689064347618
6.473644961397568 1.0633254975260331 0.22870124254898766
7.120177837102853 1.1019243189698757 0.19340351688133983
5.819856905918316 1.141846483973671 0.054023860526800194
6.101975831925676 1.1369678665893077 0.04372665079766502
7.021488913133258 1.072386360941591 0.22868480055308651
6.9912763498322565 1.1380153135380724 0.06882290280297092
5.919501310909004 1.1045414778025737 0.12825299744549365
6.774854537794116 1.1510623506891222 0.08235126855625648
5.90151467109791 1.1218844647557802 0.08516995433865068
6.890374059207021 1.066760289957956 0.24039084681028208
6.802628649053199 1.1767539277400125 0.026897973855183298
6.723779259591659 1.1277639218156132 0.1344534165939018
5.928366956252374 1.108715128648559 0.11799504804327109
7.10108944238392 1.1403594188359325 0.10452434485042679
7.183090415796295 1.0869204019532017 0.21518480988951363
6.293503591542336 1.0676646717414393 0.21824931382304857
6.053627083478629 1.0829351723669693 0.18420910794506182
6.923486553310795 1.0938182633819735 0.2091013569891834
6.828068916590533 1.1245372960158255 0.09080927682975527
6.491219975371326 1.0857460528009224 0.21626856506238096
6.4873807660303395 1.062471739678558 0.24091358464967674
5.935708639169382 1.1262485796366448 0.07447683432911621
6.112543995340708 1.0777797341344413 0.19850890766242563
6.112362683635132 1.137915197160304 0.04359738917431535
6.965595249903181 1.154016694929028 0.073334291893583
6.287036668425049 1.1107362235284963 0.15688251681385976
7.13201349036121 1.120157999927683 0.1499816962664801
6.338823027572074 1.1095930219940056 0.10961477476581084
6.018921175602532 1.1621756619345496 0.030291514319172964
7.172572115285375 1.1436356205069889 0.0824574096121782
7.216893120330337 1.0986982965233238 0.1800219329307157
6.123405061251075 1.11591020050248 0.09489511336528939
6.1631457574097706 1.1267070104907504 0.07011540462710657
6.018821439149665 1.1022617983453922 0.15133092665373798
7.066110824731696 1.164370748355331 0.027244847801228364
7.122666856577601 1.1334699524042315 0.11561937016721842
6.738004910177203 1.0747876202621085 0.20928834215415304
5.92146565082351 1.1304000867916166 0.07350805014764132
6.739634233069594 1.1110675305935396 0.11950181886579608
6.027112973356202 1.159072671325911 0.03555896806963975
6.715057305906491 1.1167368299717055 0.1559834148882405
6.795372920198329 1.0841898005651454 0.22192295005713017
6.540925574288737 1.09799485438436 0.1907458299736655
7.134434550560126 1.1156924847469152 0.13554719621972539
6.49644109553069 1.0692915790366817 0.22283540725777745
6.384691524155654 1.1111198444345487 0.15727971502728505
6.960073529021177 1.0937423112206792 0.20401246986015484
7.093542991605547 1.1272407655998704 0.1286810511610176
6.721457782931072 1.1016233936421032 0.14210331389915085
5.945779580228006 1.1600297758645044 0.020074339959887562
6.185501994337937 1.1491103530831686 0.06431120531339782
6.9153209787803025 1.1593982515409085 0.05654038300697972
7.150729052655869 1.1061461065664402 0.1632074486199679
7.132420059669467 1.1204318774517215 0.12931924598352948
6.137548530227999 1.1448043591109585 0.03416225170445155
5.960497135745422 1.1401064156225478 0.061960144380357615
6.761116300317438 1.1354849500879705 0.0689671437474764
7.043303619581181 1.0919089759938871 0.20231118343572066
7.124577245991263 1.1179337898568171 0.14404835875278924
6.587026728063378 1.0769251759871576 0.20322089592407117
6.915859825983945 1.1221552085134618 0.14180792362218037
6.265709417550376 1.0850131656214894 0.17930880026015295
7.101231636715644 1.1169754243896373 0.14781869368085127
6.663226349267838 1.0953565223398951 0.19635614777817534
6.9833577160239635 1.1787054292613115 0.013108624498041415
6.392419073344888 1.1187881349554423 0.13838837006920282
6.047664028998216 1.115752533891408 0.11371597374474457
6.571516134925066 1.1070824637053573 0.16981107662736855
6.532910189907435 1.1643093755400873 0.042618850682961514
6.966326301790183 1.1376370088117842 0.10269002238403642
6.675716764425452 1.1252155502327474 0.13172054431781505
6.758503376137041 1.078282760361159 0.20988112662798372
6.117685265715394 1.1302974550030218 0.09544442315489265
6.050949869490708 1.1514159414593208 0.045645234803970265
6.442787518865268 1.0986962893299268 0.1450943051487552
6.4774762114348015 1.0761068045124171 0.21559871546619164
6.863408481876094 1.136059341049994 0.10710915393537634
6.07114420994866 1.1194938020526033 0.10425581846534313
6.4670776461733315 1.1289313790204556 0.11724184718405452
6.923443771684692 1.113354834299541 0.15860532411784675
6.473700802280817 1.1125945446557046 0.15244263843177486
6.937717271512213 1.164164174620177 0.030680526558341435
6.047151076167106 1.155715149355923 0.030181177279393415
6.686919897415519 1.0865862663488748 0.20825324320371244
6.054767692792172 1.1480219399484364 0.045677060447251366
6.936106222933207 1.1106433886885745 0.16186934646703277
6.233305946028583 1.1673920709591208 0.021596739852586262
6.481862366752951 1.1769305009639965 0.01063281979109374
6.2395902167456665 1.137851988923689 0.08393747795506466
6.924286034978376 1.144249122503529 0.07271643621019966
6.567638417425586 1.1379950856640693 0.09653079031091498
6.384842654625325 1.1572211221697404 0.04909859731115484
6.894638849386551 1.1538094907202965 0.052117827494338104
6.922039346526024 1.1352514446270079 0.0978467113304714
6.572304275756554 1.0984614124282175 0.1814429623087298
6.951228851877136 1.114924844131162 0.138231524256078
6.694051094371055 1.1465832716936788 0.05050078562930777
6.362102923228795 1.155830566657887 0.01989379475841898
6.460003370630087 1.1773327571333025 0.011295456582647613
6.729133167681415 1.1224854760277236 0.10458294624910666
6.598181723812816 1.0915610330454808 0.17367372587211405
6.26306639689699 1.1202473428183504 0.11826667172994958
6.5814314205451385 1.094102680615618 0.1677405502493625
6.152799355480106 1.1473166295222075 0.046697326639144915
6.309914431808231 1.1498964920495014 0.058405221098280155
6.202677444125914 1.1330057987891706 0.07462754484612054
6.160096308677906 1.1606436094487476 0.016530088035272218
6.833045894671363 1.1274882894732396 0.11661987656691786
6.771539217511968 1.0987551224919894 0.1794794235806545
6.689752741679802 1.1032312188876112 0.17080170135372919
6.189941923963405 1.149749768172715 0.047202579947152844
6.187629443122219 1.147424081792402 0.05058011017600703
6.844711735335796 1.1079519890674092 0.15028918271040784
6.703510271117558 1.1424821798032385 0.063361630986234
6.773339346768001 1.0956542928309132 0.1802001577589726
6.409552394731126 1.1426480954962808 0.05303762046306974
6.3530108414928605 1.1416363630419606 0.055180026834563564
6.347353714512963 1.1660431455606721 0.019265818419910645
6.251066183581344 1.1570641181067471 0.027640817308537687
6.2885427735307395 1.135971359224161 0.06971920632890967
6.489384815014409 1.1510061276966652 0.04006678596357323
6.6585318364050625 1.139599850289027 0.0856084993119051
6.344556458970942 1.1245903084328424 0.09857846045985026
6.340440214582609 1.1381286199330796 0.07824294561630693
6.674915521967058 1.12939489361606 0.09518333061550717
6.452538989274439 1.1564883496657752 0.04445733681883877
6.444835829252163 1.1160664465043573 0.11972653850192298
6.3293159278376585 1.1533436604493432 0.042898960524959076
6.3307153031052525 1.1404570884450997 0.06954502636922368
6.512576335952373 1.130909736688507 0.09910270397344707
6.6273932457476725 1.1360910244960643 0.08642867611785236
6.485403751321638 1.1542971117534095 0.039371261478980145
6.555300214219919 1.1362959137400064 0.07841570761380923
