mlo mup beta
1.1484425517748549 2.092389372344483 1.9418326941347264
1.1472911912017447 2.082398574257772 7.672451580379516
1.1741995273098487 2.1177152269834845 9.166747174948235
1.1742427665130781 1.9066191626756916 3.0931766361323056
1.1857678150313329 2.719806610661598 6.139924179144378
1.13179212565022 2.748400390572728 5.5144692423273955
1.1100404571294529 2.0680430910059626 4.180966365437557
1.1467018567909444 2.502342794950768 7.284649573627869
1.1865538855816127 2.2344622970261847 5.526611154547847
1.1361847449531342 2.75867775964391 6.039462067158496
1.131884043248219 2.255898257809429 3.470048194062194
1.1832581739218704 2.345841355302742 7.923605452035382
1.1585560847337995 2.4672836741995683 8.054627205655658
1.1746773566762252 2.8839309340853667 8.72090708189169
1.1401401004744924 2.4279020515144594 6.68083225518364
1.121120067218946 2.2895900730126892 4.591324720813587
1.1366140020261168 2.4768120753208622 6.259931516404372
1.16671357386639 2.6678967062677907 4.450191254426688
1.1529562708890406 2.511979312595801 7.5498000226291
1.1291203396536822 1.9648659098223051 4.714781462790674
1.15512822966445 1.9650219083840732 6.711730612405713
1.1177920973674358 2.018906309044248 4.297447387167905
1.1684238323914906 2.3906439970005677 8.536020388778656
1.1166577842594925 2.1430841684748607 4.372939704946514
1.1741590599173675 2.6871817689686703 4.76446547455571
1.1836620533403095 2.0138386295522475 6.243966503792956
1.1655397454315524 1.9540690523743374 6.982132314560809
1.1699798815518654 2.2133053051152536 8.451813103223236
1.1440831468711972 2.698877979263231 6.273092574017744
1.1731476326574595 2.4984346426810573 8.488532014827323
1.1755601966107623 2.5109285850247307 4.602999471917071
1.1585711541997934 2.8286817825791175 7.5769084325851175
1.1243087916730812 2.1905824756648826 5.017561071086929
1.1761032232436361 1.9422299186305942 6.574801212091193
1.1540300236437333 2.609446755886541 4.728395345078875
1.16789114643207 2.6355523747844485 4.659247348994402
1.170584731672369 1.9254508928314462 3.639341022827148
1.1410816710272547 2.1344615456846476 6.406586287686972
1.1591202692736222 2.148449624491544 3.1521474736131196
1.1295480629586456 2.0795202410603038 5.355578650167011
1.1456865579699653 2.2802296192982663 3.844293940303462
1.1530685738265074 2.8527063516116193 6.9228090105627444
1.1746993645412156 2.743557041680976 5.0580665233738795
1.1829664029610005 2.3152370044935786 5.604871171069082
1.1347785168156466 2.3715192613361724 5.219766715204637
1.1491993934552733 2.8694233587810514 5.58145227176623
1.1488624205755826 2.479978031339203 6.770443661219264
1.1755032625706305 2.737527717503389 5.125623375676874
1.1646306233765753 2.49929269900967 7.948879489011665
1.1833251349398028 2.333198125438578 6.51481293024176
1.1389683814078 2.4609240341509233 5.325862263672976
1.1333996275589469 2.175451193149959 5.716675240909137
1.1702464917300492 2.6964012378038276 8.15033902102663
1.1825808233010697 2.385076018670928 5.798793106149921
1.1753593809946319 2.840357408029084 5.285016715454061
1.1802893031652735 2.5432954814692175 5.53744245242207
1.136503613295401 2.2065012582411336 5.894191342837413
1.1655315936649702 2.43837197146879 7.944899258222499
1.1416250731444406 2.3901762520620653 4.689342726477699
1.152028022794609 2.8441711554886933 6.51276449397508
1.134940811983726 2.261376200107672 4.276625724185143
1.1383653137242589 2.3606943922081687 4.775313423110726
1.1709729960566777 2.0890434007532863 8.017277888001392
1.1438682135450364 1.9503954578754272 3.8105358925498027
1.165859572975823 2.388873418717305 7.962102902268709
1.1760252901077632 2.6247630965823268 8.056309945216373
1.1318060791319293 1.998216197727437 3.435137723445825
1.1666841853993115 2.590060606158228 4.733826745208285
1.139355954941508 2.401470764225305 5.2662192617279775
1.1493892599119913 2.3806363796138132 4.383212798686852
1.1550819303238054 2.357065481454754 4.186448133399198
1.155728537118834 2.6279999421939153 4.985012688404254
1.1437384412218132 2.156337831187933 3.476658907614466
1.1636392030256073 2.807040440495662 7.599111192826941
1.156630637696816 2.5385194967808733 4.7615490896785655
1.153826590732451 2.6810276797806623 5.208986200123158
1.1698656723042633 2.7928958988126698 5.116910093102545
1.1783146560944182 2.336599549217177 7.932513064457549
1.1772582086250556 2.059386187834968 7.703240714537067
1.1833635549024273 2.1736188845974294 6.0261308835867755
1.1758221156923743 2.524194546431445 4.956799216124924
1.1660226956674373 2.535079926338736 4.660817357338869
1.1377682174059918 2.249938574959018 5.724067282741061
1.1740136938987908 2.823188146001073 5.311767812827618
1.1374677191200082 2.2349251138385196 5.7223626374337755
1.1646695739722497 2.640970100132793 4.9126030846844415
1.148153624456277 2.2731505324344035 4.017574775546674
1.175703676024095 1.9426196107332752 4.241480658631302
1.1349965975922165 2.264555995908552 5.046571683761101
1.158053823222182 2.556773753799956 7.116565354721933
1.1385599451971127 2.0294962736310898 5.384533216985956
1.1500052345064757 2.3824396430021446 4.518530890477916
1.166651398637204 1.9818796732751482 6.943191905899257
1.140122380122284 2.292003160898976 5.7708842029579746
1.1576814805938178 2.6555766875842552 6.995694273010695
1.1775371558304375 2.899806100268653 7.600584955632524
1.158261999849474 1.9681610683361384 6.121918543925428
1.1815061843809564 2.0511877298929724 4.696428826742972
1.134898258053229 2.1176687337467746 3.680068304045971
1.1641984564129793 2.4570645799529722 4.542654331375605
1.173669807897223 2.362852239689425 4.432330253325551
1.18181602349353 2.3950167525379653 6.311875059292028
1.1617115326079324 2.507708694121421 7.4011921461212555
1.180721496131516 2.590658182752681 6.6821663129674125
1.1450489309436407 2.4438858370477154 5.271612384152199
1.1496707993557358 2.4105219509945406 6.48523038565334
1.1623615021133928 2.086442022915955 7.393852856351398
1.1521653088389714 2.4504572455766853 4.774818141457132
1.1475309516799912 2.5041181406324418 5.4318653268820345
1.1768904180304973 1.9853835843322043 3.7573366594915996
1.1802728770804694 2.5232221158196078 5.968655701935921
1.1656268735834816 2.140240157984662 3.4030162123574623
1.1710106868071972 2.1482069781034667 7.955944684403441
1.1705930961995563 2.6085746079677365 4.9752240856066265
1.163392639566562 2.7161676381068895 7.397378017217006
1.1625127600931033 2.1990496215192126 7.5639380846911255
1.1478862476994658 2.5134157261585743 5.738021712079227
1.1718536104964064 2.087291047775749 3.3595984979024287
1.1559783842885087 2.563525329781452 5.055166477231317
1.1705679860896054 2.5504460886909097 4.874960815769629
1.147768785934148 2.426351159289001 6.131108876007469
1.133870425750676 2.149037303030684 5.144670344569789
1.1684247214370709 2.4415944814277815 4.578102466126927
1.1310550635022105 2.054188034882895 4.310044905417707
1.168895885689135 2.4810534873560592 4.709564776428291
1.1603801670317555 2.0168791160329507 6.815071210851139
1.1362046241026533 2.014827571356172 3.5818839013802624
1.141019998554605 2.0186540266370283 5.308149367469936
1.149070215787712 2.2096562173845213 6.551376543858243
1.1722484177986634 2.65652946367101 7.817470842872103
1.147258819206294 2.436677819259662 5.87077738528405
1.173248715285227 2.8328081621668457 7.747340274927396
1.1530258900135701 2.5848632062205645 5.4110694026869535
1.1753415977443256 2.699487508945953 7.69360655450205
1.1811277204927166 2.4137768396950303 6.445814013107361
1.1795590110057685 2.0525211251654274 7.073489382408187
1.1562764956729827 2.7501466174448774 6.459247443772261
1.147840766342797 2.133840002270031 6.368389400443389
1.1322248020936252 2.1056708122958994 4.33204442368101
1.1493791899270513 2.388628322193034 4.791630473674678
1.1470696302062848 2.270797598318666 4.269996698633435
1.156291788623524 2.7608733681435043 5.799660544233086
1.1583696150099863 2.5901637040322263 5.18523328993243
1.1549263360621338 2.0010092574886658 6.218262136801956
1.166210793611951 2.0286492490303534 7.224323606806951
1.1510927702675915 2.545908731543793 5.656804819514537
1.1819924732996996 2.2514306116884324 5.98110894982689
1.1364894394027392 2.144960931702175 5.292419345228293
1.153054121448409 2.507553538078705 5.17614535948586
1.1741384097168315 1.9804326054665429 3.567164211021657
1.1677208215663162 2.4478265894443756 4.663504724537077
1.1617385533467464 2.65094841545616 7.086502339448959
1.153003020107749 2.311205582629543 4.336773376251472
1.1335595600868604 2.0721151001056537 4.629062919664836
1.1728477973988287 2.1947106609571163 3.896906642678866
1.1742074406887792 2.358819044347249 4.597251574723947
1.1791157133436876 2.6463629647393097 6.854718091305809
1.1628981283057167 2.105579421148405 3.3848230901612872
1.1696265288452634 2.2603914757806667 4.071018157464165
1.1670037695038789 2.5729483345617425 7.520161464752086
1.1552750431729177 2.632814107288932 6.285214835465045
1.1409601355205297 2.250830848150285 5.495684096828466
1.142880399174595 1.9987835281705428 3.6067974837234438
1.1618872921665508 2.63641535710012 5.265897812757064
1.1622234854987554 1.9897417495847394 6.4883185380833375
1.152775844740132 2.4812177972700233 5.186233152447819
1.1809419798452883 2.284004352617294 6.901065251356968
1.1769908409137242 2.3824373637879304 5.010429976192228
1.1576529504657997 1.9619089378614365 5.511947969343973
1.1682573302247 2.6357756440914653 5.177953791266072
1.143529860077928 2.317987162924122 5.335620104739229
1.1599422136663824 2.5854289174274223 5.226402925877537
1.162351119597849 2.2976544514288606 7.359407859656081
1.1631452246110807 2.0034263616171533 3.1931551308875346
1.153478113488795 2.3140678559096797 4.4082111450899255
1.1794804810689836 2.041556196422601 6.832537861193835
1.173529743008796 2.5878026479002862 7.671702737588978
1.1515947084056213 2.46418468754395 6.116638023128736
1.1358130617498268 2.164266267850483 4.6770103985248515
1.151812798434168 2.486495093604945 5.404951722039671
1.1570339283294053 1.9493251607540487 4.308766796533536
1.164618483615595 2.1814502228864887 3.7257400888523264
1.16747125476652 2.5691378023589717 7.505413846491182
1.1451814615659717 2.312168823794197 4.843435423251625
1.1565452610454954 2.1690583354742285 3.7117527078279817
1.1547446714796565 1.9664583196524668 3.6171758295537604
1.1548562193671867 2.6094781543064087 5.761570217632828
1.1574583014423445 2.6599883702612463 6.4201281321937795
1.1583246853131017 2.704811848405232 5.752565422938131
1.1618909215412896 2.4980456237150737 4.953157437083561
1.1461787654666233 2.1575877816660665 6.096421416852646
1.1602226646032083 2.7073954632506507 6.7045917758258895
1.1712919284476437 2.6101166921333703 7.615320809233591
1.1549580264331247 2.4739935699798044 6.503620348776408
1.1585077227673226 2.760565473243916 6.108385444868448
1.1656953025074999 2.7754050719086605 5.469629432823256
1.15713565607637 2.0556730937428407 3.298829308254975
1.1544366397133587 2.00579586134627 3.280791983342491
1.1439288846334539 2.03680027285463 5.443244536571369
1.1363229940689528 2.0402829206128175 4.176773651898319
1.1591609741749378 2.5863246203192958 6.722666519312668
1.1743506222170952 2.6984190403029746 7.536997147535644
1.1715825369235129 1.9928483406460122 6.9108012545815996
1.1570554288303403 2.3575707386461215 6.845076181679445
1.1774592409071145 2.33635178589042 4.974550611234902
1.1735649165903466 2.192534242845179 4.026401200076611
1.164800367514623 2.1821383500616687 3.7683359274965245
1.177162779571821 2.4363836375829018 5.300273953407407
1.181365720782485 2.2416476291664047 6.33622964267404
1.1489401308245488 2.014258513969226 5.674769853230481
1.1611906074240967 2.6129372002626337 6.853454962163312
1.1535050842286603 2.0014138697984247 5.900953958271707
1.1559179036138476 2.297653705077547 4.353955303878495
1.1522771033293029 2.407302315544366 5.024604502846602
1.1687535805054392 2.6594336986124896 5.321778842274819
1.1434891252782502 2.2155883051397645 5.691805682557314
1.1639398598973938 2.7906740887815187 6.9928004670857895
1.1583827231520791 2.69454322534898 6.1732845925600355
1.1644290434441302 2.260541240762968 4.10707850934854
1.1406175056635433 2.0357507721184733 4.992917589930952
1.172903834430405 2.2249418794158933 7.7854031644350705
1.1583842698723579 2.685180950146533 6.148065667907385
1.1807991353743075 2.271396048092586 5.685796348962105
1.1494734129965734 2.0198799903847786 5.729825335221067
1.1751555510963145 2.6841040197688653 7.3906941725109885
1.1768830193674924 2.863992554043125 6.859592675004279
1.1684278164920572 2.081069702433884 7.409756906425963
1.13651407359012 2.0570593480320216 4.386790905804231
1.1540025632609452 2.5199437786785497 5.679081384576703
1.1571245746779142 2.5106961646657657 6.525482163577998
1.1385865093172907 2.0619460847319875 4.892740093122544
1.1690573235723765 2.262517816511432 4.180407044208456
1.143085150436123 2.2471461526723018 4.732227224566268
1.157676275316724 2.5627545710610424 6.423882870485793
1.1490913407639318 1.989280459586405 5.175723635451327
1.162735008173907 2.8178205155968996 5.838003744714705
1.1575759056210813 1.9890638345284124 5.9455739461154415
1.163901004987533 1.9566862601645638 3.8408429054954247
1.1624766798880666 2.8695205833470423 6.0028794906486045
1.1583195195153677 2.0753725326592694 6.725065562642175
1.1781399789289781 2.459497249680812 5.672748386686029
1.1419746556102288 2.0978942057766137 3.8861037405102525
1.1774530524713132 1.980478589300467 6.017453046716449
1.175232982528588 2.1566518886573753 7.612719966923082
1.1442531232558577 2.015583914781323 5.041678703062113
1.1739564613043267 2.135422923130262 7.631112289437313
1.1622620499068632 2.670277241239397 5.583841184695629
1.153026131469103 2.442825230653387 5.374453590247851
1.1603643138152488 2.0286319207930092 6.580707872294981
1.1653119807246974 2.494032622318663 7.256798815815776
1.1395086495790183 2.1636378763174338 4.5447637570949
1.169303846233412 2.0915526351043088 7.41750301965839
1.1703813003519856 2.805218307632445 7.298855409300424
1.1381721034084828 2.0644885707360263 4.48811489249039
1.1650788704688693 2.577546813550111 7.146823428541818
1.1445476556071954 2.0495203818426946 5.392718831066357
1.165586042084784 2.2857119445745724 7.428110580255126
1.1801526612957904 2.270534212872662 5.549433612514488
1.1597544643255158 2.6793245574534685 5.977204107296611
1.171042896233167 2.0356849841969686 7.188265873631057
1.1605734574511186 2.6648385541063586 6.465998677306109
1.156547997097809 2.5320993862497705 6.1741116284016115
1.1599924052996542 2.105405256539097 3.5724896754954987
1.1599901092628073 2.0186431287882485 6.43900063991614
1.139283914570555 2.1518471748246695 4.789126067228894
1.1634949325033244 2.815804149115431 6.6779770533111495
1.1651832692027384 2.4410929442744367 4.8632928980704975
1.1692590936169398 2.885165395134976 5.824410602226447
1.1485798599043708 2.347072209796411 5.44692575626396
1.1748533438159956 2.508603299122881 5.357295451869236
1.1764107303677718 2.007601383190112 4.038344347021932
1.1481127220371308 2.227583863333381 6.013471344962808
1.180859895428274 2.100783214521568 5.298705592083213
1.144395900044086 2.045243856987013 3.7587887665064237
1.178457200757195 2.4705712100984956 6.884051486148287
1.1554334308278305 2.4459756143584865 6.292669500673959
1.174389629954983 1.9649155300319512 5.929957337628673
1.1467097762205367 1.990497401480526 4.462908528557996
1.1624673640703207 2.6720823035235988 5.673955386128785
1.1757146964293943 2.6193968838964796 7.2112618322674304
1.1726044658788783 2.407035470318809 7.583652438758628
1.1748864055232133 2.539994682824049 7.370789978378115
1.1455813437392808 2.2467074151007034 5.591454632023957
1.1730761498820472 2.091575547735319 3.7471034701417665
1.1471871276395018 2.246983513587307 4.585003531037145
1.140531562368448 2.0639391859427048 4.893487785715546
1.1762600799524605 2.096252623295153 7.317547482100348
1.1759690684778237 2.404770473041891 5.198408107491426
1.175783827874561 2.496250097467841 7.3174101419529
1.1635748470715483 2.808862389195964 6.022982845870036
1.1808087335336137 2.2351610483318414 6.060131850437033
1.1764845202909497 2.171020693944821 7.474375587926906
1.162152365426306 2.6644571584926005 6.561029858764446
1.1708629019180208 2.19902284843311 4.056507551719324
1.1439299307775213 2.015632478069885 4.714837474276875
1.1610761976066903 2.135399829698856 6.979779661727896
1.1684942775756233 2.832359481704987 5.836119252830748
1.1770364938863556 2.328783932809033 5.104239274948423
1.1770594426808132 2.3488278415814117 5.19340761301209
1.1677773663726334 2.5314195738012204 7.240630446189497
1.1632427743463718 2.7838004994738546 6.2193789850669905
1.1642588811214925 1.970687275175833 5.88799506814963
1.163382626731083 1.9824854268484389 6.101138073790025
1.1757630858108419 2.570180211072228 7.154702194297421
1.1506700959335916 2.3299567480615053 5.8822446986654064
1.1808011191425987 2.152597250977787 6.29993212576111
1.1665994319524837 1.9769397779923819 3.657312460876053
1.1704506963995422 2.6947110910994296 7.212377130056991
1.159994488497527 2.4751942819318735 5.257166134674231
1.1778478089859967 2.3671123189732564 5.453424131459887
1.1616771460605042 2.540789217023029 5.465024271853903
1.165226354739095 2.5522235707952134 7.019769985710365
1.1545203632242305 2.3662245497795285 6.243222431347856
1.1672713550011677 2.5727688493067173 5.357060227767878
1.1626209875865285 2.5838321379785927 5.547735802353085
1.1497986475161452 2.3211436162654637 5.154254837708693
1.1546102047891003 1.9779196332232223 3.952591777344775
1.1607148225958142 2.431170686717084 5.073214996529233
1.143984403439783 2.2073155504991346 4.999453973230821
1.1608278324821992 1.9769546453300069 5.684929168803462
1.161469420053055 2.3271323916450073 6.93275087584693
1.173049748827639 2.680310169216725 5.75019403360896
1.1533046749511726 2.372566935355033 5.196524461270355
1.1503701227042704 2.2019084521123156 4.268420932375355
1.1731712335608564 2.2980912365353596 7.5508178391389205
1.1541984763455293 2.361337450396149 6.180764495058682
1.174368771817191 2.297614080049557 7.525611085385599
1.1684313344768025 2.5011644872959264 5.1832006710298
1.1717918772945681 2.8032246639964495 7.090176171666002
1.1710639745488212 2.1532797705305096 7.490351932775333
1.1763089522494576 2.6522693383557225 6.663037143153977
1.1442355982153125 2.1215338729122823 4.196960295495165
1.143611658062884 2.041708903717791 4.134193297341767
1.1531875908210805 2.2498828377615063 6.318245793693642
1.1605274546095639 2.5868123364910285 6.0065619097441285
1.1662943674055355 2.203686652531053 7.342221275983963
1.1673513986778357 1.9994087829890113 6.547869079823139
1.163788531570257 2.2552596687050634 7.169937967637342
1.1725190128163705 1.9687073802094448 4.130202749741365
1.1642329671823475 2.3947798439884904 4.857254049766754
1.1731312371175817 2.00671680796352 3.7706491738675236
1.15383821122581 2.0122906195716386 3.6259871333418285
1.1665117870264123 2.8630603647957664 6.597481904773447
1.1807309993792863 2.1666448550696895 6.11965403734731
1.1764597983506198 2.322949733688264 5.0622137652477015
1.143235581965037 2.1629649986210477 4.627115298694237
1.1800523522915967 2.0860628734313145 6.280328926651912
1.1633062864572403 2.7014010399261217 6.307368532047615
1.149942033369181 2.06796647463669 5.807169772749303
1.1414633360205495 2.091826950050446 4.444495982034342
1.1738443283024693 2.761634974968385 6.07276948294118
1.167938079492986 1.9650664827451465 4.008432024334271
1.1626408415235405 2.4915642137803484 6.771628139394705
1.143026213619371 2.1558812208790354 4.62487142622016
1.1615663740519482 2.552126224120016 5.636739211372296
1.1609779439181414 2.5200531975566207 5.523038618930864
1.142395487336087 2.052797205955952 4.522779250053331
1.1530289198484664 2.2962658918226833 4.756945483550311
1.1551014342048969 2.2624491844822527 6.459409566932393
1.1761815153481936 1.97303773571348 5.184241700261529
1.1787678857650843 2.4010480665402225 6.3434402177881335
1.1635675356587825 2.657827034870862 6.509927037905641
1.1472678436248913 2.2178180880238623 5.63132037173396
1.1459319636992904 2.010612204158348 4.529525324015516
1.1717346714898746 2.7942043200161883 7.018209390186071
1.165676215868664 2.0276736433239764 3.505986804202797
1.172923685611149 2.5766663625330892 7.242773891379869
1.1608382905818908 2.0613793314987214 3.57937766685472
1.1698660980398075 2.5280107196789285 7.219087519732252
1.1429952799887007 2.1556038856245676 4.767251161212899
1.1589916934894808 2.2586550018773273 6.754879464366644
1.1781811172785317 2.295743967801229 7.043707372877728
1.169000153487565 2.001570611314551 3.632934748597261
1.156493278094644 2.436779961589012 6.019076143150693
1.1456646831730535 2.1263747182365353 4.193965557328131
1.1720380388113634 2.403011990006258 7.406637069728406
1.1777490000387756 2.2596608495550035 5.05148758058885
1.1704871685555898 1.956193927002251 5.255996539985855
1.1616835172498767 2.523127444902977 5.5610557516122245
1.175946938553921 2.330422711080095 5.066060447374365
1.1661406735961755 2.229018524985878 4.193280802458993
1.1687822335993863 2.8915211980606617 6.539984255054108
1.1614809132920283 2.1056218593671066 3.732814308337794
1.1610876153700376 2.535002350507127 6.339013914037361
1.1732057765222252 2.1866206256737035 4.2221810116435226
1.176988143126934 2.0423829525946156 6.725987851114956
1.1787505191178167 2.012197200471206 5.762190901481443
1.1716214484246803 2.6384812147379373 7.135213635826712
1.16116998896449 2.516801370058775 5.591074944475542
1.169064721791467 2.246681397115462 7.4030749488001675
1.176324272973754 2.0866357544234857 4.2093370794791305
1.1462911564696323 2.1730768958155413 4.429748835993728
1.1734307662643126 2.805297660916585 6.27409423112686
1.1723946807739338 2.3176964766359283 4.705238513186906
1.1674791051941589 2.1761434985849495 4.00125311710355
1.1610244373024443 2.477051960930829 5.406914989432774
1.1601580965860585 2.4582329643768994 6.434433675848416
1.156263581739192 2.1918851720784422 4.155949114400176
1.1572259646432757 2.1784842822210866 4.076439146540023
1.1699275703807852 2.6367454474609957 7.041342344193662
1.1713928676777008 2.1753211315072045 4.100348342906614
1.1667549283101377 2.4194360820248906 4.989772500951219
1.1718862983821523 2.684269193001189 5.836464167253265
1.1662460005295405 2.327441354495367 4.629322738923145
1.1760328058474072 2.437021665833935 7.102662803816587
1.1478765814097234 2.250303165699308 5.035922069123714
1.158765026179853 2.062399303138939 6.409741438520655
1.1763283388261931 2.370142889912506 7.165500974194265
1.171857827751022 2.8038550412654466 6.157883558192349
1.163629390206626 2.1841308977972407 4.044148184470393
1.1631689396630336 2.318061198346255 6.983196712455047
1.169396177398336 2.4842341012759475 7.169096623529214
1.1802717708101451 2.161036578366617 6.16021725170112
1.1543036228045538 2.3264076603425687 6.106052980745899
1.158378981323167 2.4250385998697253 6.226934313545794
1.1650117887804632 2.566438435134039 5.5598653778822165
1.1435388966283608 2.0725771267232997 4.492296720119745
1.1567262145694108 1.9796296957769817 4.117265778477911
1.1535523035086732 1.9834941711396186 4.450080290652924
1.1663035659552827 2.7514508920685463 6.245413026069437
1.1720285051309383 2.7347478564855185 6.9187531460686085
1.171845229599243 1.9603810064326965 5.272373053489341
1.1658190224350786 2.3708653043926904 4.829186611732609
1.167581337397388 2.3202235308398778 7.256121655095832
1.1655826281629584 2.5205656668576393 6.877794480279869
1.1648842165690103 1.970400157945559 5.640615571832733
1.150041244908125 2.0063394160596406 4.99514921034338
1.1550645600610512 1.9802100575296444 4.2874295288190964
1.1682953780561278 2.550645291180672 5.478340467924557
1.1708040651215654 2.84994502949983 6.641765162232437
1.1731158091368252 2.7389844011961455 6.151314435985617
1.149073988922205 2.0227708366215453 5.1503976954164035
1.153528035631061 2.315854835545405 5.9901501012426746
1.1650646640855944 1.9749528281676922 5.787746026422495
1.14655603935181 2.099086247623026 4.146111871607779
1.1744543354269452 2.051351622059371 3.9667736799514746
1.1743955477385781 1.9710700529760004 5.570143899737358
1.1546351038644287 2.2201701054828424 6.332173540901529
1.150221552380096 2.270101821470843 4.9979173642888295
1.1645079531705436 2.21942422859884 7.112921823555972
1.1671631329467327 1.980900465613194 6.050752947049897
1.169087426368638 2.523863138110455 7.050807457349862
1.1719763105385534 2.819436518665908 6.639706296798556
1.1721493066998503 2.3481754285273477 4.8710346345327515
1.1660350748482624 2.714906307200353 6.169880603739347
1.1622270679616136 2.142014725440183 6.8795284312050295
1.1725420234034387 2.810227199683687 6.5470008943579785
1.1670943452787543 2.730377661715159 6.226926201991805
1.1716250717571381 2.2327571323934294 7.427329699866579
1.1492405776201657 2.00495717915729 4.41444576277952
1.165843189662553 2.61003947069284 5.749309696687996
1.1684724617460496 2.50275807283442 7.0247370287638535
1.1565184836643312 2.366310711245526 5.231553509304369
1.1795702239949564 2.191946764332709 6.513716139867347
1.159669185062515 2.4368906268105763 5.45013564762465
1.1549548982718796 2.3599917458092197 5.887201655152504
1.1683762895565841 2.5622817756831537 5.582829692621118
1.1678782131252041 1.9710042756089439 5.731514734635265
1.1770641388196261 2.424527146889648 5.93119217520907
1.1772453103499947 2.44659609138238 6.235294912796425
1.169134319633365 2.456673851523571 7.1023352709782
1.1626350670981291 2.286190627520204 6.900796667431612
1.1529018020863968 2.211055422756541 6.115247255035953
1.1682548321830868 2.69468618127038 6.584376994473846
1.17183122332733 2.5523181230121716 7.050988515146777
1.1741726196185551 2.566000174446655 5.879065026194077
1.1707938967938643 2.00884192411006 6.595451355969409
1.1756986901861406 2.4573623286210835 5.746231792292752
1.1761621849657862 2.3171778090129727 5.18956718701657
1.1729709731527034 2.544266829410196 5.669457701672329
1.1710956474654917 2.7378203229878117 6.253283203606431
1.1609751939129125 2.4879973549078107 5.979775674194688
1.1645102415861814 2.59952722566437 6.019611581257617
1.152073317615773 2.219394966385165 4.57651677937986
1.1771632690979028 2.4269441291731386 6.567516965713395
1.1492903593418657 2.229101200792188 5.518861327279081
1.1773529708829913 2.067099001817869 6.683505978372089
1.1747856515111856 2.5662329459747872 6.773632104360663
1.146145223134905 2.0439647549467708 4.50866301475617
1.1597983669041199 2.255358246070357 6.662445558007786
1.176819791478339 2.4471384185249803 6.569978928288506
1.1470909819638115 2.0329572439138217 4.569000478748661
1.1541396459757154 2.2226812233489714 6.193005120314714
1.175196259866711 2.06187098339793 6.909585231848842
1.1724875723062635 2.7068106976644257 6.22043839050343
1.1752690994499408 2.566002296722378 6.506058757575074
1.1612450799668874 2.482968069765592 5.8280160814945265
1.176715153549351 2.4323265919677444 6.686156610715999
1.151149449531501 2.108486067386032 5.823612577769605
1.152040417641662 2.0467315165326427 3.9073601370253552
1.1552581352702411 2.1784840926460634 6.30439945010399
1.1628635976743693 2.0424005573934165 3.6862213124544176
1.1531350116052985 2.0006372200410825 5.004397483246764
1.1670641564130038 2.291979175570956 4.599329516750769
1.1710174469133214 2.688947396000776 6.703786315274
1.1661285645050645 2.261743613345949 7.138044424033778
1.1611767022058075 2.377814536178769 5.131054436353491
1.1482744910828664 2.083679965021682 4.1520424762570265
1.1618695549943006 2.4633325349256077 5.576527157490183
1.1758250326342035 2.370640414177208 7.039555172396913
1.1491408704747414 2.226583656180398 5.3777015287632715
1.1630959256622533 2.4495882661229347 5.377028537881239
1.1581335178503653 2.2868129586967383 4.755664324245368
1.1594823776675915 2.3028232531024337 4.7907637865940895
1.171265506392609 2.654837988429894 6.022222013961141
1.1764868962132937 2.456496125475688 6.617091679483963
1.1477830181222488 2.042255032238167 4.884545872129596
1.1502677793398743 2.2479147278734875 5.0937474595950825
1.154008762552858 2.323612756037258 5.550389648765419
1.1590389696898058 2.103242017507744 6.445221080555912
1.1567068418943405 2.3682154425284088 5.489366265969537
1.1497900332017412 2.01547324712337 4.454210680131233
1.1460362057838518 2.1384963565622854 4.765688026005407
1.1773044659402614 2.0482240301474577 4.593024275012663
1.1665455875982804 2.628387256734775 6.331724051748509
1.1557644728423233 2.20453906183762 6.292464716529832
1.1491220474105233 2.099848709269028 5.495992484446919
1.1525941138816695 2.2127039744519506 4.594850215129702
1.1546836737794506 2.155838924914032 4.200325542126182
1.1611664664471781 2.386424517010414 6.417667671711815
1.162280349563932 2.4003552401891963 6.534034093776544
1.1622976814377228 1.985315832128711 4.048745077721868
1.1590437556519197 2.369838411225654 5.2884633075835765
1.1732944098374776 2.095714761649567 7.108201829920336
1.1512807016992812 2.069933120264373 4.039564533426374
1.1642983365636628 2.3160641810906535 6.8851821671749
1.1749098882515916 2.263098178363041 7.210094913523211
1.1619301480014947 2.455299169675768 5.662855897803327
1.170048634756335 2.63036613608194 6.629202995587031
1.1468965497161197 2.137272156032993 4.709628668879647
1.1605017299802902 2.4092162344907324 6.21134515382569
1.1571249657545466 2.153931416678819 4.164280336265367
1.1583571941340884 2.206323980711138 4.395040898954905
1.1582090103414633 2.253772068267281 6.400101272664827
1.178135589374547 2.080735665675425 4.852906624959063
1.178639939145154 2.1904141607840026 6.639582120519044
1.154275193542624 2.078140843475806 5.915189053874629
1.1624235760703072 2.3684689214765804 5.104375229599798
1.1744116498931936 2.213423206385213 7.244728127837229
1.1662657028532206 2.232222100880305 4.393702335173575
1.1734174340261234 2.601349487237583 6.394695196930694
1.1738649194001642 2.2824585754057702 7.235807312859372
1.1616625350360055 2.274908247716481 4.674751419493106
1.1518795178933712 2.0863541242507315 5.6916798079090665
1.174280330796856 2.2363433735602127 4.69857726106447
1.1629500855344925 2.406921256160486 5.294103331719322
1.1715045119638965 2.321846818861023 7.214106019037986
1.158139809288368 2.321259764240107 6.18546926764321
1.1728226131160493 1.9719699379276978 5.307433382162635
1.1704588641431763 2.5509971067315895 5.8004164649764665
1.1685535466772496 2.610593508667127 6.253627016770668
1.150760553273585 2.1271797421626806 4.317895859980558
1.156106968664486 2.325041605458894 5.360701442275065
1.169494700164456 2.436623243831772 5.33849706006894
1.1647047128038335 2.1137761780232625 6.833091229402296
1.1760856866506046 2.0139640001365358 6.121799598352798
1.1583566984969291 2.0232447460885568 3.920791899263726
1.1693750596975603 2.3664186078941993 7.044382178430224
1.167911266878309 2.5060860197857795 5.645732593940895
1.1568112717531 2.1429169556236607 6.2658185676478535
1.165380126941035 2.024108108140891 6.374837783907514
1.1789551941944552 2.142371187293313 5.3390013027217655
1.149388447372444 2.1235244033673233 5.426228493723196
1.149024283141007 2.1362329322529794 4.5362732080419175
1.1615818817587265 2.3496011060450384 6.44544937340333
1.1528846967239401 2.0896970659819902 4.106101624443854
1.1589175323150793 1.9945764125892298 5.247199867385973
1.1528802940564897 2.261522746602731 5.537782403151986
1.1676015721761586 2.342861048593231 6.9880500023074354
1.1729547586386806 2.5536635229172235 6.013573109210279
1.1637857134611576 2.2967508886348655 4.761316448522894
1.1665145671925479 1.982836540729426 4.131893196477712
1.1502426995830823 2.1504828072644324 5.554217266418297
1.1558104407345244 2.3131511799056304 5.7268134654596
1.1765790947072166 2.2509401925665884 6.9556340591815395
1.1608208270815745 2.4060736900357704 6.050428596299231
1.1634204670938926 2.481082514528739 5.921127417027758
1.1614722997050326 2.280436959997542 4.762975718260776
1.1535273981055272 2.2754223804831204 5.465824487649167
1.148529141744441 2.1595144684599563 5.083226477415488
1.1633232044881803 2.262350614182325 6.783578451772581
1.1780552867828207 2.050071099035443 5.063175275892002
1.1688089311299947 2.527812060495113 5.798319192563632
1.1749730973491772 2.1014838813178773 6.948449353934878
1.1676854902771279 2.566332554118749 6.137472222878639
1.1616402459761346 2.2976977640584715 4.867770200959804
1.1789806207012195 2.117656464328462 6.14839970256139
1.1715112841036481 2.499561098688207 5.697268618449977
1.1720311032855126 2.108741127813835 7.072251098834352
1.176472908707685 2.3932569115093516 6.075585645689985
1.1724608474915916 2.462691160017254 6.904972536966074
1.1630275334415645 2.294835301512622 6.692780945047254
1.165767845394409 2.331510241800393 6.86930627816743
1.1715062989677514 2.5370038930992815 6.708762737101949
1.1788270339430262 2.2276995960284083 6.140624285484867
1.1643253120861394 2.057663790838822 6.5165902395875115
1.1734536150004513 2.0690583448184414 4.139643727654862
1.1663527043274133 2.4910693799779158 5.703298628802004
1.1700939312071286 2.230219908824127 7.154641514751795
1.152850697854469 2.24738295646874 5.477591555985494
1.1721177682649206 1.9878034676740575 5.903125045653406
1.1776756356613503 2.2636975479917587 6.606311510920403
1.1485208375223313 2.1338628431419275 5.031944913108704
1.172108707247299 2.1584181813876158 4.302022564954687
1.1640852503470829 2.4766910384961567 5.939507665850471
1.153669414379312 2.0114448197914805 4.439289373825165
1.1732242875631296 2.5429243253292446 6.337703368609148
1.17730452433479 2.310238971973023 6.516290397621468
1.173788310747099 2.250831991007239 4.804743913481786
1.1681915719679241 2.3998696231471035 6.85450883739224
1.1506340364062027 2.0504682017893012 4.363134337491093
1.1774252330433026 2.259106694132393 6.674906637325163
1.1532441427017375 2.1689044746896333 5.845624345733723
1.1503176825544525 2.0883967356996784 4.353861430051978
1.1666492246817464 2.214961912179947 6.998940019228995
1.1598082437055106 2.026057897740266 3.9440278292728053
1.1580834238344686 1.9941529769405437 4.814140005664761
1.1628027502814189 2.258373108606174 6.685793146179247
1.1653813087643186 1.9752322957138668 4.5761224943644105
1.165798842641155 2.0145604149738086 3.8840689425029318
1.1730786342785955 2.424812745799774 6.908781418911749
1.1763660993909066 2.099621087895605 4.605569627315443
1.1637110903045484 2.45065577195586 5.793852829627992
1.1658220721760142 2.2916943000900027 6.893293547668499
1.157535306796908 2.102986641919159 4.09691869192598
1.1746856408969557 2.471050437739462 6.408923475513438
1.154940693561206 2.103930791237628 4.156744659336548
1.1599748536581438 2.3718232025966532 5.844601802689915
1.1701467383067639 2.487725479343572 5.714408220948929
1.1684653422452023 2.1859643214208626 4.326836475172586
1.178559482001679 2.137326662501854 6.3303513545384025
1.1752659649856971 2.3981324393540135 5.80303831912793
1.170442984967893 2.3324038445455195 5.015390474497636
1.1503415574712847 2.1338832490789894 4.594213172898312
1.1736349743957155 2.3770020885172425 6.9398012051076865
1.1769609989821679 2.2064999347458993 6.7979085075574766
1.1716429128087726 2.5543476636377678 6.279442958699629
1.1688734470334192 2.4797719205638513 6.6239665216201296
1.1686278251706674 2.3155409472923227 6.97609121289187
1.1725613230595953 2.532568016784274 6.517025201367565
1.1633561335539562 1.9850139369351938 5.286366188903987
1.173156365179154 2.380075789098334 6.952724460864671
1.164548515230711 2.1186914136309043 6.721880174209373
1.159621151533299 1.9937542834426096 5.057851071791868
1.1509701784247865 2.1115977441593357 4.477995787411544
1.1760996525828418 2.3180507550618947 5.531888569357367
1.158274460264673 2.056744850775255 5.927558626085817
1.1776369985095414 2.2524228404914464 5.597581807818056
1.1566500099427874 2.301478926728991 5.46126357489403
1.1701035598132934 2.0119970955643063 6.301623006453001
1.1592862331113523 1.9946809813174604 4.96183277855582
1.174971928708187 2.123345162037281 6.922384464924908
1.1544480128515446 2.2495529384536703 5.65258999692823
1.1566385375150519 2.0457964078786963 5.692387005696796
1.170520509526733 2.196418733191949 7.109286988967657
1.157836263307529 2.199691554119993 4.556100278917889
1.168782815871713 2.307112937357844 6.962876647936856
1.16950901856996 2.104897964570113 6.912558601740768
1.1720176837452225 2.0610609512197113 6.778017523426151
1.171691374796316 2.449234405927914 6.791359374442246
1.1670705146222957 2.4936291944623825 6.322017141919346
1.1695662454488966 2.4603046679947287 5.6527875394675515
1.1668932354458514 2.4926956598578798 5.940039480801726
1.1765826004328932 2.1610888258814356 6.812182421152064
1.1752053995039493 2.0014294447990757 4.869425782627653
1.170283008577758 2.4716843152317387 5.723776542382792
1.1782376096557867 2.11544810347084 6.230553724962778
1.1667497196527108 2.3515886780910282 6.7798337228107215
1.174091259057163 2.2135958871752077 7.090474565468034
1.1641636514529807 2.3408886350307743 6.5820088678787325
1.177926096839023 2.2475722108342433 6.27929448741703
1.1676987852744738 2.0313383535944727 3.9489167614301763
1.1600454867416916 2.0289238468274124 5.804139702196599
1.1738288447798788 1.992513994442709 4.7374045191712675
1.1654438110614314 2.1866477148070196 6.846539372958148
1.1646259755570605 2.1522092543544433 4.212929991846071
1.1775960853292462 2.0718477139978573 6.159313010288294
1.1661957076080975 1.9841033900184861 5.466426112085738
1.1552724968719852 2.1415290081059117 4.386733621044783
1.1514817259919776 2.13883625212337 5.4110556297660075
1.176770653923313 2.321804598686619 6.329556886878191
1.1670731333537019 2.0133878347782903 6.158814045334651
1.1663548975011993 2.433115249654977 6.497594922547664
1.1707109283325021 2.3770392489565273 5.295692016946608
1.1690930078430986 2.335781549916699 6.887472109765618
1.1710215093912113 2.1496644121830135 7.039501369447741
1.150942084256046 2.0951649154806895 5.194190117504965
1.1594773289747953 2.3207124720498378 5.36655465915176
1.1723398673489394 2.4859577663864307 6.570878185300163
1.178311491834302 2.088066866849318 5.4948902018712555
1.1583672262048041 2.0081469319855345 4.325578793939542
1.155690268322953 2.238705905219312 4.983938375102847
1.1656356847265212 2.4584336482709883 5.857111613248319
1.1616642393828505 1.9982614642731624 4.33057202243223
1.1574806603537464 2.0037560337234828 4.825195641637494
1.1515659497038733 2.070392732972415 5.124440226659919
1.176306404157997 2.094839712489459 6.606435400474684
1.1751776042093092 2.23933541135385 6.932449293056328
1.1729274010343191 1.983292477032671 5.045657069565589
1.1659520210462508 2.395660706581528 6.579549529700396
1.16430826865113 2.4006253735029257 5.541398927311784
1.167338859386715 2.46299931321205 5.782089200143275
1.170314027204557 2.432964953698876 5.589719909109492
1.1736435967161112 2.2075937624423987 4.704871044960431
1.1649269223875094 2.275900893524893 6.732648248112415
1.1708684042880697 2.419113294609025 6.773694679757579
1.1715793418032847 2.311932376721633 7.007558142561464
1.1722981535494381 2.4170245283607477 5.584079136205496
1.1569604318009792 2.150513099442358 6.073348864314047
1.1697166809486923 1.9903939209415766 5.720006898190173
1.1773460123929387 2.0593161063156193 6.0347742183950235
1.163507939222367 2.3204809030591216 6.5035173098098635
1.1723446141613565 2.484246055912944 6.027186074512663
1.1764880871291015 2.129763479597578 4.819346794730393
1.159735122717706 2.0000437244455256 5.071071325290632
1.1662206140523141 2.4538252778944947 6.2849092132735915
1.173666989911466 2.3437698625499124 5.376060671580516
1.175467185406748 2.018911971547273 4.768325560834194
1.1538777043657267 2.214369178574148 5.521098640358121
1.1766843038668071 2.3022764355863847 6.411502077868006
1.1666041075915672 2.4446835205881 6.367624991674774
1.1664052829721048 2.1629456607754163 6.843735798024664
1.175924821699546 2.212980294751538 5.051192602396208
1.1698187925435457 2.0501111856645657 4.051872266611124
1.167067943651328 2.447458287420092 6.37831482425687
1.1725922703518556 2.483777319355977 6.402399651170807
1.166809106923905 2.1349298142773683 6.8125669732675735
1.1543872170627028 2.0896059766122317 5.625618248177037
1.1616853216073162 2.3499251416990523 5.55770203173617
1.1593191019513456 2.2227926532257887 4.722245018277281
1.1677592593042836 2.0142596782565216 6.131701926612276
1.154604977476768 2.227626451349674 5.12765736461545
1.1685748306227004 2.185858157466066 6.949337606055989
1.1745618306089445 2.3709173649415325 6.670239997859387
1.1696538133315697 2.001337411732763 5.961381365753786
1.168381399823568 2.475928306850073 6.128131183798931
1.1761044245313348 2.0426564902482314 6.14371270274369
1.177552457347669 2.1474583547786867 6.421215015147027
1.1632394151229928 2.0088439464246752 5.734720765009516
1.1520552678960263 2.07694187273011 5.13072619204557
1.176442776065874 2.031035283563266 4.992831536322203
1.17192095392778 2.431433608557702 6.661566724999734
1.1703443348183626 2.479806829970716 6.37656778945774
1.158947927658079 2.0586014829389176 4.131997211637957
1.1618956775884852 2.2201858460008754 4.647876259124429
1.1575264754913337 2.2683845675433796 5.774148795967086
1.1739699179779932 2.434901837281482 6.162940812835734
1.1649434484386314 2.4220955776298156 5.84829082142376
1.151836345046204 2.1507192429626527 5.030209443431946
1.1690682798766008 1.9921280751962733 4.422039334025747
1.1720070199003727 2.3598910297261573 6.846262906587787
1.1679419796543402 2.450347486682058 5.853551592703823
1.1577223074632792 2.089816608093955 4.226225046891992
1.1702636312108996 2.478555922362216 6.187496819683048
1.1600850580330786 2.063286236076098 4.110940717143123
1.1550617423782519 2.032969814146052 5.095980178413356
1.1725689409641262 1.988587900133995 5.4376681606098565
1.1620413749290397 2.3533082215289083 5.97655227800278
1.1750723161131347 2.3412663915782597 5.698568510419744
1.1617319507745263 2.3457476337674117 5.670369820064035
1.1703141547697844 2.459388555605688 5.912068997809531
1.1758695987137875 2.332970943901482 5.895518491333235
1.1641977571525697 2.205116993501801 4.529118654764998
1.1580988276513222 2.2600809886432787 5.866818478872705
1.1731784625341402 2.4468447240185593 6.234172390940273
1.1718219865369122 2.242100117658488 7.0028898772860195
1.1574709955523848 2.0799051190089837 5.812488450244549
1.1606036978469623 2.0389184844829895 5.793974290909569
1.1645432979906765 2.4015089808320056 6.058892580928548
1.176914096488871 2.222164302511283 5.448369546348696
1.1699458843653983 2.0003891334520194 4.336727684126354
1.1624776598193214 2.231851184119461 4.71733498232514
1.1642975027238804 2.2144222756590937 6.646947820524419
1.166626316431321 2.3141874645380263 5.062465956296572
1.1584016422705212 2.176203099010124 4.585308592214826
1.1740144615408934 2.058962609730698 6.548803685435699
1.1545260078173296 2.1219927888166685 4.514579081387041
1.1756914131633054 2.344541677228971 6.127113210812624
1.1588896454008797 2.0259934950700864 4.307480550421227
1.163836300947346 2.20525531679909 4.555014673409458
1.1634081037301804 2.378336236716675 5.837156708420798
1.1672698294206003 2.0785426627722083 6.58903032035489
1.1629886512360055 2.0888950509996427 4.119711226797019
1.1760339521378755 2.2227755198917247 6.6979710586034
1.1676254328378626 2.3802860479268446 5.450233079192314
1.1586444084414922 2.0587260137720778 4.206536644370702
1.1643700967820774 2.1493675183731424 6.612218814415996
1.1645799493919233 2.2817839649101765 6.575397349594638
1.171112991083048 2.4549823690964456 6.351867972198926
1.1709450120359088 2.103385955106221 6.812190127418518
1.1662425850890044 2.245347097500491 6.753518489933764
1.1589018025431483 2.077540709402863 4.230410172587108
1.1641278709320129 2.243140919088642 6.58291039878563
1.1702653133121381 2.445507909568971 6.34219219349826
1.1629791046564728 2.2717267308041986 6.423792433607739
1.1609786994545366 2.306555701631619 5.9640893391254135
1.1693199739896092 2.1079092034385196 6.752278905134061
1.1767931355293022 2.1399800231591293 6.473869200962396
1.1651082980663257 2.142170923185483 6.646546246174152
1.168184444794726 2.075784286659622 6.585603791474565
1.1779572952318111 2.159359835515481 5.884339741085764
1.1734980514585118 2.1566106170332136 6.902779063758411
1.1684676592298393 2.2544557772227876 6.835393647576241
1.1675240637928181 2.222945298374018 6.819505165249748
1.1627947242696848 2.2206439635428135 6.469212731230588
1.1755472971999474 2.035826043037063 4.836815554379749
1.1679160284642263 2.0565924236807605 6.44984515240607
1.153076971374992 2.1529431621675084 5.118911245967611
1.165424903668672 2.097526250057112 6.533098935429001
1.1596999076616277 2.294675981909397 5.74029951365015
1.1679813998647999 2.227233765033515 4.681496971736095
1.1585861476465564 2.1909075323740455 6.038041310899791
1.1547986580399547 2.1706186801988405 5.61926245717366
1.1530805572159224 2.107130878768083 5.211914559675053
1.1757561939191228 2.0237992636639666 5.613169265034598
1.1575495759189267 2.021441139675509 4.74632903754557
1.1558403472605208 2.217769144007536 5.202655598151937
1.1745973257076636 2.096840166234738 6.651854723840598
1.1721352689071007 1.9942498342933541 5.526096157757403
1.161774215571811 2.3077917144261106 5.388137117603019
1.1652484362969653 2.1534328390309447 4.344042765521612
1.164472951133027 2.362866934287504 5.548338363493739
1.17556034326618 2.0829810799806383 6.448327618442519
1.1724651570102254 2.4309190616800556 6.348764148114011
1.1731691200618102 2.079708205131268 6.656003039223668
1.1681833973816564 2.268011248532974 4.89403807626403
1.1730293880683513 2.088320113428786 4.370868971297925
1.1631861468924751 2.036335074098142 4.145346628762919
1.169629204280717 2.3260732506519615 6.725688214813598
1.1758374186194698 2.3116937953297754 6.2844545365908555
1.1629354350219834 2.3402747012363885 6.047936297997614
1.1569023269025718 2.2019506556963253 5.7880635475383
1.1773085887058277 2.146793808852888 6.26732809670002
1.155833018376737 2.0435793214475257 4.571070593255984
1.1627210925760059 2.1844874441992204 6.443166192915731
1.1531912048461805 2.1296322537515113 5.084413979597727
1.1681046210903192 2.0865192249974953 6.587119201559837
1.1754718855611146 2.3172626695922487 6.336395195523066
1.167704412760243 2.4188144468075574 6.0475266017649165
1.1768658812244581 2.0589286274218246 5.351745837828533
1.1607570896458972 2.2555944015356113 6.112583493829954
1.1613429362104435 2.309091466514242 5.716121625579914
1.1590558759746714 2.1397087246251667 6.034629910290915
1.1650114186201022 2.38093056002385 6.077169180599888
1.1601592703938843 2.2743009764324036 5.306032507612979
1.1741060869732118 2.1545626585295885 4.68659965215199
1.1639299145879172 2.360209581194619 5.982185942815525
1.1549004590589482 2.1919543952780423 5.235525789381207
1.1552059255307363 2.109920067403917 4.5909745836506755
1.169163439839436 2.373373729703725 6.51069291894647
1.1632474476045733 2.204381566502863 6.462692196751663
1.1732817936556534 2.320008221987588 6.7063002412487265
1.1658147846063376 2.3954840579551706 5.897234909125132
1.162224531411304 2.3219449899489866 5.865177416310264
1.1592558624953506 2.2681554518705216 5.669421927963597
1.1709796477989138 2.1938151471877836 4.6378279750603415
1.1666640240008384 2.026235483524062 4.169926811834456
1.1768424856389132 2.072332160033183 5.251342526147743
1.1738516074158403 2.3233591290081805 5.517227771750509
1.1743668646608656 2.28300238472881 6.72147038458988
1.1699754166587664 2.3932497846143734 6.460167823070661
1.162668800047796 2.1820539790289613 4.559414782897294
1.1554849347919158 2.0670827114449613 4.543206294441918
1.1731386540700088 2.0425666395682596 4.433753024573658
1.155550694762544 2.0457568986039387 4.897012906692446
1.1675418282622843 2.3990790126008177 5.811811390096491
1.160568286380055 2.196876161773279 4.729264144278623
1.177379219801976 2.1331500933534486 5.466916342401541
1.1700595261350197 2.3598861028539084 6.588134606154144
1.1619797891406414 2.303711370630793 5.948328007513799
1.1649838584273762 2.3668564843026387 6.095544980116669
1.1738640252903183 2.0219552954013422 4.677853497808753
1.1693856766741522 2.248104521290162 6.789554594041217
1.1700558099607905 2.0218025243322604 6.079401776128112
1.1603922647310803 2.2202645024978587 6.0921788419901155
1.1671183132258802 2.0038814810470487 5.663041893824365
1.1691583090071034 2.323735801813719 6.628024739940946
1.1558322762635724 2.119654510644022 4.640486691742463
1.1708711332680801 2.3899684774182557 6.461957037559863
1.1590973082942437 2.2331722861493173 5.837113782123364
1.1630048693723594 2.0498100320343107 5.978632119464322
1.1713613906983857 2.009487715449415 5.8823604412772
1.1544924351823451 2.094389177472935 4.75397141196234
1.1687325666558421 2.2270940883649804 6.753185599588981
1.171295405751529 2.045684966213522 6.354412494078549
1.1707537546068187 2.2991987254826842 5.184125490229205
1.1729715215122996 2.2227278654879363 6.852681683351905
1.1728353914177758 2.212214998278223 4.858513357769805
1.1737473889414103 2.3018880986505543 6.641679358663536
1.1634718696344746 2.059619242869092 6.067741766500966
1.170039621465945 2.2796839912126527 6.736627765418971
1.1760895771683515 2.2686378345202955 6.1661851669186944
1.159119318203747 2.191940002126134 4.85169683774909
1.1557190917840077 2.1461934003679586 5.499598878019521
1.1684664969127943 2.2538151564856888 4.91964351874169
1.1676921972689054 2.331996497550583 6.482384864781464
1.1676299790867675 2.140573272342696 6.660343882134292
1.1683990528006942 2.1993824842147873 4.6542899131478475
1.1613328953771498 2.0819047796164467 5.968529769008718
1.172885998302684 2.0007308576246947 5.181460032112868
1.1599991711048359 2.1854141141220573 6.055855673799165
1.1649475063981114 2.2427085546649668 4.869714784151233
1.1709043100203875 2.3267923441083393 6.64957447459849
1.1696294114785362 2.1406144137758414 4.450221873344098
1.1630160252894566 2.1023880571116997 4.303541490438139
1.1658274671629931 2.2134262157987568 4.695959331469968
1.155809431234491 2.1735294685966884 5.354018439263356
1.1616972913241648 2.0576313641071415 4.309930135438298
1.1749172907797036 2.0241072435151617 5.473420738874296
1.157574933631147 2.1885376558353697 5.00048011159944
1.1586107430367627 2.031530900762738 4.83042251575508
1.1721511813242338 2.389268595596342 5.9986543787415805
1.176920082863553 2.0927001518250146 5.460684233995277
1.1611281741937802 2.1654405697134367 4.634796837489526
1.174341313784336 2.3422961596855565 6.100308025002697
1.175696444120324 2.2454525658007527 6.424456824222055
1.15792140777442 2.0641151357265426 5.402760489567246
1.1751952038818985 2.2993614909736957 5.993050952702246
1.1696730558642752 2.3875195738423525 5.976613888884593
1.1669563832251646 1.9977760669825408 5.179504668607027
1.1762378878945574 2.2474071465367547 5.957239052836755
1.174601662489154 2.2570683283272275 6.599881996587104
1.1718355777450276 2.2582240587952978 5.067898901189855
1.1724658213284114 2.3116456612935896 5.405722562207556
1.1626362018006349 2.3009454016665574 5.883494826360483
1.1725156912855208 2.0406638319045713 6.228909530072253
1.159885513482876 2.2529553836787173 5.609993727120811
1.1619903278610506 2.2895684679065664 5.673969006996218
1.1678704436791199 2.3646095022127906 6.224773540907162
1.1658143611182323 2.28965419389323 6.445422470546768
1.173879245638985 2.326277273503029 6.425023188016128
1.167186922950754 2.3681552411247413 6.12976212712274
1.1641239425003076 2.141482500169756 4.449811526224645
1.1718853444496091 2.191032478628188 4.760763991409068
1.1613759886304278 2.023869745919794 4.643705197432471
1.1666655791387432 2.113371530770496 4.340260379144915
1.1657606737784585 2.005057431105178 4.554812267411023
1.1554716153550726 2.0845414394517103 4.9683323205893775
1.165395294427689 2.325089629705566 6.209446203835874
1.1607826238114622 2.023591433779777 4.733787707603943
1.1555501642349209 2.1105795819884863 4.898790211717786
1.1651009166498487 2.0248031752249824 5.768022446841812
1.1715701635378835 2.026530794343529 4.4712161519153835
1.1562199935108424 2.1037072775779753 4.75623160486505
1.1631087422315298 2.300733410671142 5.945409228762307
1.1573973355170168 2.1587128521217536 5.612423661797935
1.1757660807630992 2.2026871589386516 5.362125796638088
1.1711204244443656 2.2690731781075475 6.711908770309947
1.1766433003748897 2.1977278166011134 5.790193362532037
1.1634591417865747 2.0989338191090283 4.339549955846513
1.1736768585943813 2.3435164734527407 6.141984982782345
1.1660303272488228 2.085154914209841 4.260592473562584
1.1619924598741913 2.281056940390167 5.6857886437681024
1.1768661005390766 2.1497878604725935 5.960890616142587
1.1670834715334122 2.3487584903032115 6.203267073264351
1.1746049217087806 2.10296069741078 4.7708620881118655
1.1743974415124063 2.053048870446219 6.147625745548396
1.172503011990802 2.068978705968247 4.4642302607544835
1.1680216013544613 2.01215879838505 5.683154183699802
1.167136318927993 2.017912650320842 5.764363374194662
1.171946521629659 2.0065536522553398 5.553806338185668
1.163295565281038 2.271196529721477 6.145465518900844
1.1574780919608867 2.145317335221076 4.839087581962918
1.1645629942220233 2.325570560457178 5.694757153148636
1.1683118059279531 2.2048589803161143 6.658347778363845
1.1653578844761443 2.2819704282113618 5.174767494039189
1.161582077562553 2.2470307094565936 5.9287327833717285
1.15736977324115 2.1146761689110205 4.7253232319287815
1.1656137004694829 2.3454471434787423 5.834139521099985
1.1652511002058121 2.339394613456068 5.799329488357156
1.166588031773963 2.3357252684831593 5.566157162261575
1.1738847246292834 2.2735319563428553 6.572645647422345
1.156452358972473 2.156369376076762 5.18000129087279
1.1756070306636646 2.089114689981904 6.191016423159441
1.156370380941452 2.0955085150223822 4.840569694342975
1.1609966499597875 2.0546578026601456 5.620434997448621
1.1587788855651864 2.045015572616653 4.795720898391689
1.1754710284307128 2.045900415870888 5.265349087711426
1.1708758760485463 2.312808687700875 6.559883691396372
1.1733395493107224 2.23310913167877 5.130430816815142
1.1701016789582772 2.3621018482461182 6.243887042559011
1.158877341643431 2.2092789647355664 5.337735994851986
1.1730325443614824 2.2541005365512508 5.200371124302089
1.1652557757001702 2.2327451470658963 4.898958467740121
1.1718171120253673 2.3618395724225207 5.933437232188389
1.1575619656353746 2.1746411992877963 5.139975145476583
1.172218707777715 2.2483033213580272 6.707969964630193
1.164296199081641 2.2751394559112437 6.204855206906897
1.1744217418889589 2.266542932695244 5.4972955831849895
1.176466981954778 2.0954434410899307 5.404692520068734
1.1597814569256268 2.2220259677683156 5.6944964684590875
1.1562853529246668 2.1120941636507085 5.007013400045736
1.1744604406188917 2.1549230828885797 4.923433992557582
1.176696181005274 2.160977936600995 5.869965606528764
1.1632977439154466 2.296739972140167 5.668910312858966
1.1662102311766656 2.2515125994604355 6.473562292369014
1.159210533866553 2.1322377723441623 4.693976655953865
1.1582044734421213 2.0630995982013216 4.75974569051146
1.1649446962882584 2.3169287189663903 5.604062226301057
1.1749789130470245 2.0426681417416908 5.677425890030618
1.1750259525278373 2.269564269529144 6.197303442116459
1.162691847344383 2.1872909762922275 6.204747451255038
1.1589916656743364 2.1078114509602073 4.649700183576343
1.1733424754944433 2.163435928195532 6.670026277518236
1.172405503920468 2.258195094788222 6.669027276053484
1.1759206796688535 2.1388517457541574 5.221001307918666
1.1605003445895252 2.037173742325999 5.1598170479029655
1.1684032263158493 2.349678781608768 6.147165485021755
1.1570091251227934 2.1177923136202965 4.899606628426863
1.1758481573841326 2.178365789559132 6.3285948766819295
1.170577470815648 2.338565749732762 6.365831438681839
1.1761212066105462 2.215182082963536 6.00541962790539
1.1586473819469982 2.185596108635417 5.182454302261142
1.1621976837123706 2.0252375353362355 4.724033314135802
1.1678430970104936 2.109309231726082 6.449674038439882
1.1694892985376613 2.353825153555565 6.063823427116905
1.1715589927471486 2.0191857348861655 5.77375618264707
1.164952405696192 2.0846408385104613 6.187116948713452
1.1706506880976637 2.354297548595007 6.197917662714151
1.1720109571018233 2.3399205552794458 5.794037234693413
1.1692396404778518 2.3230744215806647 6.336231532032844
1.1731402510933153 2.165740476360015 6.667258101113392
1.1663990491472698 2.33385502646531 5.958262496865437
1.1747907739472674 2.038676148819612 5.5046174084632735
1.1662850836548557 2.0484233378337087 4.334840630469531
1.1708826263769336 2.3131906696088502 6.4684823160925
1.1727938646562293 2.2536133798923714 5.226936034697221
1.168500627363708 2.339516461955187 6.150875145637155
1.1733156736561974 2.0457746530466174 6.055830853568324
1.1699409412223039 2.1485351773253196 4.608721485104493
1.164605306934765 2.2447228266740424 6.26327524587481
1.1652928183831475 2.101577859906095 4.396479646025197
1.176279243899933 2.106336256132129 5.498281394167574
1.1706647265534662 2.014424695885831 5.617946146207315
1.1754495468071973 2.1879549821917244 5.379356237808656
1.1687722856704301 2.1517759303716417 6.559393583634433
1.16290723083428 2.090706137018714 5.998532787033193
1.1606786351626701 2.2254989883966303 5.403886960883916
1.1651078747441956 2.3110291094987234 5.900121228618952
1.162160665339695 2.253046379886611 5.533373924280713
1.1715068165312863 2.331373217980193 5.736860004768404
1.1652646643780833 2.215494081373818 4.8849155189463165
1.1596134964593279 2.114708334995537 5.6811054482603875
1.1601702014908533 2.100815757428692 5.693425649917387
1.1668359423250434 2.011284910236374 4.723762429474391
1.1580616573773541 2.084701695900512 5.163579056146537
1.1692387323102196 2.2449242468642927 6.532767114344535
1.1701330270845784 2.337519583267245 6.126472505935201
1.1672970284762627 2.013112704380708 5.431495315432931
1.1664745154161715 2.138431367803988 4.53851791746211
1.1713810234745567 2.0364945649171844 5.9731614469688115
1.1633033466630662 2.115894776490114 6.09463795479345
1.1725045177818265 2.0168569753769954 5.017366469668703
1.1629769567466792 2.0241425632536063 4.879290635503642
1.1654565962853891 2.166344155857972 4.659512773482129
1.159637954104012 2.1624830961837804 4.953392740973678
1.1597708618157971 2.122933496248036 4.754018045935904
1.1640807324384292 2.2671197734171313 5.364265235651885
1.1689454881074253 2.3178719065858404 6.207978628053118
1.1754410438844576 2.067649586223749 5.5811854060266075
1.1620779982677634 2.0863689168251685 5.8173350322044435
1.1635524154495909 2.0724533983787934 5.908661078010271
1.1728202581663985 2.2805657337611804 5.483757497481102
1.175561571977012 2.1435404367114783 5.288356844209629
1.162324726145793 2.2316507215818904 5.88655943471711
1.1598260123176205 2.171043829240201 5.689664490167811
1.1595039505032712 2.1858460149736376 5.492154428560514
1.1722061981101004 2.020205871823764 5.567497561227109
1.1714382833995465 2.2774987978398062 5.361720572002767
1.1652584426551351 2.083462613325638 4.408124787576604
1.1716592967837849 2.3307822155846996 6.122388213164465
1.1638219714647176 2.257168485891645 6.00399694452762
1.175503080687538 2.1722034729422095 6.219109794316978
1.1657759741774962 2.0392160907111703 4.480178562163369
1.17499878732774 2.1196354375531916 5.110585919517526
1.168007589145147 2.319180634553433 5.988043767227724
1.166583163400111 2.2065663437078684 6.415541085415551
1.1692432559518697 2.2617611427097626 5.238941662022098
1.163412638893005 2.219070737615556 5.078961668001835
1.1740573076418093 2.0587165565318033 6.001557725470505
1.1658619069506482 2.3073056740224063 5.844704420950739
1.1722418360377853 2.018993687002806 5.418803410562582
1.1757152943722207 2.1717926668450405 6.11663895564655
1.1662213845124565 2.304460699947018 5.995108758001516
1.1603483455522974 2.0600430692610248 5.233511368444802
1.168924412685509 2.0936932272041076 6.328819444472536
1.175667164787706 2.1562290381774782 6.116369632283597
1.1698660421204974 2.19658948682423 6.562241271797426
1.1653091928861827 2.0804988182984987 6.093470098697406
1.1754210180815992 2.1107545361399307 6.0303733067808185
1.1758028293784555 2.1345290518343703 6.033947769044275
1.169690878586725 2.3036743744645487 6.254915456415439
1.1735007172811125 2.154322020564676 6.50537037418475
1.160055003499827 2.1422792352341893 5.666107599368949
1.162445111230345 2.242166632115043 5.59941360638329
1.1632755257096168 2.2489835852170104 5.862834567490188
1.159056035495461 2.100897837136196 5.302126244789095
1.1634430269575056 2.2428912251659656 5.30748841557657
1.1661959110742943 2.0186439340612807 4.7506749813375855
1.1732267854820435 2.1102999318263884 4.800478929538242
1.1675306226776563 2.305397384497276 6.071756324127053
1.1631670849634497 2.0836213024784316 4.527381080843599
1.1682129082059631 2.022569568124814 4.729775799946751
1.1731761173636392 2.264453948976452 6.374534618161274
1.1646756521225734 2.090373157634691 4.4928992855536265
1.1602564755271554 2.0632516070265408 5.015023561052127
1.1620446635800055 2.0778098523584863 4.61732326751047
1.1743580486371106 2.2499744345454187 6.2276740906154835
1.1743725006417522 2.0733375265195773 4.977233896894409
1.1677884004943822 2.149986875631249 6.418769096563073
1.1661961118435742 2.2314779965854528 5.065160143919238
1.1685924220196022 2.0330573984522777 4.6095742717244335
1.1661963903199508 2.2996965807159633 5.827548793798989
1.1600484583929616 2.08760598493246 4.81988774881102
1.1642412803779119 2.031885481966348 4.718204259217844
1.17295031131981 2.259891771091734 5.466919675627242
1.1641816992750686 2.2172658412281763 5.084628740160184
1.1656797406447277 2.1458475104141987 4.649976944703948
1.1605696435333779 2.184167088277407 5.484200441035501
1.1708626868232517 2.314370429880671 6.056578592409478
1.1649989194611183 2.0241585708695817 5.21853058120154
1.1723389818835068 2.2749369265626105 6.36643703903132
1.172658977763705 2.301427008185379 5.889573214611076
1.165733360483023 2.1307761872128337 6.260544944493118
1.1695046354962275 2.276984620632701 6.30141977180152
1.1736596744770456 2.088987321327205 4.867694049019661
1.1694623113242015 2.2777608951109696 5.4479793316313145
1.1599603151562297 2.0881034914912213 4.897830640339105
1.1742166378840109 2.2463218803044818 6.2009103712898135
1.1669531251077214 2.2869429956577596 6.041353419521551
1.1684188324881837 2.2360356736129807 6.3798259597039575
1.1739581490123916 2.18136054892139 5.195658225670265
1.1709792006536577 2.1160652597080074 6.409509482584211
1.161425404749286 2.0605877114159337 4.97601397074909
1.1726937698286592 2.081647088184783 6.2364598703191945
1.1602976649698726 2.12093317827448 5.478324810169838
1.1748409784902742 2.1508916675079854 5.2865617830647
1.164804780821655 2.037656305464258 4.723397145942904
1.1608848611896316 2.153039309612003 5.627694000712481
1.1596908635155734 2.107245921939771 5.273383964075855
1.1742937186503353 2.2134187605968547 5.464097269922018
1.1756147876731453 2.143692499738813 5.653757757903987
1.1597132106538202 2.103156851604427 5.036753826571859
1.1643322464044896 2.112761103849041 4.6224224779479535
1.1676866092435185 2.2106370600503937 6.368548412160923
1.1655237080043013 2.1454117369956958 6.232197453339577
1.1627697676304953 2.2163624034454372 5.785665656016427
1.165502438395595 2.0449735959844526 5.680163604021352
1.1632072706965806 2.091076654181837 5.83897631146891
1.167628501597207 2.2609564179102435 6.219712206224603
1.171058004620668 2.1728910026939925 4.8907520526488
1.1685593982173537 2.194846117709809 6.419759816696066
1.1635327053884998 2.036961608961689 5.058708350054662
1.1673101013780527 2.033732188315249 4.679153465362928
1.1603564016160073 2.085485783732218 5.223639498971336
1.161792402967071 2.191414662218775 5.561132182623167
1.1718744378326797 2.163118912317686 6.494304066151322
1.1733486414305796 2.1194384571795135 6.319139453173426
1.1614970670467755 2.1244110105808565 5.638851488519789
1.1734553537679444 2.1663760401133554 5.0913983378877745
1.1603489631269723 2.1040571664659713 5.344918247597924
1.169608946383216 2.046387276128943 4.65684922929721
1.1695600243347006 2.036621398775312 4.745577695274799
1.1661043418849033 2.0513499672417677 5.799260215225411
1.1713867785749508 2.250436179577566 5.362910496237664
1.1752660879839931 2.158773401861633 5.590718622909753
1.160240054835197 2.1135587796338493 5.095771739826112
1.1630448611706636 2.1344376828659937 4.776209591644868
1.1720720148579096 2.118581163785336 4.779570806842017
1.1653368328533231 2.0834881450945786 4.5497333679969785
1.1630360951762835 2.0818382458528624 4.6670430915267485
1.1626159612847295 2.077061811598709 4.708960818914004
1.169841998185337 2.0629383859856216 6.036023852494296
1.1663850602956278 2.2662830346021954 6.03280867076883
1.1708903643682982 2.033234164390757 4.849825515298278
1.173469598760545 2.2101685419177732 5.355386918534933
1.1668825904024067 2.0994815298520733 4.595120834913859
1.1734494461024512 2.061817902386924 5.864252576505644
1.174419154918667 2.0892079951904945 5.136537252804569
1.1726570142641208 2.0369063285042195 5.536296713207095
1.1719195115708616 2.2520303029937714 5.4520621965104645
1.1644020910147783 2.036876278096826 5.129046928303657
1.1699341401832846 2.0288622617256165 4.904401946514332
1.1648280156893611 2.0931247922617495 4.627055381797465
1.1723026762669297 2.074457636838141 4.783642234300869
1.1648487160535572 2.2121395101567756 5.1578569667012495
1.1745910682351894 2.213047422778239 5.910428318301635
1.1673309379262136 2.269077779271403 6.039615473396239
1.1624011491868074 2.0794828823611002 4.7895394970240215
1.1722965215467176 2.1988312398811494 5.156524294495201
1.163536224444012 2.1281955294830825 4.775803491958925
1.1726984821233228 2.27426592737082 5.900509400762479
1.1709187290923495 2.100416597922108 6.270404741474945
1.1630947339576838 2.1744480985771117 5.880171703710545
1.1723572595546514 2.0763741124747166 6.109486346005113
1.1749301993479118 2.1143631270503125 5.470535746117415
1.1746739690784551 2.1866610399363604 5.996446338410232
1.1697230368656555 2.280560932547596 5.9118156892693925
1.1683617835301177 2.1642630572323593 6.317859696517411
1.1708553634498644 2.273429180615022 5.661695439232567
1.1743678379427773 2.1870450103849377 5.492821455832136
1.166452765218872 2.2555767195990786 5.96681532564676
1.1652122647092371 2.2497150907366628 5.7238584769082745
1.172954753067796 2.2628188331493275 5.951552316746399
1.1664383278023864 2.0367555157569948 4.860379287770105
1.1617061802439477 2.09390319936584 5.182373899028493
1.1635926102074876 2.049626262931703 5.004676575233072
1.174824892706696 2.148157468218654 5.529305977301167
1.1714924829364817 2.061638592317026 4.801009312299996
1.1749429520529833 2.128555584335631 5.6215590493670895
1.161566300217312 2.1278780813562848 5.318290255452945
1.1638463561627224 2.077320512218572 5.64906925946303
1.1709405912360826 2.0742207262428787 4.752277350423643
1.1687080444937419 2.1726919504780193 6.3006470930007445
1.1692572629546818 2.1702900416426867 6.313345668244054
1.1640720142819863 2.048966647931332 4.978794375245119
1.1629752361401346 2.1965186343964853 5.565772325862227
1.1743664153164821 2.1651098992775166 5.413007024898697
1.1722535642030532 2.2659992292694517 5.927407267130759
1.1649188870893132 2.122628332708726 4.771555464459256
1.1638813559134449 2.050933056851078 5.137538817919477
1.1717106847331251 2.210072390618654 6.341630672380997
1.1656745003099966 2.2436916634513837 5.851630063724871
1.1716786352580209 2.2472573863725818 5.531623166312318
1.164271404594471 2.219860787357876 5.655735125602881
1.162232561995522 2.149627463066767 5.548651012676837
1.164426441449658 2.0918924486669392 5.791928339766097
1.16894685527378 2.036485929598049 5.3557727753992594
1.1714367654102662 2.268241003847046 5.839973237251357
1.1731360026214521 2.053079355054237 5.307457068513626
1.1672914547306044 2.161154972257617 4.891440666103591
1.165318858929376 2.0500642518286445 4.81779026197875
1.1707692122638296 2.1210782455977317 6.26346579003539
1.1668179249543906 2.0583376502847788 4.729137059149885
1.1622436031255081 2.1301335098122918 5.476663830556317
1.1621415690478465 2.1046101832972215 5.174885627044814
1.1706589170596424 2.2293544351065013 5.371652288795511
1.171178633631102 2.193530007198434 6.326898584221263
1.1712196181365755 2.156084368923944 6.322620294456058
1.169185827365458 2.1154273136105894 6.160424545406718
1.1703125352854702 2.097613793643845 4.793049217056705
1.170876273352969 2.205696108794442 6.300852270890726
1.1721622418734932 2.0483802485817204 5.574947533981607
1.1626318962019542 2.081598458617601 5.066729511532136
1.1635343825861955 2.163656171750437 5.100025283686779
1.1637564230133997 2.125511505153539 5.777178026905293
1.1690033698802622 2.080661763905949 5.973947858782605
1.1645655587253534 2.0546807814293766 4.945575136727024
1.173128506443967 2.1159097447805144 6.128345772466901
1.1711911729541555 2.063648172156479 5.870350601938812
1.1658532615869288 2.23023687259015 5.439398396458687
1.1706479953823974 2.164892707086769 6.3112167509663895
1.1720535813654718 2.0756352726103864 4.921907550224345
1.1743829327744477 2.1057151116170454 5.638658493115178
1.1679891526642598 2.1821587121624217 6.183372005859644
1.1701897446031455 2.118070592730098 6.187266346022536
1.1739602274194523 2.192103439884989 5.965252537742028
1.1743558706368664 2.1415758002492655 5.934525479565236
1.1670471212888538 2.0837649766029394 4.736092689924721
1.1641128971916486 2.067050137358681 5.351271074588128
1.1742388471438963 2.173236535930877 5.5964739918449915
1.1670342157064248 2.189350283641806 6.102053998026747
1.1742221700520696 2.0968613436808323 5.50848294915634
1.1713585214732418 2.1695860275903223 5.094391953852531
1.1742165613775815 2.1820452099759997 5.8012803777270125
1.168079673204296 2.2439665631129153 5.713854629043846
1.1660459767876696 2.234342861685005 5.634556244986596
1.1674599792151934 2.1784030122350897 6.148870414504195
1.173269006384372 2.097232402446245 5.182274669154696
1.1677899709927404 2.0607102325532045 4.841655232865142
1.1712536322639036 2.0732518007020824 4.910146391759154
1.1630095042718183 2.1082561860319977 5.071288655364217
1.1718953584270055 2.2384424756293306 5.711898969497126
1.1662626757041274 2.2301434994434044 5.561397572272307
1.1659496009358938 2.0464980963124355 5.086149845387
1.1630121765200871 2.09819442350818 5.366021176989856
1.166621314238934 2.2258215624469098 5.861647830585506
1.1659815474353683 2.0464389434457404 5.181455733800439
1.167020221713956 2.233346059517247 5.711839059224989
1.1739064309865217 2.179187256323568 5.8993883986815465
1.1704508310929138 2.1795441594120497 5.137156040564657
1.1662122822478866 2.22026831810427 5.457126008380948
1.1690971869030988 2.0866746820441864 4.847039766954476
1.1666307553617634 2.075720855803897 5.7272544549204305
1.1666008441271476 2.0912709938587515 4.806938632285979
1.1681293381325089 2.2322479525498 5.793930382257384
1.16539806415491 2.20843297851597 5.670827750664184
1.1694406596402873 2.184495042596627 5.187436174290557
1.173880732276817 2.116079154277069 5.746598752759221
1.1733353772539823 2.128262231667338 5.293335061233018
1.1663417854434759 2.1988808891674734 5.289731131011727
1.1638995088494208 2.1174832565025627 5.047534336892857
1.1709643947492339 2.088933514115162 4.926198199819732
1.164724883797839 2.106485873518386 4.939797512190747
1.1650952154559624 2.06155205510776 5.191360327031623
1.169172904212204 2.221039273186385 5.990695951414933
1.171298439858183 2.1810602936096437 5.237111479280532
1.1706558857603673 2.2363275060414938 5.706170462282628
1.1729475651988062 2.107117201277042 5.96357653248511
1.1651938548627072 2.1690089101306826 5.866155333702622
1.1645899315197143 2.1573375436598274 5.7469033986632105
1.1712931032130973 2.1073929406443628 6.046488044556725
1.1680851063188558 2.131586612387305 4.949224937480391
1.1735532420695496 2.103646740931439 5.422305486240914
1.172722434280435 2.1519653280465842 5.251681210858912
1.1645900850389581 2.12423079756983 5.016094580669243
1.173922306205748 2.1304208348827203 5.620938182507652
1.170794087709146 2.0575016613687684 5.083565447282416
1.1676235446703764 2.086260909634668 4.861947077807535
1.1727241615051311 2.189788227104007 6.065382691146514
1.1693120505933725 2.1944150069189634 5.299441557054541
1.1662371143665258 2.1339092597701423 5.934263001204062
1.173268806636619 2.1810809747665525 5.677534069190294
1.1718246748650027 2.151567207399136 5.181513610265229
1.171842771431403 2.120749696252662 6.0631932654432
1.1690168211462781 2.1104348232693866 4.952847611480333
1.1726408937366464 2.2056064834959597 5.964193001455891
1.1702156762971876 2.054890163215779 5.40526360948545
1.163821057411211 2.104510272894159 5.330174194858339
1.1677957171595654 2.2169362008749554 5.743989247936373
1.1661567331542106 2.1880103552788475 5.282213746440716
1.1640932402692559 2.0916087825211784 5.211279244427628
1.1663953480305773 2.060742810712235 5.26746193841751
1.1683175394728793 2.1538766079191913 5.093619416185755
1.1714973528406898 2.1280149556755026 5.083188290246113
1.1708155776505234 2.2188148991455217 5.95424310028157
1.1715868435400112 2.097710842531783 5.929779913130101
1.1722120716709958 2.071905000936825 5.2887316795559975
1.1712250222906522 2.087190182447119 5.848365652960062
1.164341294769378 2.1485501008433765 5.4815702650071145
1.1714324379392536 2.216848460904531 5.756317501598421
1.1700302802900215 2.059490933007421 5.366315675017686
1.1644034041365328 2.14804400339151 5.339211749299112
1.1687876250945186 2.1808273221598222 5.988227218381239
1.170666902290619 2.060998752231147 5.238401586921242
1.17084550599519 2.2142236151139896 5.613279436949803
1.1701010123393913 2.1043005480632417 5.9274865534183405
1.1653287045194887 2.1111589199264493 5.657708947714916
1.1644970124247624 2.1118315147004307 5.2129385995783935
1.1655076778474545 2.1535995008406696 5.748479560111699
1.1704733209892886 2.20187210776072 5.47019328426085
1.16626336623293 2.1952521521690738 5.471440097271131
1.170364547882958 2.214465498169302 5.842138007855818
1.1731731804835768 2.152552223526586 5.796321675153953
1.1721455981730697 2.20017123252026 5.665584256663195
1.1716858102486034 2.1200014168253274 5.9909014419145805
1.1690069779317978 2.081739111601157 5.061027794848627
1.1695857593188808 2.115029006285579 5.899800155161481
1.1678611668840422 2.147656523907771 5.148207322490649
1.1700299978975026 2.076082420009806 5.127289982810138
1.1707325731954856 2.105687752773462 5.887892185760773
1.1656276428219758 2.148474659847399 5.69163016693728
1.1655982846027344 2.1717630064115214 5.514295464716891
1.1721698919237769 2.083928353264208 5.480105858725363
1.1727058470457767 2.100048335569962 5.515417965619653
1.169639143853079 2.148514664448099 5.939900584072074
1.1713276475784835 2.108211854392964 5.839890623232042
1.1711971997948287 2.1630629686625213 5.976134763944131
1.1658081513344498 2.0882444618618945 5.221468841114529
1.1662277004945498 2.15349537878633 5.65665887038285
1.1671375897097498 2.1580511330302627 5.320153235249649
1.1702487811661328 2.1781679678166195 5.472296520793442
1.1687499394164238 2.181332508546296 5.600926744900489
1.1677116455519276 2.1209361727424048 5.7315520744139175
1.1696974119419605 2.0827480800075375 5.339695349109061
1.1714664303335982 2.153326976727386 5.401874860598493
1.1720193920101454 2.1581490373494114 5.598609192740112
1.1703467078068213 2.182798758454698 5.68803121485467
1.1668722499858968 2.1475126203725323 5.629041114527993
1.1702438693778392 2.168091729744879 5.456674648276598
1.1664048663042754 2.1432524891835314 5.524512022422625
1.1714276635986978 2.1670599263865564 5.766529275047262
1.169883892365096 2.1163166150582677 5.705924215959625
1.1672405800064696 2.102124717183824 5.336486568124116
1.1685585882394545 2.1419251306325444 5.726921127903989
1.16748122589447 2.1039324745414483 5.372854656677433
1.1693103260760929 2.1207924050306857 5.434224859155911
1.1704458552539911 2.1286490473919057 5.485463273467584
1.1700613717811916 2.1336650176435876 5.551613719213918
1.1708170891173861 2.1282368301919687 5.565473791704438
