mu sigma mlo
1.5221819859531618 0.3280200922400011 1.1736573208718268
1.4880508758788809 0.2530794761252157 1.1671505564749793
1.181611586410268 0.49493653748805444 1.0967581846411687
1.109176612736698 0.5575881981004724 1.108030835047521
1.1491190441714243 0.5008047703971606 1.1025446903717597
1.3080041718894582 0.3591658814044769 1.0974550627491984
1.3446046165211536 0.344396943761718 1.0976294116167011
1.4737047562571202 0.35430357747264546 1.1290679006213362
1.3021126194633599 0.384568247733152 1.0991208455409311
1.3205434476550688 0.5021600596992942 1.1751270560693325
1.3897585393153904 0.3449213073411439 1.102170870216889
1.200240408867373 0.4354518553723081 1.1061038775581267
1.2593598076402426 0.4462373687453928 1.108112782963887
1.4603165693408282 0.27677178855260337 1.1469806028302947
1.4930450703117195 0.3279928148917362 1.167378092839376
1.2422946639357901 0.47176613286863434 1.1182093319789004
1.4372797026980662 0.3695376392658642 1.1783649880659262
1.4248747942112732 0.35480551676578026 1.1227729233400972
1.4472221419337519 0.30804379106739277 1.1309504934824233
1.207010025200085 0.4900431658172817 1.1227299084205375
1.3023265735127374 0.4495275914106396 1.1248196609610712
1.4390979032836846 0.26853755254905837 1.1672288339100674
1.1717770684591828 0.531084730797236 1.1336041434943116
1.3163437505806987 0.3374623958622 1.1222743399209902
1.3318390469190595 0.35624236518038127 1.1143652799142205
1.2202421856274959 0.4875057915248759 1.1251284336044363
1.2121946637305827 0.3904670383977253 1.1866100134402076
1.4430993632976405 0.39317191745486 1.168002111239285
1.2787982829189464 0.3709457098964194 1.1176789909478286
1.3263435589121157 0.28588313061820353 1.1672441013519461
1.4254974395112021 0.3842647682153782 1.144318484380757
1.3681803042064198 0.4427656509271682 1.1518311270838073
1.3044628480657512 0.44660997391393503 1.1813412984102871
1.2017025956451928 0.347318503704277 1.1824667150079153
1.2540013960997074 0.5249311550988122 1.1626690035997882
1.1348017385577667 0.48863047000226567 1.1202946749916258
1.2225462884430183 0.5449713794140517 1.1680722302413349
1.3286999148360492 0.28982146741122256 1.1630215942192503
1.145690416334334 0.4630756272558568 1.1193461942763463
1.2730787748919357 0.40884663252229236 1.1170934145363698
1.3303545387128088 0.3087479948736717 1.1435636307208648
1.3803132342386106 0.31705070354331794 1.1290609492216612
1.384598920668327 0.3845445355628497 1.1283854525985164
1.2447406598870452 0.4267630080502721 1.1843750897124208
1.3292428016990114 0.315283921990836 1.1398428679174688
1.143399886577889 0.47303258635886075 1.1213486760500826
1.452402167965257 0.3405548433578356 1.1499714384089599
1.3887140481094107 0.40108868191648356 1.178517371114773
1.4382907614552072 0.34860193662120925 1.1420312483420407
1.2803475999837435 0.33438417692208044 1.139070551425606
1.1323574143679043 0.5013377617295306 1.125177437225636
1.3939429669316 0.30990779252823086 1.1341220952778348
1.1688863753039582 0.546875393954226 1.150507834155111
1.2534734152482854 0.34090738448262087 1.1419368957893854
1.3870818470451876 0.31624834176065225 1.1318275672463711
1.1979542433310018 0.4060529943291383 1.1244140211494185
1.4013051615302223 0.31147227990808324 1.13476467111186
1.279197680277039 0.470540082805702 1.1388042845545918
1.340083252652763 0.30131902466140287 1.1510605680713093
1.1990871447829357 0.5276872054454267 1.1780477056289138
1.369365664347758 0.4376465858132378 1.1579767463346997
1.2389050226794978 0.3429185601934742 1.1453442095435138
1.2152865066774083 0.3289530896828729 1.1634852655199537
1.3558128735386645 0.37740561077583956 1.12415298302362
1.1503136893719086 0.38810515490243574 1.1391850019404042
1.4208876782918676 0.29794836943446484 1.1773408461873793
1.229963189580051 0.4927761490678734 1.1385853318839727
1.1618426976157 0.4784433809371523 1.124925862824807
1.3035431784333484 0.3154672777434266 1.1800190400931847
1.3556713298851808 0.3590746533368525 1.1249035232774462
1.3119029472283745 0.4412676075415845 1.1367394397193349
1.27000458716772 0.3232562351895525 1.1538436842044049
1.4281279237738933 0.37731489000016194 1.157648116666987
1.327496194449265 0.386683790305565 1.1245159349920975
1.2231552552899068 0.34399988492442585 1.1509222009003626
1.3634190843425191 0.2902533292938343 1.1606863266955012
1.420068343039902 0.29541760535163597 1.1532197219892166
1.2954333304084173 0.4736664059348682 1.1766067182894457
1.331174217662176 0.3377254283237658 1.1325665921716506
1.2251669853444984 0.4746144133345809 1.1334274740652408
1.3682395229236102 0.3122538242719359 1.141677366405983
1.4329129793409643 0.31643034774057466 1.1481198170588551
1.2835160058587558 0.3730857601676551 1.1274568929330369
1.3796666012446945 0.3319643710271658 1.133293181901333
1.2382330727626272 0.37580897654266765 1.132848879849596
1.1988855605487398 0.35624777013748443 1.1504867818264877
1.1961891887569338 0.362563300058986 1.147296582909683
1.1887140192554146 0.4871189283661669 1.1341035375469808
1.2860133526071489 0.478547133492948 1.1551150191029524
1.1953911059799072 0.41751808235036864 1.1279200855202534
1.4210383585262352 0.31904277792833735 1.145997713656648
1.4474195481636576 0.3334004491904931 1.1728842070656063
1.1740332059734797 0.38956458592191323 1.1385132569980223
1.3952889022081454 0.303881650812512 1.1490530691010723
1.3024829463423717 0.42188858921289724 1.1323282505347851
1.3669232362501438 0.39624073959617506 1.1790392411531279
1.2067467248839834 0.3716886978299635 1.1408562221654717
1.4316021136232908 0.3725972572868457 1.1698173312820106
1.313550586547559 0.3886729435479558 1.1281334749195788
1.3633104039082753 0.3260206184810551 1.1382470299202168
1.4194972739905003 0.3316493020315796 1.1774455095104284
1.3303856887918708 0.3610491271828351 1.1300171736763758
1.3195095703887687 0.3378267137637719 1.137715574382081
1.2858469534813237 0.33247100110095595 1.1475476158028082
1.179980393909604 0.36324828839889844 1.1519941396533304
1.3088391841883884 0.301754966779083 1.169674361985236
1.223805093733871 0.4921364827296788 1.145359856075318
1.4086907076183341 0.3841129812778828 1.1571176691367044
1.3079270108582426 0.4737739478629787 1.169956349994065
1.384903329940928 0.3287027122161711 1.139378165158921
1.2476096416527855 0.4377868663258298 1.1309100676656199
1.2135410795197976 0.39682944149021754 1.1323501159010436
1.2536531355021077 0.32726807852872347 1.1603532749801502
1.4316992767485153 0.35402354297395355 1.1592679400932286
1.3599962679321838 0.43528378121651473 1.1708687358057601
1.226676671957845 0.33765329565473834 1.1599335354216256
1.336525377452475 0.29794831666637317 1.166601072563222
1.151783883827293 0.5267734656122115 1.147570756019409
1.305738834721074 0.4691837492873878 1.173038566065458
1.2074423214252672 0.5267646511088231 1.1651936123018833
1.2048926385774423 0.336993800455168 1.175503999072172
1.2473247716562565 0.4872262112002452 1.1519523938139686
1.3549782182209245 0.3898545032321941 1.1387079778439033
1.3696529589533322 0.3223861249286034 1.1792953356581757
1.2407674792033272 0.39230210452515807 1.1323546208243163
1.337167363549864 0.3709828065855272 1.1810791821019202
1.4185595874077024 0.3392088904744788 1.176128741092294
1.3553113050354484 0.33066965016323635 1.179959832786418
1.1524119203356236 0.5283099187732558 1.1499280166912096
1.1606454507359694 0.49188381411714766 1.1371173527874392
1.2873055423343558 0.47909627705346114 1.1726510200535263
1.1768670311106262 0.540582641454886 1.1723132258717788
1.373821919623167 0.3481701731008073 1.1796715202347194
1.2706280970325272 0.4631069824526662 1.1474573340613634
1.1492116744451666 0.38485118243315247 1.1488673976676194
1.2809839699032974 0.4683546468454514 1.1541183661300372
1.206535229203801 0.4196141493997704 1.131951780506947
1.436997648241802 0.34181770676932677 1.1656477227536277
1.322074562271517 0.4391159336648569 1.1767672746281643
1.2471993666660106 0.427878640789458 1.132817637307161
1.1590676599731835 0.4892936047774857 1.1372340936583765
1.4068900978497894 0.3120496459588931 1.1539635476532504
1.2051490221672518 0.41025285843807835 1.1338136615601053
1.3108286322466667 0.4602393219456303 1.1629455535513216
1.2384121349564305 0.4716767442923441 1.1444178448430962
1.2900131848799505 0.3853318475120323 1.1335484584301954
1.4287327728532695 0.34986040137023094 1.1634948933837328
1.2591569086420864 0.4947292386629638 1.1671454261813365
1.310116847380041 0.44141153807309946 1.150529489347318
1.2720954056172982 0.33843744816319526 1.151670178852599
1.2371100589244406 0.3522382375069717 1.1507412603380884
1.3319374763241234 0.3159119355617365 1.1553701419670448
1.3396330978121047 0.3948199303769841 1.1795591045778286
1.4251729587623179 0.3207827313007945 1.1598896340837115
1.1871984585379698 0.531811203126778 1.1714621520165347
1.2354713143232354 0.445054469128748 1.136677150647289
1.2290769575696883 0.3630315223822944 1.1470364260611254
1.2548871923984928 0.4617703165661922 1.1456543922916775
1.2294169804443318 0.4900385980575233 1.153288440813201
1.2575278042358984 0.3883821613266173 1.135518300146389
1.2278449122267885 0.40444410550395515 1.1349186580588415
1.409224680914182 0.3391125635120794 1.1760822255940246
1.2079328674425183 0.3789396883417686 1.1436703241135047
1.3419955673792758 0.38045826099186264 1.1392584832753678
1.2939125462072316 0.33798462975227667 1.180006826462807
1.3701658683572888 0.3565856597409081 1.1423039675961684
1.2550636033775902 0.48671873991257397 1.1606768636046663
1.3149363186957501 0.4479176642127823 1.1590379489026619
1.380725291426672 0.36925443028830124 1.1472280956086751
1.3904459558822628 0.36770021445380546 1.1505827415489194
1.3660493174797455 0.31156857946208727 1.1557908544717632
1.3795965846445393 0.33435122443551984 1.1784045468915827
1.2289696629494458 0.4250991265630628 1.1349141646989223
1.3925626645381142 0.3933728785209653 1.1652739198592645
1.2242048875454614 0.47857173393008506 1.1473142566225683
1.167051569769328 0.3925705451463585 1.1450804544564661
1.2271222154172396 0.4458146180261607 1.1375677458270936
1.3804504726075901 0.3548053395247756 1.1459063677643908
1.3466866288051285 0.4171373992477051 1.1550712212459702
1.2615698028013893 0.4883688437384457 1.166813689763516
1.2349720746305315 0.44933115596511464 1.1393686732035366
1.4087925530582868 0.34017118757841985 1.1755563699550349
1.2658339219594055 0.42472354008118957 1.1379862174298547
1.167204343191575 0.47949317296054056 1.1394801333330895
1.4235677975318 0.3367534642064221 1.163113700519698
1.32613103204858 0.4210672915053179 1.149834272716682
1.2707079093969105 0.4496062280738783 1.1469976054679112
1.2261539457189334 0.38235494054937585 1.1414628240072329
1.2611153384640066 0.4843488699503804 1.1641197049050023
1.3444838290212116 0.3898585873278547 1.1440223549270454
1.32191939897238 0.31133526001928463 1.1748948719324197
1.404581008868861 0.37871882242606186 1.1674146886708894
1.1581109320689267 0.39443328139102757 1.1467456205925954
1.1504948879804204 0.5121843085778527 1.1482238386519994
1.3710760343290163 0.36078716226235724 1.1456866971542845
1.221926054993292 0.45969492035124504 1.141527202526354
1.3523422099594078 0.4009001077444354 1.1508447367326209
1.1822007167245006 0.36868251039995387 1.1550856493227495
1.4072710126618109 0.3315571562266083 1.1562485205507642
1.3244431352674342 0.4309685151414182 1.176015865275488
1.4013600492097025 0.3422295687676425 1.1539249368926423
1.22843192991646 0.3413043459487905 1.1628511453363397
1.4265649618510146 0.32879584176275717 1.1690802376890637
1.224303729288187 0.42117240165341957 1.1365427149781584
1.1955500905008916 0.521842908575547 1.167806281167656
1.2838876067851794 0.32106413143781276 1.1656885414024558
1.3018580205758665 0.32624172804864926 1.1778753280867962
1.3431598701503022 0.31017217742003145 1.1624822515585456
1.1890909697681376 0.4516824142552856 1.1376210412643253
1.4014762845939184 0.34354131559707624 1.1757774564646644
1.2768227553572493 0.4765988298635592 1.1704615063200734
1.3966309724455632 0.33531381438461644 1.1533515271420272
1.180448220664211 0.4266646750147757 1.1373560456563248
1.2866775858751882 0.35313077576512203 1.145718465822415
1.3990290418891824 0.3092670631505412 1.1625556094509308
1.3346480410718753 0.3249572417685673 1.153594793581746
1.2654426374748222 0.41494184328549 1.1383380476764167
1.3553488367499607 0.3946486757263787 1.1771489979458236
1.2458963995724956 0.45557687658990165 1.1794505210833743
1.2926752216950543 0.40047934917865413 1.1393444555073522
1.3237361649674235 0.34934684687352824 1.1444591146056762
1.2465430247611409 0.4115757112929963 1.1817400811450571
1.293337087825138 0.4228812019489025 1.1443895181535346
1.3714335081842008 0.31624498748900026 1.1572639741448283
1.4218476752553157 0.3398480858436038 1.167956638566226
1.2501038476402664 0.361690841441497 1.147896551645767
1.1870632746220209 0.5119884055845092 1.1758737159268262
1.217340649633701 0.5076250571048009 1.1714210290146254
1.3000077698372978 0.3224182052505646 1.1620864265011337
1.2604072876408028 0.393176375333355 1.1389043222416695
1.2681641233600731 0.43984448797153636 1.1453788055447767
1.3658660134384877 0.40871168785329065 1.1647415671815717
1.2753873019364401 0.3944398283667638 1.1389816683910838
1.227110925341595 0.34087089285471334 1.1649673250289494
1.164462844315488 0.4913023927855493 1.1453292091037168
1.2755021307714778 0.37659307740586473 1.18129446497004
1.304040284729528 0.42234905175865334 1.1786046021405006
1.228969612485108 0.4706891933908734 1.1492840753975495
1.356873497499444 0.3056718475626181 1.1667158934263901
1.3432031218046305 0.34808037365453287 1.1460640497545083
1.1872990394436718 0.46636003920929947 1.1415330673415285
1.3453690824338222 0.3716274894434894 1.144708600441509
1.333240309533601 0.3841627071177684 1.1442640492112486
1.2899291441909386 0.3587685591973582 1.1805866520694557
1.3748479294172435 0.40063509231100136 1.1708838865056561
1.2388575121417542 0.33370033199417265 1.1695753043841604
1.3816247409128222 0.37172812471610217 1.1757245389512845
1.2353772163027101 0.4792986116749132 1.155880302869926
1.2853662166695519 0.38014914777706277 1.141069187426081
1.3100096550843912 0.32344210695653614 1.160523434794269
1.414662691920236 0.3195492039130792 1.1676002443128548
1.3493271770545494 0.36452804486013246 1.145838481973601
1.3289193685619163 0.42993900149004205 1.1742106762956097
1.2873686755517861 0.46440054903854405 1.1663906331412077
1.3630255332339631 0.3776175607353062 1.1507444302023984
1.1798856949037304 0.3599988388041642 1.1632318438265443
1.2385842672696559 0.4748010463848956 1.1548552236043097
1.2253226753662254 0.39715348286788066 1.1411250033883633
1.2444932861661533 0.40733532634796515 1.1394765706829315
1.3136191189628976 0.31412489759216994 1.168357212706494
1.1831410338364412 0.4623886094005738 1.1412768440258059
1.2360481922726103 0.487420554815543 1.1746219313409378
1.2942766968534154 0.41853910271205025 1.179230864477392
1.294522798116056 0.45606651632961726 1.163606876752901
1.3725454580286913 0.35588613266128905 1.1503444356074959
1.2749358929070538 0.4478139728525686 1.151910299879399
1.221761582305272 0.5027804955929922 1.1703601622776163
1.2106879280367502 0.4848049270782844 1.1529622467360745
1.2080553205972475 0.4178928728856808 1.1820540352130808
1.2099943716498736 0.3571049584327722 1.1788914559491983
1.1623038674816337 0.4477380185277063 1.1393255792409405
1.3464199357739726 0.39601534221974627 1.1518253507137681
1.3676159321423864 0.3059502882696662 1.169193186906466
1.2855711426221634 0.33454935686223564 1.1584261540364649
1.3591097323955177 0.41058700565929507 1.1717434706597565
1.2764870866610503 0.3457658486531692 1.1536921922121681
1.377843276065862 0.3482081974188725 1.1525916839829615
1.3675569029911399 0.4044434529921765 1.169755429622756
1.1553635331600578 0.3874558068857632 1.153504436292203
1.3186081424176337 0.33984812563760247 1.1515370660977813
1.2453279836422948 0.42573960931857807 1.1807830565233164
1.2579802091921815 0.46785929858334163 1.1585755442736911
1.2273341518931122 0.3422655243635816 1.1660819181098283
1.2969614369108444 0.36575787416570055 1.1448563086262433
1.393593047337095 0.36187933680907786 1.1607745019174551
1.3848276701138218 0.3423258299523115 1.1760350886601048
1.1937166605628873 0.4182175213230768 1.1410011875939663
1.3256094876967994 0.3423963978266138 1.178893906146969
1.1646049195314174 0.36763463385232575 1.162702196749834
1.270085462307116 0.43347790393017854 1.1470912776140398
1.2713940566154611 0.43069221853034395 1.1465654280632382
1.3512551384779807 0.37509939444695756 1.1779074726857321
1.4072718887153584 0.3532136800703997 1.1691577720559925
1.2778319200820711 0.450040080125967 1.1557742844720134
1.2379361266526154 0.411054123926156 1.1409775452812447
1.3742477017911203 0.3770570508433278 1.157436052960513
1.3758826778448057 0.30848337932972064 1.1688170716847242
1.2711110557280114 0.35462830714895976 1.1510812467582188
1.2740384841491679 0.32849963336974075 1.1745552644780695
1.174663916186005 0.4086330613034973 1.1443826545195366
1.2321577778424788 0.33802142514074907 1.1727825997138128
1.3527896403084905 0.3330290345648373 1.1774257721739443
1.35187710691272 0.4103297490843788 1.1634454325105683
1.2522480576853732 0.42519787520416125 1.143080641119271
1.3238581634132343 0.31928834179115445 1.163834693017002
1.398826573213595 0.36616555701348263 1.1695744763185731
1.2714331007715505 0.4350778421716951 1.1485265816951535
1.3179550096359471 0.32897716921483977 1.158368482304227
1.3098663148349825 0.41371376756893863 1.1500718222242587
1.2807631347962531 0.44469795139090684 1.154825917850026
1.3850271661963212 0.3680910229255457 1.1599802476735237
1.4042896573704486 0.3543644895218975 1.1667583496631906
1.2757400114714152 0.34995237151211445 1.1793311425465265
1.2742383236959927 0.33621028726333746 1.1612029570998903
1.1637183578697132 0.5206259943898268 1.1625378307026706
1.2914294911406747 0.3979635560220275 1.1441836683224422
1.2182607786752426 0.380117221506492 1.1486999777859621
1.1840245049929994 0.4274469700702416 1.1416618389665383
1.2739679346010788 0.40134052598476366 1.1431482400184778
1.1831594779376262 0.5054588067396322 1.1594043305542148
1.2469495957473251 0.4003566138337278 1.1425256592910504
1.3196927353153658 0.32889231671178876 1.1769174083148874
1.2767639369525012 0.46254303323643925 1.173123437509287
1.2634208222993404 0.43648148860237646 1.1481961297773662
1.240932994741009 0.3384774303239956 1.1672612404101732
1.2628435823748105 0.4630341913237087 1.1594916104111992
1.3563147778607951 0.40409320460381165 1.1633769702857928
1.2855904442370676 0.448864998536514 1.1595513259545234
1.3233406349836072 0.37091640198822506 1.1468934926005574
1.3458165094245103 0.3363746194624618 1.1774979273325765
1.400755163146085 0.34766542163853287 1.1722007919221475
1.2950960289487066 0.37816461783889294 1.1450710729618938
1.3260080787451936 0.42588136172796665 1.162561370419036
1.3304124631372893 0.337902990472263 1.1540569207940647
1.2363958244662525 0.38402127093732086 1.146327349431278
1.2314263353242596 0.3476731075475941 1.1630704380861134
1.1594810911022189 0.4744850772516979 1.1449454483421073
1.3153213832651591 0.3594133687912967 1.148254335596151
1.2416861260890837 0.3646732089596978 1.152365228578933
1.3309275572381805 0.3246975935718256 1.1759240714154946
1.2318198698264604 0.47473173223676 1.1575346425502748
1.3328955829875295 0.3306797157053352 1.1576512061460855
1.335368292110858 0.4183043137434813 1.1734702583449936
1.1621046834353366 0.42044567090514157 1.1445029917434082
1.3073673304349955 0.39604263228216685 1.1790418174451285
1.1765717294301834 0.5184824972469662 1.1714413171044253
1.3838682839648189 0.3728132640344853 1.1641159868285162
1.2399547860679412 0.46255828350653494 1.1773805570239733
1.160938382462821 0.47096294091241286 1.145005364918464
1.3735763211787662 0.31736890140493734 1.164971212119599
1.3896629550322008 0.32592840426482433 1.1731610340065162
1.23359796262941 0.4581172577430827 1.1513362247404144
1.2609377521290275 0.33331137459360693 1.1685688932791607
1.2476533843568693 0.39694958355106913 1.1443787346840981
1.2283738001370288 0.43143798828561797 1.1804872212397703
1.3832085062273878 0.32178033803473016 1.1731356889301499
1.2734640595752735 0.38145704969922795 1.145948502903908
1.3918074264488953 0.3379737716741744 1.1626258730678978
1.1997446901149673 0.5001060814070075 1.163378189699146
1.2186639521773803 0.4416286190175377 1.1453197147472327
1.226956236143054 0.435179184408136 1.1802399092948463
1.204159598737092 0.3675719083238088 1.1578628748782442
1.2726964304946675 0.45265606481404314 1.159558420358947
1.20569206733506 0.45628315785298673 1.1471162291885608
1.2091921125644192 0.4178566956936844 1.1437141751615245
1.3196344041257775 0.427492080792375 1.1630547554804114
1.3674028343696871 0.3677370924390486 1.157093516423684
1.2352020422743835 0.3433478009133946 1.166691776853996
1.1987750030967526 0.35124917794294364 1.1715428301274633
1.3623507885848898 0.3969700000498038 1.166295487602476
1.1829449658353788 0.4556439688065122 1.1452430524992954
1.2894031184838586 0.36921288729084323 1.1484706511630656
1.1830075899903063 0.5131986821222523 1.1700650064023024
1.2649606056714893 0.4643951802523842 1.1731961943769085
1.3905229868192128 0.36359961748107167 1.1688687647460645
1.2880542067240826 0.4411078694980498 1.175365738330189
1.2585249227080408 0.4109970632237083 1.1456089379296
1.2874220671415915 0.38653179020844963 1.1797287183371048
1.2525877156689673 0.40849888406116935 1.1803222111038023
1.3232686071778135 0.3761536800002382 1.178546445643304
1.3568899567842387 0.37006467359159273 1.1554086369245982
1.2152403744778333 0.3800733640579162 1.1515111905372963
1.2015058835271661 0.5008203921898307 1.166178570043557
1.321667683706419 0.3276010215803951 1.1625359601842113
1.2387932865464306 0.477316478180781 1.1638235371272503
1.195384558084755 0.4423062845931608 1.1447575749645647
1.2879240295991035 0.45007640500761514 1.1728411722896037
1.3347538422177798 0.3515796763434691 1.1527096694783492
1.3242796306761875 0.3243414275705201 1.1644008003088628
1.199551105638444 0.4930505231672357 1.1607092618620505
1.193219340975256 0.505271455023577 1.1663683518103793
1.3405570838226868 0.4147061825414353 1.1669944055249304
1.390086235028099 0.344628084895934 1.1729225930190998
1.1776348759924158 0.5139139667576114 1.1673606865012156
1.393063122331191 0.35575235295673174 1.1689325086535418
1.2937809985057944 0.3814037074212174 1.1477999067432878
1.1865768868192927 0.43766201513097747 1.1810203108564679
1.2491937035222052 0.41089141563659226 1.1457770422391582
1.1487252127403238 0.4696274838843818 1.1459384827001782
1.3733679394076488 0.3369747232965645 1.1748226298718152
1.1672197199970582 0.38055960247834947 1.1587032690247536
1.247170547718711 0.4178930549865506 1.1461870272392003
1.385479355641035 0.3531763614459986 1.1633917553515338
1.2674016304711109 0.4603157939936531 1.1643213100040979
1.2786724505103506 0.36183250574865927 1.1518455085289045
1.1978004703006544 0.353271443199113 1.1707654359482549
1.3142517543170662 0.360025389751345 1.1511094662428636
1.260876313394716 0.46732891641755864 1.1667273368650617
1.3550961405644957 0.31814155514867254 1.1674634223866942
1.3669736501347471 0.35591267243851865 1.1578418249246927
1.2130966333843622 0.49327371682235116 1.172543758125419
1.3270930892924775 0.40274793918346663 1.1565490883037026
1.3314886248822506 0.3349715899105644 1.1589785711472143
1.3377852946798154 0.3766217435995061 1.1772701170853055
1.2195723723169165 0.3830316691045694 1.1509006432109108
1.2334753663581084 0.40273047241573756 1.1463690447836397
1.2326437017667402 0.47315963279111883 1.160774432397392
1.2671630152839461 0.4435798345680726 1.156255478938851
1.3395498555450454 0.39145820393994907 1.1571335815594475
1.2244707218343058 0.4710848502081905 1.1578200626012058
1.191133251602997 0.40593826843890113 1.1479798535146912
1.3360541966502586 0.40830214688933525 1.163095762044384
1.1802206017393013 0.36985583625768553 1.1627701591545965
1.3391731373013085 0.38503351809061287 1.155799175159766
1.3755906869408985 0.332620927082332 1.1736092457339407
1.251653665148221 0.3403912666691566 1.1677385475288773
1.1962414147518177 0.43790593332190925 1.1461232006878725
1.1956441338861905 0.45216360365813957 1.147789511723922
1.2649271530031043 0.3378993399033476 1.1744214439296223
1.3092901520346834 0.39506553257658383 1.1515099196214043
1.1578713472401991 0.4298612018001193 1.1464980551949528
1.3463576675153013 0.3209708293866909 1.16726472941954
1.2853309715031975 0.3908313474761586 1.1486299549372307
1.2377680867051422 0.45902862012332946 1.1562922699069644
1.1714635976415801 0.47007129883847254 1.149157751698044
1.3259820720100473 0.4010341176986456 1.15707777232149
1.280832473818378 0.4431362446657485 1.1748401873275838
1.2318716433569183 0.39361526191797935 1.1484122225985762
1.2746765316649857 0.44557873703186995 1.1751907448789602
1.2303978533387427 0.40627105265783 1.1470890704696675
1.2393216027472893 0.34746410895606283 1.1755067699372375
1.2571250511778727 0.3849583951787434 1.1489979653702036
1.1918266213033832 0.4233438587009867 1.1465399529836982
1.3161940401130414 0.40960005405749567 1.1576404675947545
1.1589195813710926 0.40245589747009464 1.152543017892214
1.188491813713164 0.4195926744385491 1.1469857933934897
1.2779274166954662 0.3856257024949639 1.1795123441845403
1.257914368681247 0.36006330178578305 1.1786504670802949
1.200151094136677 0.36232987877649325 1.1767006874362742
1.2401084327682206 0.4769783971296909 1.1694534169094257
1.2048634689788884 0.4813926475609627 1.15919427134324
1.206333074546187 0.4830081738721192 1.1603817062408779
1.23097070360019 0.36951806360275935 1.1791453963863188
1.2177497721400465 0.4289837470312828 1.1800805696408236
1.235371882205413 0.4695944609334186 1.1617726964215653
1.3475856702113727 0.33362702772714065 1.175058116457577
1.3337536726274926 0.36544910971856326 1.154393403578713
1.2305126756000884 0.46923238638531256 1.1602288037555193
1.297433104896902 0.4127677906694086 1.1546814093240614
1.2760332817287736 0.3457301570509315 1.1767709807985325
1.171256309476643 0.447482925057603 1.1470607520680396
1.1858142480218745 0.41509415314493925 1.180834925267582
1.3360936076040213 0.40968078701781147 1.1716269880583408
1.2142199981339832 0.4886536420569731 1.167105152192112
1.2860940533230845 0.4433739707363696 1.1731913069702176
1.2762270715214812 0.39648966264237334 1.1792038992583054
1.1931773322219514 0.49163818831686235 1.1749156840024573
1.1983025741467936 0.49404319709164346 1.1650546818177552
1.2867938670579733 0.40034754695128577 1.150800250398733
1.2760043565581902 0.4007643363751628 1.14980848117943
1.3655100115186927 0.37940441710625017 1.171701834554881
1.277611945720823 0.3347823961644003 1.1688109225538312
1.314399636668606 0.4162628607824945 1.17462027830881
1.21413590458641 0.4236027264178096 1.1801989033765792
1.2543452134819213 0.4099060726444998 1.1490124876870036
1.3444074596898141 0.3776366219697836 1.1583834465934544
1.2214161993383912 0.3960501682583398 1.1801784541536662
1.3315882538138317 0.3289718253887598 1.16509331043823
1.282192643713985 0.33601947423674916 1.1666634310616384
1.166970564344401 0.47817304701158964 1.152288118923056
1.3159896464491032 0.36013615006637884 1.1544944427451087
1.1568694911115425 0.45602668113711675 1.147666511383405
1.3475103973663973 0.38229728909485905 1.1602369149129903
1.2312283558948482 0.4442024052184769 1.1785216624732286
1.2191005820347505 0.4512953131754258 1.1522337442599466
1.2024305751658624 0.4501288017731666 1.1499378988857094
1.256794972352444 0.4466162604703106 1.1762585818216231
1.2082525728101123 0.38367966199265685 1.1543713287958375
1.1529395276091723 0.45326718470284166 1.1475766959270275
1.235967053989321 0.46358786695729476 1.1603388513147823
1.3083295273100792 0.4192720672836558 1.1614391386023104
1.2835490185806178 0.37578096583279635 1.15182138238015
1.2511701720409958 0.46384442740999826 1.1655614706244375
1.2978289081467764 0.3583146269924544 1.1553944741016382
1.2426829264184507 0.4287834607381501 1.1508180854336618
1.3153743321566536 0.3776177339343142 1.1537846618875078
1.3093283696806328 0.33237937258614564 1.1658124784375041
1.2623996627451457 0.4345179825658792 1.155397107042155
1.2512084229536127 0.36472867223690664 1.1569250133615736
1.2400506399291928 0.3772025556354496 1.1793511512420574
1.271002077161255 0.3810719736327275 1.15142760977592
1.3152535993484995 0.32793554358473326 1.1701142941115172
1.2580599588385113 0.3538412951353103 1.1609474301225333
1.2147274868933962 0.4056651807551947 1.1495117942141606
1.3091456188865376 0.4256548261368719 1.1658109046841105
1.3367576108026005 0.3991597583877741 1.1734545402388172
1.3128470859529688 0.3807488268999216 1.1775918047347604
1.3275237930174382 0.38183596508710244 1.1564505548004143
1.1813525703859669 0.4845773218933479 1.1767773169585598
1.182668950733646 0.39936400792359095 1.1528889061914214
1.3371343895576464 0.36454764039808485 1.1571522808581163
1.1998526909126412 0.424953843642756 1.148552181220598
1.2847542553444262 0.3821450635586035 1.1519043732111394
1.2990589635023346 0.42969795507636327 1.1733808673476638
1.3115627536137915 0.35228291028520126 1.1575392974975518
1.2487705726025216 0.4382302812792291 1.1546756337468984
1.3519991206387565 0.3688621580274349 1.1748205071292186
1.2152506333664557 0.4200290127485694 1.1489553252068991
1.2935899820834473 0.33540902389562144 1.1737634330181113
1.1712757786997168 0.5084144468924243 1.1694470796191396
1.3111056833941266 0.425735148747576 1.1707235561013452
1.2494749316546143 0.38403506632770124 1.1520246502249023
1.365311452932418 0.3717209602223058 1.1661181594584376
1.3522687073321218 0.3323939594875521 1.173250233888385
1.2945597058432483 0.4368047212746123 1.167478509935717
1.2707378843717565 0.39829111534248646 1.1510864665469234
1.2428286653418785 0.46978753627224346 1.169440131853718
1.1962013265764149 0.48420545930917636 1.1615742708586885
1.3744645366663697 0.35590523250396094 1.1673361546495822
1.1866554863720822 0.4999371296693389 1.1689201442709802
1.161860079425282 0.4406734955902279 1.148549833646722
1.235181890469106 0.41438251753313793 1.149781958437204
1.2752147892518788 0.3599286156883072 1.1779697788269181
1.3677117322213914 0.3325316444913849 1.1702497858038037
1.2449539223295478 0.3477138524952718 1.1672960401375514
1.2247042505944254 0.4501542985173642 1.1544892454014388
1.309097593593506 0.3696575424114068 1.1777279992061658
1.2208447310967296 0.4206029594965975 1.149493094902192
1.3265498497941823 0.3940925712856094 1.1753747984402136
1.2969870142951403 0.42016762904008453 1.1599649440890247
1.1831869474007741 0.44067346445391486 1.1492122113619576
1.334848029015496 0.37735935166560364 1.1586293248869857
1.3652823889035206 0.3543702250564775 1.1644016052950417
1.2678361705913956 0.4177525141890901 1.1779865924039137
1.2695401627483103 0.3428716537712755 1.1663751245155283
1.2646073852959803 0.40810875649155404 1.1518712326483114
1.1739061859470725 0.4940346239373859 1.1616233550629582
1.2209648341772668 0.4553363464139936 1.1559365681795792
1.3237434780538289 0.3586800495541882 1.157611212344862
1.3081209090667367 0.35551461606081214 1.157872445327619
1.245500760723334 0.46634125904550455 1.1686048666560047
1.2135850029115383 0.4834747954844532 1.1716600104422674
1.3031671036455672 0.39919621270873695 1.1561803115908396
1.3404952730244901 0.33267574959505375 1.173165652015212
1.179028656867908 0.4564328717113483 1.1510471589963982
1.3537272479622864 0.3801785968054143 1.1723943566014625
1.1594231733811706 0.4148672430194146 1.1521166168140724
1.194065886391341 0.40152768763777363 1.1525054880300387
1.3077094509859006 0.41246236879475534 1.1748467601171095
1.3083186810526515 0.33501159824028476 1.1664581778945708
1.1960635547406595 0.48939114187610455 1.1654417666266284
1.1795041329093214 0.37914213396620433 1.1617886420398054
1.3074097645829506 0.42436178206683534 1.1714712805661947
1.23164865343342 0.47355042744161613 1.168360212824411
1.3412161012325354 0.34410934112321584 1.1622826364743655
1.2972622069019697 0.43271243149340227 1.1686961953494082
1.3272150035573849 0.4005053254521634 1.1630627071758928
1.2334253605287882 0.472323728301318 1.1681532420491316
1.3221453722270713 0.39662919824988613 1.1603223409087258
1.3444845953529376 0.3525301870822278 1.1611393779307415
1.2863163849691235 0.33777383760685886 1.1681808016342934
1.1862890968907254 0.36980273680219095 1.1760351188267184
1.258344379362205 0.4193164972999083 1.153441492112553
1.1678057281360055 0.4829637471207309 1.156724408268966
1.2517383098820503 0.42909934375077907 1.1545128164210285
1.2846770081089103 0.42507324298407734 1.175589552066284
1.2792841550428624 0.433158067658968 1.1748280324997205
1.2740982372428076 0.44442374240985105 1.1656143638195615
1.2954287441611672 0.4254527016274358 1.1631681580548097
1.3665054608527734 0.3611381169924586 1.171237529243195
1.279876965474796 0.43856542161294404 1.1644623091933075
1.24362418871288 0.4590547881799163 1.1741438310118668
1.22283081125733 0.3622562147750276 1.1637521103545982
1.2032030234674522 0.42818245612750233 1.1503533134491002
1.1550943838808232 0.45193692258662066 1.1499372817826377
1.2084476073717854 0.42233651500684843 1.1504552087025153
1.3578646262363379 0.3659616005375689 1.1728913596940287
1.276867983494164 0.44163953343839113 1.1656509457218758
1.351794021396608 0.3374815821268136 1.1727264448514811
1.298448669598468 0.3871844601671859 1.1551406465938787
1.3641145761215294 0.36540119610575433 1.1705655196312907
1.1952227950098764 0.45788941340773237 1.1782943162155346
1.1656147325822284 0.4113900604632065 1.153281012711701
1.2097990002740413 0.4393078463447499 1.1521027951088993
1.367580839161889 0.34855425848335947 1.1682006920947043
1.2534618751975353 0.44702284858396174 1.1614985382056517
1.1699709968127123 0.3825957444514951 1.1623475778417094
1.2292479522335606 0.44752755679637685 1.156529754513886
1.2179248226412551 0.4365981427713086 1.1526238906152422
1.2015816137555373 0.3969925764532484 1.154061821966536
1.211143222187929 0.35928422613131633 1.168440076358498
1.278952974975018 0.3756357224106912 1.1551362423599678
1.214031683930345 0.41671004888636914 1.1511129122561743
1.2145249300222838 0.3733321631296053 1.160315442722338
1.300412458034953 0.4262670415887314 1.1716413877586624
1.3571236037781027 0.3440760195272124 1.1659178472815728
1.3164920327453244 0.41015239414936416 1.173075042413722
1.2729255596464366 0.3686513172513394 1.1568423140014938
1.2129257070336075 0.43609393467876445 1.1789421722068045
1.1922875791664798 0.3708884293700198 1.1762756181584875
1.2906800193924641 0.4044141002520597 1.1568160490467765
1.2424666382976812 0.4083210303545703 1.1522905006339106
1.2984273887057654 0.4023624071323693 1.176320298896045
1.294426805733376 0.43122760170325664 1.1699565006790886
1.3207450108325163 0.34471548866356977 1.1630468102578297
1.2812193861063164 0.3685795774870071 1.1568706507220985
1.1742694302420191 0.43880972012632957 1.1507644471502096
1.2395693009470483 0.45170079461678814 1.1606429889496501
1.231471409108076 0.4667429959773764 1.1658125211070607
1.2274709919751614 0.4468364367991926 1.1771536514294276
1.3063755833265658 0.3906126317957488 1.1577926392984985
1.1787078158776174 0.45727321213479355 1.1532617717752804
1.323978705673997 0.3403105757175566 1.1652064231951171
1.3250468657843855 0.36131836709244525 1.1598338891235462
1.2552422491268438 0.4290334543080943 1.1569082167532954
1.260366240775273 0.41504863226155375 1.1548802728543084
1.2416947145476818 0.3757263682488696 1.1574673645548996
1.174689529948556 0.4844330452391742 1.1603302579940138
1.3587710157183128 0.36616707850454383 1.1691280300525952
1.2746511779589504 0.36793828240278326 1.1578049760279443
1.220893902158318 0.4743234420851979 1.171613720526853
1.288411578390853 0.40644957004839455 1.1576223102898382
1.3166281087854976 0.33581679255443214 1.1693222135387775
1.2634385935167702 0.4351522979950385 1.1754181410052154
1.307752251666232 0.3940559146228594 1.175929632001359
1.2217084704777128 0.3634538213435913 1.164893633278129
1.1969938790988341 0.4234131538531196 1.1795847789805458
1.2774386684923213 0.43904023678445586 1.167031797980493
1.1901337982774536 0.36646157959750536 1.1696409772096223
1.2368426213945924 0.3530005003112402 1.1695326623067919
1.3193836253835296 0.3549790577460677 1.161329464707385
1.2830013151920985 0.4199088767718874 1.16040879161765
1.238769618670922 0.4637200114272592 1.1681066974205643
1.2640296787824423 0.37046016596665504 1.177712730978051
1.240214342760284 0.3752987761157782 1.1582411147083351
1.2387526629153536 0.35250827389931966 1.1727135643275413
1.2202715617324964 0.4329696821119436 1.153821967757616
1.1635763454466388 0.44436126953759086 1.1515964877574059
1.276837033294521 0.38612487505063736 1.177882048106269
1.2165417947197423 0.39832355875816233 1.1544076711770859
1.3236168777702806 0.38762772149724695 1.1620438688517287
1.2989789720075553 0.36714302703775736 1.1767674084052666
1.3472697346075118 0.35894939732266945 1.1733607039397362
1.2133538785932656 0.386196818810609 1.1574444790545229
1.3234559018122165 0.3438591004006193 1.165173100485537
1.2032874148182902 0.4641437787276931 1.176322076169125
1.1676143817967084 0.4922082942295411 1.163362851846248
1.2197458921090953 0.3882202580441305 1.1566327527073976
1.2885559007266063 0.39806515049292523 1.1574865123008986
1.3218976143768746 0.3707063993424329 1.1755619508254191
1.1734383643421658 0.4253390297180609 1.1526394531265445
1.253641162520737 0.44324060420885475 1.1625843495506052
1.209800068085851 0.3993620962008758 1.1548944071183287
1.2261959984277861 0.3891182695514712 1.1561025203036994
1.2868663751719278 0.34815272176197476 1.1745767653087351
1.2444560757643377 0.4035644710280833 1.1542672788495132
1.2985402749318826 0.42231726926712165 1.1711483450528715
1.2331678573896876 0.3940689863986381 1.1549864779802559
1.3119570747198064 0.40467991468479564 1.1642502319416805
1.2043211451304372 0.46585223220504285 1.1604691177533806
1.178773336900814 0.43096194377423064 1.1524648502830956
1.2381036068903255 0.3801504555023828 1.1577146064006119
1.1607489254890542 0.48746046634416146 1.1604391485490229
1.2778347490772481 0.41687632497977006 1.1596131782754526
1.2424970001105555 0.4279190686464363 1.1563916605855264
1.2822265833737392 0.4324497922006094 1.167007184747514
1.2388586000665542 0.4193097139684284 1.154865741439974
1.1591494429563998 0.47905327544874027 1.1577045568185658
1.2224551104249781 0.4354319705442399 1.1554052747555685
1.2910871757333555 0.37200184251392454 1.1584919076739748
1.207727501442095 0.46223911361340114 1.1760334408697337
1.1697714292562795 0.4346200368374922 1.1526370462719253
1.3056128573050065 0.35619419140771513 1.1620605920383564
1.210139634557136 0.4742807220733372 1.1729938797718389
1.1846069673766084 0.3737238256512949 1.1666497248403374
1.2110044679095024 0.36282413140692993 1.1690341317133948
1.2864090462927311 0.3491941588842288 1.1653292470329821
1.3180413141879328 0.34014768793449834 1.168569799345843
1.1854407978115449 0.46838419952021343 1.1586239974464392
1.2976346406526456 0.3487188454648526 1.1648096365734657
1.1660982704444316 0.4314686826219951 1.1529643853120666
1.176639629254387 0.419166215504147 1.1538169049989182
1.2229786201025623 0.38638973716527775 1.1575798866797424
1.1842715216858055 0.4892430660879609 1.1674287186501402
1.1712203217705885 0.42321391307684575 1.1536876492783978
1.219547634303451 0.4567044840510419 1.1610781145408149
1.2386843895848059 0.45314174853721506 1.1641369067768563
1.224738252047545 0.3952091179215492 1.155749940170531
1.3032881859813932 0.3583166953443776 1.1619615483456018
1.2387138278058996 0.4440501671448835 1.1757387364910956
1.240451264531697 0.41381546611483594 1.1550539341661947
1.2629227556783846 0.42921055242681505 1.160867819264847
1.1606201159554006 0.42832140849559236 1.1535815416598165
1.2951972846456876 0.3430901249938409 1.1690106158337221
1.2886736005712403 0.4197278360538062 1.1738650471401568
1.2147850936992466 0.3731574969745771 1.1766698316886444
1.2327082487788927 0.418074338703697 1.154979283091785
1.292371136216578 0.348747518492867 1.165707648462996
1.1872752524002914 0.4052754705406776 1.1558642299811932
1.2578467547766328 0.44769549594299923 1.1682866113518842
1.2862111854486016 0.40738344537658583 1.159988335161104
1.2389061540319646 0.38358785740916174 1.1578293449759904
1.32891587384992 0.36615248226681024 1.1743883635970167
1.2667516792726201 0.43860695072809464 1.165970785288422
1.2512779625970973 0.40536558668834277 1.1556962001044406
1.2674556353214328 0.3994569821033458 1.1567180815736369
1.3223817773339386 0.36493943919232963 1.1623987532639237
1.171496437654504 0.47048599232889116 1.1579225235913715
1.2855248296872905 0.4025071141027402 1.1591919592300912
1.325458638885133 0.39552973512901773 1.1709516465096934
1.343891913526358 0.37348157362614043 1.1702362340425878
1.2732220358492925 0.4161702431336788 1.1597873409051176
1.2585379360934699 0.3985228665594238 1.1562253218434018
1.1914445557226299 0.38604028014484265 1.1777560261591196
1.2379712367264286 0.41898577999030057 1.15571464274535
1.246397622585109 0.36421025003489077 1.163454319937479
1.1960058466935997 0.3989817255071248 1.1787703226237416
1.2067339789069114 0.3662242112281849 1.168382121633587
1.23777263751388 0.38024753973618347 1.1589904475836055
1.2935805940429157 0.3957305039212884 1.1597641285811902
1.2359114665071007 0.4479182406536019 1.162259601016168
1.2854150816231513 0.4110694268464039 1.1613632849803088
1.2345956006888015 0.4409129193456203 1.1596600909535393
1.2047046294079022 0.46399560192491207 1.175515859915291
1.2779555048096265 0.35559750667939644 1.1750795393951305
1.232847323096876 0.4380401575057118 1.1766122675503285
1.2466238327943144 0.3779082472623109 1.177493153136611
1.2453203857122324 0.44595566585178964 1.1639145015241252
1.2669475622613335 0.34955295383188223 1.1719393483879672
1.2600046157877172 0.44395304496299137 1.1712253109824158
1.29948571447443 0.36452154607375903 1.161653142184372
1.2101883921363312 0.43426119076303354 1.1556189853236256
1.161336388926091 0.4133705690382112 1.1565535689523714
1.341355127296786 0.37251757212998166 1.1705222114528946
1.2019737082598818 0.4063512402162932 1.1557498077200763
1.295537873222648 0.4103579085241409 1.173923212293734
1.2430274284581802 0.3896890645211536 1.1780035311032577
1.3097497580878386 0.3508663463403226 1.1739299993599503
1.1979583167882069 0.46232274508592514 1.1602500186197198
1.183744029017753 0.4828526749680352 1.1654553397435143
1.1858296218346465 0.40287978481585474 1.1787901407043222
1.3095474669747653 0.3449446262057129 1.1683051912169329
1.1670973344952253 0.4917887965810765 1.1658280630211493
1.3424988049736915 0.36920664161552447 1.1698887704085492
1.257404448758102 0.3962261831385118 1.1570144356119398
1.2402356595043738 0.40728434392993906 1.1560942525979827
1.1990764349642735 0.367641608313992 1.171028650256767
1.2555588679821355 0.4044882256798958 1.177490795949842
1.2460382371569796 0.42130281863207825 1.157673949948696
1.3099651303045372 0.35662341484199944 1.163993364213269
1.263417860589751 0.3725534365083687 1.1767989975003148
1.2361647198687529 0.4145840129005729 1.1561688681306725
1.3243527827729524 0.3921124621009559 1.1677142797767566
1.1897061323854494 0.43680273595987523 1.178651355187958
1.2860229839472315 0.3534729532333731 1.1743007928765474
1.3388531331871751 0.35314652703163707 1.1686659832286392
1.18166080175621 0.4129041263184564 1.1560069821457073
1.1871623555054034 0.3827885271011641 1.1766574368984406
1.238005872084957 0.4544443449221386 1.1724083182180267
1.203361568543315 0.3852147831815815 1.1611490899737533
1.2710858281794488 0.3661157325985137 1.1621906813255631
1.160846498262802 0.44997255779042045 1.1547607564515934
1.2579053739778598 0.3721738886192158 1.1766561023020496
1.2210891619527535 0.4648700673604275 1.1719312318440882
1.283742534890533 0.425944869275101 1.170933030108474
1.2627321274713301 0.43229830134127806 1.1741209864956303
1.2295592042971093 0.38073317449913824 1.1773680368786015
1.2021559682259049 0.4751808874543024 1.1675870781199726
1.295339374987745 0.3476008943894031 1.1721147090665927
1.2942891872000948 0.4159847317525121 1.1720117847674594
1.2123877022532275 0.431316744329616 1.1563613284810272
1.1909107250909938 0.4728019153958533 1.1746473213159536
1.2892941252711514 0.35966388041093955 1.163748440239097
1.2226189859978147 0.38350621840126803 1.1602211244199376
1.28099969499891 0.3913901558491369 1.159365299416253
1.1846923705626482 0.3743811898344498 1.1691637718647414
1.2548346966131545 0.3998869247499573 1.1577477836187886
1.2032800152645633 0.456456910017628 1.1761026837328852
1.2409773009856502 0.44541926568988977 1.1740612115235223
1.2148194305924123 0.39859601432524006 1.1576827969002235
1.3240902496164604 0.3524597341334266 1.1673864815806005
1.2752450676606544 0.43058848113941256 1.1697038354593443
1.191239348595292 0.4408255113563332 1.1781047735272305
1.2589739321216469 0.4249351615557039 1.161805399595411
1.2453233445921699 0.37399008003696843 1.1765339129787338
1.1833487999328673 0.4634176828440974 1.1597248528177284
1.1923859255418199 0.48012668137212533 1.1699121816838398
1.3107943946716532 0.3559095022863403 1.1736800921610202
1.1872071459033795 0.4804310165054256 1.1725508279934003
1.1723564217846283 0.3792275501287096 1.1688701671112092
1.2491755330847139 0.41180503469706164 1.158337759262372
1.1679349235554266 0.4282407748596933 1.1555528633359167
1.2906248157388183 0.3535744020061041 1.173540677845345
1.2548717140586658 0.4286181626734897 1.1751274985004438
1.2529471978160762 0.4421604203963875 1.1723461097586725
1.3151821277086069 0.39665990592695916 1.1696308123119719
1.196903248387891 0.39514328185574016 1.159687258233407
1.191515970025042 0.4135745067365288 1.1567061802165943
1.2044313370395496 0.46186459352718906 1.1631859526311494
1.2365793392098146 0.4231366315223011 1.1769325752153297
1.1738476076296314 0.4154606328113006 1.1570371517831637
1.2587964151236928 0.4364710118774591 1.1661959427286959
1.2940646572013819 0.3747565453285338 1.1620955032485583
1.301802261465487 0.35812210674433403 1.1652313265998282
1.1983959644561886 0.3810443105805005 1.1762225769147605
1.2927912504609116 0.38750138730167705 1.1753799379513667
1.2422091154264403 0.4421179888920853 1.164390455891765
1.2503211322818866 0.3672847911182356 1.164399754867838
1.1619566360748679 0.41615173698683017 1.157652424265766
1.3172251237841013 0.35610274785028895 1.1667578033247437
1.2298892342651941 0.38718785875954265 1.1599476830756625
1.2332365696763463 0.41723575596328427 1.177340593106143
1.1609922386814948 0.4672058481316363 1.1586828759958174
1.194308689781988 0.4148035111526477 1.1569389195270832
1.1853213331383157 0.4691498988930829 1.162664143793593
1.3015120197276013 0.39973367557085415 1.1654502382992546
1.2562915402939323 0.42737819548684686 1.1628057082340673
1.167810976188978 0.44809496478012245 1.1564216286731404
1.1655045417006789 0.47811362021385756 1.1623648472643926
1.2332804367362746 0.37376818762327013 1.175971323183755
1.2782964412473103 0.4248068157944859 1.1710037077186328
1.2110815885095252 0.4294515900345692 1.1776342931158532
1.2173439071095529 0.4554319463595208 1.1642083079801533
1.1884252267247835 0.4760946899700098 1.1662650469530744
1.177120466951607 0.4318578810753547 1.156176172610253
1.180458582544692 0.4047620276847124 1.1591041434845546
1.201136118467512 0.39362424102821125 1.177626034137837
1.240182559045061 0.39884850159849505 1.1586039275758422
1.2429066975484064 0.3820572565330026 1.1609506486430448
1.2085563219261404 0.44933246561650936 1.1760484537024192
1.1878830864457215 0.47859469883918476 1.1719724130601556
1.2682865816623254 0.36793560645336426 1.1635463808241793
1.2665151196039406 0.3825311957323518 1.1606447996477547
1.2161955267361733 0.37379302415046395 1.1656551205242154
1.2998401250375218 0.40566867168678333 1.1717517376668525
1.1898543613912735 0.4778842495574247 1.1715725345220895
1.2202317234030136 0.4064929796962238 1.1779006623968202
1.2566619487185546 0.4359893115231188 1.166334783204437
1.2538243667875049 0.4400946349067354 1.1716460643392377
1.2339993990375115 0.4525390179157463 1.171604810442945
1.179911335336954 0.4109664986221492 1.1582224787725428
1.1978783747577073 0.4364053787216814 1.1776847246020234
1.305222331257629 0.3646480699977268 1.1740654539708684
1.244646605346499 0.4054808270097022 1.1588050703175306
1.2807532132823876 0.365470200796321 1.1642512442734523
1.264371838790059 0.4295505771817953 1.1661144966927972
1.272107757670359 0.403376583013919 1.1613557843241784
1.3231999557572234 0.36166940803817843 1.1718177121901463
1.3122683761154694 0.3934885051457416 1.170981300510395
1.3274404006068252 0.3698068730043411 1.1697380972318978
1.2908894927393937 0.3952580690830867 1.1631276321561568
1.1978986750842147 0.4632015938760133 1.16365300503512
1.2775289800285328 0.37061063022510604 1.1631265780905062
1.2784677313265835 0.3977755166204382 1.1617597332857015
1.2232602129294496 0.41817433380453034 1.177466910051822
1.3100265979219066 0.3542824184184904 1.1686643253018332
1.3095826041508292 0.35667189335148286 1.1674520467754939
1.264735196921043 0.4089238538685507 1.1757445774425763
1.2969309020354265 0.39812984980370075 1.173578983460342
1.2729630487607397 0.41847263909795357 1.1647503937962065
1.2961899954014529 0.367443888346212 1.1643815158609647
1.1810163534092575 0.46130178940309896 1.1763241627533843
1.2925282591693776 0.3625987621330528 1.165253555436339
1.197208867949938 0.4712713649252255 1.1724801836081227
1.324293434053295 0.3716478357152551 1.1681844743788812
1.23989239602963 0.41535656132670057 1.1592489092425795
1.2629084220314053 0.39397979828567037 1.1763891051979063
1.1895544199972645 0.4771207258664674 1.1694529517272345
1.2033886627069394 0.38933681033686274 1.1620734821707988
1.1928266189862637 0.3763683224192929 1.168525379785641
1.3077546635537591 0.3974278709107968 1.1701418161089758
1.1866024917968139 0.4415392266615324 1.1578282942621998
1.211824506066789 0.37595394037147856 1.1751788590011705
1.2062596447415788 0.4188950269556819 1.1577212361002096
1.2689945937632319 0.37480317694902343 1.1757249609197165
1.2275678009221194 0.38571203265921405 1.1615629079732808
1.2340411674096428 0.37353986253162363 1.1646989310882065
1.1802103956663204 0.40181680185099866 1.1605053646261714
1.1860324625105025 0.4359188031829277 1.1573966911810232
1.2397733260793316 0.3906687642731511 1.1601838083015257
1.3238439755994618 0.36981653307739437 1.1706073817052056
1.2338362747215956 0.4248863813087646 1.1599539669704022
1.2949375249787913 0.379131095872179 1.1746977230504392
1.2046331904065775 0.41316074218056503 1.1580874137817334
1.3185827072521334 0.36721494753136835 1.1720934449810023
1.1782536323332866 0.47934847513280104 1.1729893738533095
1.253168588097484 0.40443417299552253 1.1599855213901369
1.2713580887589795 0.40541204141690745 1.1622519407316958
1.2551424921094996 0.3838772939990388 1.16141944092789
1.2444431873041484 0.39299287255456605 1.1768445057462271
1.2570370494808594 0.4046318011551158 1.1604331351613537
1.2940463090170744 0.4046469529711964 1.1667077421010221
1.3057398514161092 0.39763089095640614 1.169711484890981
1.2024478092279793 0.39840127935706376 1.1775289018641621
1.2734334933586227 0.36614880507487596 1.1650683482177062
1.184771585858657 0.47468346484675317 1.166323074141323
1.2334857571520446 0.4484276516381947 1.1724662794395209
1.2492818049251546 0.403612973354013 1.1599632921491128
1.2922576350125528 0.38170820046619064 1.1746530409181597
1.316062005892344 0.36000820942648437 1.1700317874604866
1.2220124164011248 0.4449836818702189 1.163209207864384
1.2898543118742205 0.39358079306565247 1.1639754962543016
1.2328319783932504 0.3692254048352433 1.1670744559786554
1.1733482813623832 0.40155780608100594 1.1615705493827515
1.267721065050866 0.3797513430674577 1.1624402283746853
1.3186316440446997 0.362974197596596 1.169802490688878
1.1992107355350095 0.44435754845567726 1.1598757346269055
1.2485113968223052 0.4217337450036075 1.175455622296186
1.2031478313487864 0.37471226921912526 1.1687373475154073
1.2065837855765045 0.3810668824190444 1.1651005517430633
1.2565906603347639 0.3909438524601455 1.161099777625287
1.3132485261381284 0.37650586432129357 1.1723056332954567
1.2807772651391423 0.3569276705229241 1.1709130664362952
1.1786562465597807 0.41206259459486316 1.178068768318122
1.197157991211297 0.37780109148271396 1.167829790951303
1.2514770533609392 0.36974360090613206 1.1747044377454423
1.298102455341151 0.3629493130198441 1.1666500199796261
1.1720625197162167 0.3930207129974377 1.1645213124669467
1.2899518638925516 0.35689028911047044 1.171017994286332
1.2353273314703284 0.36627439926368754 1.1693298387071152
1.1742908649681616 0.44461733164670464 1.1583120103688
1.1953255968469763 0.4537328982188505 1.1618936093804613
1.189868674497911 0.3778175748791811 1.1730027150513358
1.2065507281721046 0.4309742515054851 1.1770760888910883
1.178848537745728 0.4747260009986574 1.1658077480900368
1.2751058389727254 0.418699109195369 1.1721392913139965
1.3118897869256918 0.3806532298012651 1.1718787050242454
1.2490291057315546 0.39023260600633203 1.1763747198308758
1.2160169561194478 0.4221553058012038 1.177096651682755
1.2431843440861696 0.4090728558015124 1.1602993023976493
1.3168910440103558 0.37427347649884 1.170039378736368
1.3058655273730906 0.36128711130445457 1.168018041998955
1.1941895563711065 0.47105394219089364 1.1687235915877334
1.3032276595527652 0.3682819432374638 1.1731998401175845
1.3060449194325188 0.3616213482249781 1.168148503418402
1.2633432383520058 0.37311253641489966 1.1751101857695891
1.2653972310816517 0.36932632911021773 1.1745899839324234
1.273587023554366 0.3816506536124531 1.1629079822828565
1.1954520008607132 0.467413681603883 1.1666590786036328
1.2623167007431526 0.4238299280751138 1.1733158715538075
1.1848219749684736 0.4735054535554671 1.1670547535441445
1.1834489971054354 0.4077398080249661 1.1600315792629983
1.2945666629409875 0.38170986790628886 1.1740590922818193
1.236711459811407 0.4147101801227894 1.160385968295106
1.1592868127971914 0.45639652894736754 1.1589113689080017
1.2661972681397233 0.3699279049764676 1.1652431481714587
1.2979632961418646 0.39570043360227913 1.172261705490384
1.2074400520274806 0.46348745322951307 1.1699658523989651
1.2436102980291612 0.3666677246703379 1.168269051517057
1.2570917846724745 0.3879976864230872 1.1621398009312491
1.2059562385073739 0.4532431225481156 1.1639855652306688
1.2620493349348159 0.42662435330908083 1.1721827988571094
1.1788633558209842 0.47800246454663 1.171263022431273
1.2908264010662993 0.3909582173752163 1.1650273912566458
1.293942928146247 0.3604262322878044 1.169109268583669
1.2239368218557312 0.3978564810661907 1.1607464273587191
1.2275076226797044 0.43578367742427115 1.175177351477266
1.2689474462416117 0.3789030802686274 1.1636179525200374
1.3103958102596767 0.3710172479923678 1.1680685292858017
1.2279129605425205 0.4285062661247743 1.1615957636052892
1.3094446452416306 0.381525629509184 1.1684660118147838
1.196807323653231 0.4126402895612077 1.1594133819633186
1.2489262796250882 0.4170604185471147 1.1623986632830592
1.2854300910237026 0.3900797310935053 1.1643640432177533
1.256057669241886 0.38850008678349623 1.1622641501384356
1.279717583234255 0.36215861544900263 1.1726490336380984
1.3088184082177892 0.36475988972807194 1.170073631805224
1.190395257503412 0.3874319656471896 1.1652766036931064
1.2418529779599692 0.387559466466122 1.1622931329532682
1.224106317520802 0.45111900621046663 1.1721113823871974
1.1793521612005509 0.45966359951818336 1.1619639597765312
1.184434889483816 0.38005007983009326 1.1715919777216701
1.1686945511743323 0.4471571724455432 1.1588885383804481
1.2704738319444822 0.3628455112663224 1.1727234186697788
1.1774717190939394 0.466237482567641 1.1750872240104837
1.2395038988128158 0.3721130763680179 1.1663717029828915
1.1634922041755162 0.4375055026084489 1.1583103308290208
1.3009848198306542 0.3869004047645669 1.166808874271946
1.1818596166419977 0.4157547092496094 1.1594580917249142
1.284834262301198 0.4084752694459231 1.1678817513180073
1.2472245978204406 0.4363362989688236 1.167685600451795
1.2728049333179563 0.3668261503124808 1.166534006764835
1.1720189809776824 0.4806691047600644 1.1712868238583591
1.2030716624818247 0.45472524130899084 1.164350192119114
1.2678519850427907 0.42226945951653166 1.1713613126962419
1.1737322676587267 0.474843588624354 1.165914771632885
1.1939041791085274 0.4406038511691512 1.160050843002077
1.2132035305954476 0.4409480845013133 1.1623672582606377
1.2810581851316556 0.4116872511140362 1.168367419030213
1.289927564912344 0.361788848503724 1.171599632930816
1.2739018198529712 0.41767312938661466 1.1685747678246843
1.2501724094273128 0.396838161397099 1.1618295159878342
1.270309703859216 0.41183166429318085 1.1652621826108638
1.285645208851675 0.4032500742071235 1.1666188832282252
1.1846977782318848 0.4483412592360849 1.1605093752019162
1.2918186350288716 0.4024116718945455 1.1703068373129382
1.2054176585544454 0.4029566419079418 1.1608660795788555
1.2240503602431225 0.4373969407366993 1.1633545770551263
1.1978267368550473 0.39145577976054174 1.1638964153268057
1.1644622025622064 0.3992928204302076 1.1643349287794031
1.2621683599215436 0.425252469730984 1.1712585625114837
1.2810477839501315 0.4111760889598062 1.169427662678887
1.3004126274994219 0.3851440579318408 1.1673745236355115
1.1798126978754822 0.4024378688015652 1.1623104393486017
1.2945274387445278 0.3843151582840381 1.1732039297751364
1.2292340346057076 0.38073474614200675 1.164837639544348
1.2525272564831982 0.39868369698086803 1.1622066565502793
1.2433620879832186 0.43382671133263956 1.1732052105981408
1.3047294905692013 0.36997091581034913 1.1691464940009342
1.281696690584159 0.36327923325426953 1.1692530186118777
1.1688741739395034 0.46431986326942487 1.1623897683911504
1.2275851034714478 0.4461521043913285 1.1724164909538468
1.1649370033404807 0.45368917477185594 1.159940582488103
1.2004761737794856 0.44185495592188406 1.161643837916015
1.2368940517408125 0.39554411331759504 1.1761858384324697
1.1984970349262933 0.3954616883888052 1.1764918378885332
1.1742558341091618 0.3915587659493459 1.1662589653318116
1.1752515143699354 0.4227576813581889 1.1595495087417789
1.2110178004982526 0.4578534329856038 1.1706342198456217
1.2022147111484949 0.4186625925974241 1.1599545920030863
1.2238984633409054 0.3737578943169365 1.1685927510456073
1.2364275837129914 0.4326136136800261 1.1648423194251798
1.2592493509061709 0.42036823038786164 1.173244120937616
1.2301333395255756 0.3909871592028708 1.1760699327573056
1.2924746090547024 0.38941353652027827 1.16676590567631
1.180875484210216 0.44574089861740207 1.1604622190524383
1.2362088131478188 0.4099095724169703 1.1760604763399662
1.1973471665452045 0.37888973909779117 1.1704574184894114
1.2646178712867138 0.4192547460419936 1.1671837644495306
1.2113589442052257 0.4050946759445755 1.161172809828729
1.196130898827982 0.3985228884693047 1.1626654032063137
1.2267812580535757 0.37241710444563797 1.172500420717356
1.2307484978561554 0.3752673188291505 1.1671981446230195
1.2983228233957491 0.3798712010499833 1.1720343304205838
1.2870448886272687 0.39094810174899947 1.1731915329271596
1.189460980797697 0.39858939513904373 1.163175522087645
1.1817098364675158 0.3967576667059331 1.1642601436885358
1.2378371091907878 0.42930957958748 1.1646757064874906
1.278379620151593 0.37401577414964005 1.1735631105700584
1.1804404347765198 0.4609815722551251 1.1749337697619002
1.2698817888554 0.3792210190699805 1.1742993685061485
1.236893837978518 0.42937018693282075 1.164678438929113
1.2358200648770776 0.37630056536120704 1.1666557898239853
1.2411795946890298 0.3822134271868752 1.1750797473406664
1.2938653473073347 0.3707172576214248 1.168656705932476
1.2829609067958374 0.3664874347518695 1.1712086432820588
1.272276556462359 0.3984219660776525 1.1740672818163194
1.2135550630611185 0.3841940971042304 1.165742632318004
1.2503231216220145 0.415297245123193 1.1745873731533991
1.2475107291366292 0.38555329956972256 1.1641327311839036
1.287291922187036 0.3998516025962914 1.1692015480162086
1.2081375403332943 0.4090607944442789 1.1767445116539195
1.242152700096469 0.3840755661779203 1.1644656247393204
1.233914271870669 0.4405941298422211 1.1680759283440079
1.2254954465892585 0.4300647504488085 1.1750748316043444
1.172449504222711 0.38668747301293166 1.171943672970304
1.1782587340539206 0.4540465786520305 1.1758841844956858
1.2286605290405272 0.3737244111070903 1.169328252286936
1.1692478024257873 0.45084317206836405 1.1608528076031381
1.1889862318748756 0.46040953706558585 1.173938656909195
1.268497497363147 0.3683645053230835 1.1689146812550755
1.2905152159483695 0.38530428817455187 1.167331743710589
1.2775888159997666 0.40845896040363006 1.1703498971615998
1.2327886741135685 0.39035027892484 1.1637173136070973
1.1880260068776518 0.3830168446961371 1.1712277644417304
1.2481990509455483 0.4310896272802084 1.170842110297012
1.282777889381289 0.40292969818193913 1.1696214218718997
1.194845408473486 0.43241764778910713 1.1609818744169274
1.235124405946817 0.4396108865276131 1.169274344041769
1.2164802686107288 0.4509375135967903 1.1689415581577194
1.1709795149185833 0.46315963616081435 1.1636535703965079
1.1882376842887497 0.4344463574308192 1.1607293885939978
1.2644798663078718 0.41755620188290954 1.1714692525876333
1.249921126049487 0.38453079750894564 1.1748595613757362
1.2917313292026722 0.3754292566618599 1.1685667774577992
1.1738487943886788 0.4735388163938589 1.1721832218962818
1.2949584009833006 0.3791734992359066 1.1709678083435375
1.2865218523008333 0.37529318946779455 1.1677999598422766
1.2418293518654808 0.43442003080279074 1.170990292828957
1.1960711170300597 0.4323228005904632 1.1613793567808963
1.2914861468925387 0.37862211895414494 1.171737783453647
1.2913524722860812 0.3756691475578467 1.1712349285271797
1.27562352652913 0.3945020747579107 1.1660338647735635
1.2064925927971677 0.4353331572972086 1.1625771106807226
1.2886633263547065 0.3760285293926789 1.168333292322592
1.1881038099717218 0.4333016071029959 1.1766639780021984
1.2026578403329697 0.4335846028183407 1.162113146665613
1.2380120653395492 0.3724336296680069 1.1716786660092726
1.1807783375690812 0.4068479255644968 1.1626896936087943
1.1893288098394752 0.46282774493837125 1.167133607492939
1.2354277410860406 0.4365445530758224 1.167804933153673
1.2708576469306039 0.3928352647388601 1.165459402554289
1.2792517974566484 0.4012071256244294 1.1718755225542485
1.18612960922972 0.4581837662444547 1.1649406562475544
1.2348105986916704 0.3952938369077709 1.1634070792831612
1.2226670328928955 0.4376761078127382 1.1653436684405323
1.2314215272731912 0.43412498929925386 1.1660254595789126
1.1972288458719493 0.38163999991818814 1.171580953834794
1.2293862236713549 0.3935287506046231 1.163745097322685
1.1862669279168663 0.4535985368034742 1.1749953009133576
1.221362155350698 0.4309462362216215 1.1638779959866896
1.1809259985924272 0.4669873147679265 1.1671825969953773
1.291426122863636 0.3832008982676632 1.1695337848344765
1.261939002450024 0.3850975194766753 1.1742746441960004
1.1829679784307858 0.4092412488356866 1.1624108942942102
1.2557833828149554 0.3746418212885239 1.1675717167879485
1.233123032683972 0.40820791551251834 1.1630643766281146
1.2211270529090386 0.4185931774682407 1.1757383664379817
1.2495202167698911 0.39565399905392334 1.1643332966746207
1.182501889450899 0.3899055219761826 1.1740281612076837
1.1948139717852766 0.4435664572393961 1.1632216246251155
1.170006294375844 0.47240759337456667 1.1676347991279452
1.2299465888623895 0.41460008925730324 1.1753846256935438
1.222006971566803 0.38795659716193504 1.1748992162450937
1.2596491996218795 0.41853900151730067 1.1695221867201
1.2254218811251714 0.4415595002661342 1.1682525712613483
1.2144407237556076 0.40083222310829697 1.163229695610858
1.166553042454879 0.4181837780995417 1.1619636170994205
1.1801702933681308 0.468010759795279 1.1684926574297534
1.2378304066378336 0.3869113296905238 1.1747215415121772
1.1628086154781294 0.4390958978570529 1.160726246832895
1.2128860156268213 0.3934697605721131 1.1754187533199478
1.2176696948666765 0.4019554809143165 1.1631870628617418
1.2738707035449974 0.3734564089033678 1.1711812733326306
1.2465147747681895 0.3734576436497193 1.1709874704730994
1.2516720042689493 0.424128515314398 1.1705071702049572
1.2282249382537087 0.3941369107220936 1.1752986595029857
1.1816199815358963 0.38902404639506266 1.1692161445998825
1.2057916665433959 0.4499073090741974 1.1667998942063447
1.2249644867229186 0.4297184952597034 1.1744075682560289
1.2110334808665164 0.3896884157857276 1.1748566499965394
1.1676744506237093 0.40559469838723156 1.1644403368830167
1.2507651280119618 0.401859460166842 1.164777910928564
1.262159578028511 0.3863754614506466 1.1660865506361857
1.2539535410892853 0.39633245446015675 1.1744100890710691
1.1917003068441727 0.42964283551960886 1.1620045440807205
1.2383850283675737 0.42191151553309847 1.1654592912060222
1.266535030815712 0.3732092397148611 1.170736898167922
1.2143521073086392 0.3875098475491798 1.1663607558840288
1.197630360962593 0.4326015324894721 1.162558789756757
1.2271887539734907 0.4289533434736131 1.1652036241115789
1.1897859452307638 0.3859722464909554 1.170648428847232
1.2316472061258779 0.41922035667851015 1.1747233289416177
1.2488299616184007 0.41591498100161134 1.1661045762599351
1.2761120637895171 0.39685908414300664 1.1717348120915965
1.2690809350240084 0.3825400568375915 1.1730649361475591
1.2689333600227737 0.38167549465979356 1.1673437628618084
1.2763419740453879 0.3973371979815085 1.169088717138888
1.2685393197954347 0.3866198368443087 1.166826927703776
1.2401297748195037 0.4247987915313042 1.1665621765309169
1.2782892291525474 0.37984664064431733 1.1712606488185913
1.2266648918256493 0.38009804418976817 1.1730002529886256
1.2369136108922483 0.418411362390493 1.174281644281514
1.185069736854923 0.4470887986227608 1.1635393265271017
1.2676307570744558 0.3760598939791695 1.1693613553994548
1.2103274707177993 0.4373706896020497 1.164831037015845
1.2146799851297443 0.42890750484233203 1.1640306741650426
1.2203104981293313 0.40434111799406847 1.1636263784423393
1.2006582363247387 0.45183238825721594 1.1672187217356513
1.1874347150425595 0.46007647758411696 1.1674679686013762
1.215750740551191 0.442886113541282 1.1726991023628024
1.1994148750765283 0.43698175810271866 1.1635743883301375
1.2332998407793445 0.4016556439665231 1.1643026017206093
1.2766849736608834 0.3903424074538829 1.1687701696753416
1.233885872832769 0.3933552938481872 1.165095213194261
1.2651936595980908 0.40731608410068193 1.1686648546749467
1.21444783631323 0.39422253782203087 1.1651975631395433
1.1736386244854518 0.42284811447414317 1.1621765744049042
1.2568426186924693 0.3992912834024088 1.1659881353104413
1.2390111126165582 0.3778259322987195 1.1695966109149025
1.2055425583524082 0.4517720450714561 1.1705566769297138
1.184313266056838 0.4613122300857729 1.1676925805846223
1.2431688289344507 0.41912696618519857 1.1663913046671461
1.1915475213041364 0.3943361628895721 1.1746348924501335
1.2087712783401208 0.4218396473102399 1.1632006539099546
1.2685380538125295 0.3977370174930582 1.1677905374160826
1.1853281130995041 0.4593106023717249 1.167223712853037
1.2041230292991676 0.4169946741034438 1.1629340130844361
1.1982407033104783 0.4034368214223145 1.1642572513719958
1.1774423402215752 0.44591172512575245 1.1631118648411602
1.1915950947108729 0.40148961692923785 1.1755542144465876
1.2610712713552035 0.3783776977304381 1.1719620209488275
1.2065291727856535 0.40122851906055584 1.1755199943483743
1.2222031791574515 0.38870390351804035 1.1664719483175057
1.2560643081898786 0.40155572941924833 1.166273857087912
1.2149528312618587 0.433337023617523 1.1652148611599704
1.2706067871425788 0.39950171663253337 1.1709161655915676
1.1870070974329192 0.3894340840807237 1.1728507033149367
1.1908928476883451 0.41431619767718714 1.1630001489739041
1.1822979696246774 0.39047462573120834 1.1725510104483279
1.228075070181885 0.3903969047887999 1.1660877393043174
1.2447840070171599 0.4094366864238496 1.165790496362208
1.1742423080822957 0.39678672144801763 1.1742169833792633
1.2713497870065082 0.3961629887148749 1.169629251204729
1.2304453784945464 0.38781631595756394 1.1740026181211016
1.2386233393808406 0.42818526563062986 1.170527761183413
1.182529547944693 0.4514508797342399 1.1649358552810922
1.218542397733327 0.43163216592270864 1.1739354445724186
1.1873041677242093 0.4290597208362366 1.1627413348897624
1.271001971475594 0.3913739415189725 1.1692758208247132
1.1871347661126141 0.4369336333301123 1.1756363242666634
1.2369250331300823 0.39670616716447454 1.1654917828851745
1.2506318433750658 0.4001310546150203 1.1737147793208338
1.2548035775861361 0.40198333111315565 1.1666328935313277
1.1996408856301912 0.44028961248542736 1.1650148435615908
1.2012464595395778 0.3887752529074655 1.1686074091459921
1.2385441401188455 0.4160267834181127 1.1736649827749657
1.265199067988488 0.3814723013358475 1.1708901386435682
1.2508801129348288 0.4116190896871032 1.1726646934197784
1.222935886467367 0.3996258646098051 1.1650436352465783
1.207343752079168 0.42560055142902975 1.1751973594794543
1.1987892698537423 0.4485310248688194 1.1731045045365194
1.2198137783659952 0.43697554141857725 1.1677815473639237
1.225862249432749 0.43399922411654035 1.1683764811038844
1.237716870612641 0.41415353151684214 1.1737914957642825
1.1843797767489268 0.4319288423329017 1.175912804360509
1.2533351114857492 0.4120741888051982 1.1685811157555273
1.236590959346139 0.38702227884028595 1.167345369740379
1.2286564474807515 0.38322236000848414 1.1724139014804287
1.2020993017764652 0.444540146126603 1.1666664572030212
1.2508670238708297 0.4034692638857969 1.1667252111729924
1.2338430641958382 0.39994382785272875 1.165540086782509
1.252509381900515 0.3973298897424242 1.1667514924363873
1.2511010153594415 0.3852370687318081 1.1680164683035885
1.2077487338377284 0.4032424119117242 1.1751934949206382
1.2664221426344957 0.3922111634790988 1.1695626162511408
1.2506586260524162 0.3843465244858587 1.1686226752602629
1.187807735347255 0.44115619658039984 1.164382276006017
1.1860766501681494 0.3964503735403072 1.1741803666342776
1.209693144985602 0.41647659410691795 1.1751995298231201
1.2233155803773788 0.43045760540499406 1.1672283926062943
1.2451564638708372 0.41282188481760446 1.1674249443460543
1.2242418722728048 0.3847617777527185 1.1696749135145368
1.2324716266152964 0.38706664395631185 1.1679976703069939
1.1761546779110208 0.4303619154701516 1.1631021854942172
1.2146397944862075 0.43366350646674534 1.1733628889639545
1.1935935840385419 0.4360252128944129 1.164527229322945
1.2160344102498555 0.4214546944697403 1.1650410831188098
1.2221396813301189 0.3999220108821283 1.1657485041599263
1.1828861150639634 0.4594474628544031 1.1709699093430255
1.2348519695782905 0.40094678243189447 1.1660911166508166
1.2200036475584035 0.411084218505607 1.1650594009387252
1.2330000901628821 0.3889369989513805 1.16777057638378
1.2346824589214305 0.42255930083360826 1.172291375693339
1.1771512804921207 0.4456346573318267 1.1644556313142744
1.2482664772961554 0.40726982684365953 1.1677571417460202
1.2047983175856078 0.4012777180643312 1.17467022443463
1.1952329968683257 0.3917097394365733 1.1695891490460983
1.2030250901163535 0.39091190766668693 1.1729770239214137
1.198531760972077 0.3914751956435046 1.1694525229798163
1.2391295478007054 0.41613039357590503 1.172563768130846
1.2502570822534527 0.39665106254856614 1.1727651659908052
1.181173253648331 0.4491762578950602 1.1657272211855458
1.2119343619757292 0.44062296894703745 1.1708305353649822
1.2442940293123457 0.41611976155470465 1.169984778328486
1.1865272442647976 0.4112200502795063 1.164870220010703
1.2045172668151611 0.43776390886183425 1.1734557024926815
1.1941096406802214 0.4024639330636655 1.1746479357367166
1.2007364190493357 0.3908930300725864 1.172218266548085
1.216069483687387 0.43624106765963244 1.1713026147563275
1.23345469296965 0.38910838636349315 1.1687867058358312
1.1858114162978308 0.4544622492120444 1.1689791391680058
1.2127500405503988 0.42925101725875386 1.166359783117901
1.2137780366447322 0.4074664148299676 1.1657182351778048
1.1657609820520067 0.4400268592903773 1.163832190311072
1.2185692802789594 0.43427236711474604 1.17030085673614
1.2462401961509815 0.4073711974328429 1.1689209351976326
1.1822036624257781 0.3964674946313487 1.172747690263914
1.2070345573635155 0.4206826587132666 1.1652848861708933
1.1894070671318357 0.3950049159271054 1.1696870946187814
1.2139302858965126 0.3945958936142658 1.1733488550084032
1.2044443688947155 0.43303119738553736 1.1662676244801764
1.2135625632273455 0.39038230007132874 1.170030612741619
1.2495541751603045 0.395099676989354 1.1695892874940665
1.169587233453946 0.4101538248898767 1.1662169009613432
1.2347952476725301 0.3912100364785064 1.1694392983974484
1.241276242541331 0.39186189774827257 1.1696731984742534
1.2418276377979622 0.3912610098269846 1.1701229455533033
1.2126498701378163 0.4362708937984861 1.1704261571933525
1.1839454357744525 0.40216878470802614 1.173994357427366
1.1820549962821412 0.4536803183684305 1.1719872279642445
1.2309960838194294 0.4211225557135367 1.1699908593150197
1.171852202970904 0.41756443658582737 1.165155282750389
1.1960288650241102 0.42877601257322023 1.174464303687061
1.1662347180945714 0.4321402260956117 1.1642868732898823
1.2406139242200873 0.3991315520952172 1.1689143126357304
1.2426981964847243 0.402836252597981 1.1695105466464553
1.1949788390051514 0.44370255715779944 1.1723651050410562
1.2385292554909122 0.40866804117255956 1.171799556276243
1.1984399820391498 0.4246555259807802 1.165689298341941
1.232897514139519 0.41282131261333094 1.168476118464684
1.2405531682147657 0.3972761999604387 1.1712557885074641
1.2206990523669226 0.39736520530495 1.1682511660730455
1.193788756305976 0.4292386132089355 1.1743939005904502
1.2033635171751973 0.4067805458649637 1.1666777022037578
1.2353959564682522 0.40861466328638857 1.1689647166269506
1.1772669386144528 0.42882645844178335 1.175071570190678
1.1878683766881817 0.40653844416901286 1.1670538028726722
1.1865863381900366 0.4501096791461535 1.1705889011701136
1.170785510085115 0.44562141356702506 1.1657146043543087
1.2071005887468662 0.4308788020875711 1.172950322926386
1.2171579606460114 0.3990574892475049 1.1682288450876137
1.1723248702462141 0.40387480914222473 1.1689446862918937
1.2324860332363758 0.405018968068429 1.1686679357735528
1.1839361162703397 0.4441866874799732 1.1670654970885506
1.2341401210553566 0.39711860377460395 1.1710096722237622
1.2024737329462032 0.414034580061825 1.1742109926505588
1.1869988928930895 0.4483942951571672 1.1695501603446838
1.175080562606944 0.41014965933843 1.1743466560827542
1.1890295041445222 0.42223731822447086 1.1745977084545356
1.212938426849924 0.40961907153475824 1.1736217136878253
1.1872436927210277 0.4351818408177244 1.166126739166049
1.2362337871803715 0.406073554402814 1.170318126733446
1.191152157095323 0.42781550635656135 1.1743238127806328
1.2102276863805514 0.4076732747942494 1.1671871739371258
1.2058218579943691 0.4003238775075994 1.1730707696003178
1.1785802883444814 0.44033820384174266 1.1660671260737794
1.1988366258547511 0.43539331381504287 1.1678075286095237
1.2117086876135366 0.4297777412476934 1.1694030889858056
1.2221084358883614 0.41804898983677036 1.1686598278617168
1.216517375452602 0.3970769183170685 1.1719202245439257
1.1792128748968276 0.40128178659092323 1.1712057281318826
1.2073770317090675 0.3999922302060482 1.1728474450772994
1.1801950549827587 0.4038488361500795 1.1689160675235677
1.1702275495047754 0.4421268553532203 1.1657390189454941
1.1882027752561972 0.4447853146090306 1.1688372771609201
1.2065328166770253 0.41150763166459775 1.1670346424211417
1.215751069057615 0.4008755812832833 1.1688452244152334
1.1746952984422947 0.43443817629772913 1.1655695099406536
1.1753564814267694 0.4050630187735432 1.169075858320429
1.227745732317627 0.4097045448117815 1.1693215524863438
1.177713254522069 0.4352406803252376 1.1658642541940107
1.1785003844372415 0.44998982659974857 1.1687098584964735
1.204617337137025 0.4013926710382567 1.168956578751228
1.2181084286472215 0.41855607795881433 1.1684599102169178
1.1988722954449358 0.43765462750212103 1.1694776534936049
1.1698908168895703 0.4419055600311227 1.1659991696424066
1.196431101814162 0.4277467537381438 1.166894200773665
1.2225690284032784 0.40123482439804725 1.1713087854668554
1.1833146956990719 0.4429494795106345 1.1676794615482136
1.2130144106417187 0.41045257256663703 1.167853057586011
1.1842659325170204 0.4069774960614417 1.1733786723106656
1.1760986431003826 0.40669017691787407 1.1689127539083464
1.2122137222322367 0.4230954764590265 1.168679504433545
1.2253531301060416 0.40910812655808315 1.1700836921471305
1.1846173280143786 0.4302188993325021 1.1741204685608402
1.1849874883594298 0.44420546643849795 1.168789133665061
1.212507557338009 0.40452862983328897 1.1725603624287275
1.2236921275234482 0.41279292650346977 1.1702882001170805
1.2056438929502107 0.4212296941006657 1.167589497921591
1.1925684358263333 0.40360454333050866 1.172644373551798
1.1797372255848724 0.4478930870806181 1.1719117208618826
1.2216246364396217 0.403393169576404 1.1702699426897054
1.2008462405770237 0.418048950078781 1.1672506918122898
1.2063707477911474 0.40428060279714867 1.1691491926965234
1.1967439807978921 0.4111394823786675 1.167586045066907
1.2102511866981203 0.4237160103458828 1.1720010017081206
1.2194153681297832 0.40835848487016546 1.171887354937181
1.1925571857628379 0.4031316202274538 1.1698686500643065
1.1765145535296013 0.41567267885535114 1.1741353477421652
1.194823420461893 0.402342277567228 1.1716886872215537
1.21678551824923 0.4049053373086298 1.1712882967845077
1.2207933836649079 0.41186849079468146 1.170554392911404
1.1749550665730466 0.4492834565897353 1.1718596731900925
1.1843072207501444 0.4126086518718516 1.1677324814226968
1.2021832575329603 0.40887538247296823 1.1685257624190473
1.1936062327894466 0.4046262565668332 1.1706203949089327
1.1896426607620492 0.40723458256382367 1.1725124074584863
1.1863134177168968 0.44030913186594867 1.171687048744529
1.1890592340446076 0.43828065306541597 1.1713412882763166
1.2027367109541336 0.4188760080822753 1.1726559480050331
1.177690249544247 0.4433429612399366 1.1685249637864366
1.2098528621633213 0.41490576396330714 1.1717573061837143
1.193893784003695 0.4113670833982384 1.1686623888886258
1.1776274619748759 0.4130921120543605 1.16836309841133
1.201458121082271 0.4083786004359762 1.1696482888073803
1.1933080474447666 0.41630386348187176 1.168311557232146
1.1714885857302149 0.4097103691020125 1.170452484875771
1.1898244899858823 0.4139838999585404 1.1686179378717438
1.2044596464384618 0.41333166946644284 1.1713662806530947
1.1868230622236038 0.43725944418660967 1.1711021228211576
1.196211465086931 0.4289268030691487 1.169689690680381
1.2043036594313261 0.4158371224886014 1.1714681005133327
1.1821643792533534 0.4351669229451218 1.1725510516951578
1.1893683110926059 0.4250154819001574 1.1684982348563637
1.1786395724037324 0.44038664193391097 1.171832905180699
1.19170635485145 0.4300085935486949 1.171083023666378
1.1713172648160515 0.42612350916118175 1.1676137490347458
1.1950568729248514 0.41679335399887646 1.1718865167059633
1.176652378187745 0.4337574627252063 1.1682812366342066
1.1857847391000647 0.4267786991125242 1.1724942980951287
1.1937019679326704 0.41791790872154655 1.1701950952855398
1.1789993646206829 0.41493254130410046 1.1704472641101156
1.1898681793461179 0.4257147145361219 1.1703782488772219
1.1729074881744355 0.4401606654185792 1.1717997212555489
1.1855288584573864 0.4275897549036689 1.1715333466207514
1.1812651880019378 0.4323202169285584 1.1711529690237934
1.179664171127695 0.42778043151591677 1.170513487089179
1.172461961858891 0.4239552133245396 1.171671123871873
1.172792158063102 0.42816417993934636 1.1712568798115361
