mlo mup
1.079336461287818 2.0857390609199835
1.0262476130349028 1.9252982256935516
1.0549607434181345 1.866752950547846
1.1186234882839925 2.0918081154071593
1.1007050437173251 2.073431628178656
1.1269546886979096 2.092048737805257
1.1142970666087282 2.076660665652482
1.0905503699821881 1.862021668750342
1.0813880819422514 2.0385370453960245
1.103784949344409 2.0554392237212467
1.090227104663569 2.0414278075063805
1.0527723067890002 1.9615345850880725
1.0926124214577753 2.0379313793928953
1.0989557716042713 1.860030808359686
1.100248816014757 2.0442196153216923
1.179430125190483 2.0192530390048447
1.1694147807729787 2.0711238698485843
1.056885077194976 1.9389054720761028
1.1749057749434737 2.0515980584050273
1.120761011845278 2.0558657156866698
1.0992773603990074 1.8543860750610157
1.081229622231803 2.0134241589984527
1.0608208412754256 1.942268364316555
1.118751674867155 2.048734698588426
1.1251195983904332 2.0519533066551654
1.0846923408908384 2.010211318092485
1.1334553020384877 2.055277011516197
1.1052696495340695 2.0325605780260148
1.173421601026376 2.0494452261293303
1.0999051362017056 2.0223987265973014
1.067442684102999 1.9429815178977177
1.1069404926435389 2.0280913807852565
1.0782374349951318 1.8964967221659377
1.070155323950234 1.9206263894369757
1.1641373192218536 2.055977785714644
1.1219857785146756 1.8620878712424496
1.0900930168215213 2.000397224825315
1.1369440356320994 2.0460770011246034
1.1424533274993725 2.048013130531536
1.1128240481883704 2.0274562300875685
1.081808724500453 1.8842879811298145
1.0995273099497689 2.0128850010157793
1.1173830850576802 1.8559622184503692
1.156016990293443 2.050911131326141
1.181033614217785 1.8968943090302743
1.1137647165535371 2.027462438989012
1.0920035727920838 2.0005920626181317
1.1769640451003394 2.0157606330647324
1.1151290889610321 2.027551635558833
1.0844030165415768 1.9858342367231314
1.1385976024850295 2.0437430019672895
1.1394186464080058 2.043735872054164
1.1237284059220083 2.033431491197662
1.1427429574221215 2.044360246605435
1.1800220614398267 1.9693013721813395
1.0808894346399607 1.9699348391780391
1.0808894346399607 1.9699348391780391
1.1382096357530949 2.040572271461831
1.0799824720163855 1.966260709020482
1.0856229470986807 1.897948381736515
1.0845944316902325 1.8912455592352155
1.0805592730697748 1.9678713499273954
1.0792770105702025 1.911827252147708
1.0950419697056917 1.9983401268576628
1.120641269447694 2.025122124949436
1.1450084770576088 2.039324939207275
1.1776527289192515 1.8641162584864257
1.0828246258419942 1.9628457607862189
1.0820774191456857 1.9591189845142851
1.0884247225864234 1.977740821728041
1.1710522664499086 2.0370825985662098
1.1561907218178202 2.042039282734672
1.0823279297561368 1.9145676257919468
1.1254130463180454 1.8549007061749225
1.158248696749221 2.0412670071259864
1.1257936513797788 2.025868495074446
1.1096716136745781 1.867314737652981
1.128698344443404 1.856343574822253
1.128698344443404 1.856343574822253
1.1783459543359527 1.9880408329104682
1.1265305379915305 2.0245939468609526
1.086362239308157 1.9609415986565588
1.0843786765119998 1.9526993253996532
1.0873900312974532 1.9633895713950555
1.177096697187929 1.8637025494684676
1.1381910721965836 1.8598859591815786
1.0855112770925113 1.9192000285589446
1.1529365705361383 2.0344131998396
1.1070468621402074 1.999994483037602
1.1035447421106586 1.9933700541063684
1.1755433617855315 1.8565561501589487
1.0947934592547124 1.8865855520141872
1.089621005974276 1.9119648773086635
1.1049170718662353 1.9944617440381036
1.0955064327026465 1.8917955595234495
1.087018886887756 1.9413617701557455
1.1424907354707192 2.027890684830438
1.0907242748074648 1.9111889852608717
1.1199575491243752 2.0116801929961405
1.1665146576954761 2.0332140729739807
1.0875011036276545 1.9271854633645773
1.089953609142073 1.9538302500356595
1.0959794113833055 1.9740392754923812
1.0915597954692464 1.9589210358469709
1.0968872384254809 1.8874466348118089
1.1002681542701562 1.9822299538488082
1.0915191679201697 1.9120278775485977
1.1282823233690953 2.0170618544846555
1.101607248466457 1.9846239890756212
1.0981119218563815 1.889553544468615
1.0923898307406543 1.9122307637999936
1.1446815878232006 2.0257906987788274
1.170247960196217 2.026778338802494
1.1409191497806874 2.0235845569916893
1.1076865822223336 1.9916543138878393
1.1230430580833084 2.0102366346065286
1.1762472032275466 1.9964963656682657
1.0903027897244666 1.9372946848683235
1.1126226318338843 1.9973680169813637
1.1327833241556147 1.8508179721763838
1.1485512983234378 1.8604414504468043
1.0979278466185582 1.9703852967417768
1.140033509199669 2.02162138820892
1.1227416001261523 2.0085448917954127
1.0999489334756316 1.8960847269216174
1.0943961754003377 1.9122920955929068
1.1489411350531062 1.8598872243837135
1.1119619963442002 1.9947629872294992
1.0938693716677796 1.953077603197658
1.0950149936388505 1.956322373805353
1.0972250797713399 1.9058271984664115
1.1211373648789533 1.8669499261249332
1.1155405586638294 1.8729834006096218
1.1275808508083474 2.010941406835341
1.0930000611917843 1.922085927892675
1.0931220033816915 1.9444146712579964
1.0926731737485187 1.9282289889850044
1.136614197851318 2.016969048198067
1.1497997651075436 2.023419157038686
1.1017274609591785 1.9736855810843545
1.1790800312639091 1.8984299694680231
1.1238463350709198 2.0060176815773674
1.1790738992620908 1.8775405494496376
1.1062770381351825 1.9807406524321785
1.0977839979552948 1.957576879134679
1.0981571173571216 1.9104788046837538
1.110709472091591 1.9878404650083554
1.096558001462779 1.953128370535564
1.1425746128444532 2.0182345502942143
1.0965754632932878 1.9151233119126527
1.1787504770524229 1.951750891731184
1.1037178909658554 1.9730343220023765
1.1168604319596316 1.8742345217856908
1.1186412435512993 1.8731272150389169
1.1772639164292995 1.9770424078504005
1.0983981355889094 1.9112222764568867
1.1045079284285007 1.8823230068079477
1.1342918432193425 2.0116530419966834
1.1326275066013352 2.010469738406626
1.1171505060741476 1.871353719213931
1.1041669571733306 1.8806640964432597
1.1035134084250728 1.8946211573098288
1.1049968037819 1.8964627406011059
1.1036326520309274 1.8946428731175744
1.1194845097707111 1.996451923028185
1.1516987559585647 2.019611766329736
1.105042866999911 1.8815463627073434
1.1632288361308365 1.8621296994314107
1.1230541756102554 1.9993045554540334
1.1442651314787158 2.01552326568789
1.126553792418052 2.002626533983839
1.1283572333384946 1.868077479349678
1.1331102747535917 2.0082854006663666
1.1488092026785017 2.0174197080869236
1.1181811498173926 1.9924163101961259
1.1563622329309537 1.8580189980318802
1.1060314584009414 1.90194450554816
1.1276431866281236 2.0021274595150325
1.106079202655951 1.8947531043707713
1.1041897444916826 1.9636266745942665
1.1233721973996835 1.9968355716872055
1.1031077117085817 1.9071869157341734
1.129103480989952 1.8672339112300225
1.1606459185873097 2.018881121470092
1.1659936462000242 2.018963566963709
1.1336738415700847 2.0054239604511186
1.1784480502513341 1.8837109219268362
1.1195457976980092 1.9906166245044028
1.1085755039443395 1.9011081010562643
1.15021799292101 1.8536142536150775
1.136509868507825 2.006943736559279
1.0996324985629038 1.9365393204684802
1.1439681649190918 2.0113363414391388
1.1083184253012603 1.894984599983116
1.101240665803734 1.945281385725138
1.1302263796937382 2.001198002414892
1.1012871226268266 1.9442925525319135
1.1101295194410645 1.8968075446105428
1.1611273453934872 1.8580709717510033
1.169576204104378 2.0141600849482133
1.1035783800679038 1.9517226110254233
1.1292018397163586 1.8695798491441429
1.109708525763376 1.895363727403578
1.1442560880762904 2.009273637979163
1.1421626607521898 2.0080775642766677
1.1755727941558405 1.8678816807890442
1.1114108855727025 1.9717813944984415
1.126795251368232 1.9952009421980625
1.1491434619921326 2.011531531862333
1.1582999279847548 1.8557911450331386
1.110925739615187 1.8847419632093882
1.111631543200113 1.8984163549134245
1.102133857566207 1.925770805111624
1.1783546863666576 1.8819107131216368
1.1783546863666576 1.8819107131216368
1.1580447997843795 1.8553055760745099
1.1563332661102539 2.0133622117102132
1.1114739917331617 1.8935986208162394
1.1296747322578866 1.996863424438054
1.110376710214814 1.8809315108924844
1.1028310449112917 1.9281332856162614
1.164103485907809 1.8572703300455022
1.1590699334232666 2.0136145612919356
1.1128273766023358 1.896741522713431
1.1133688752578537 1.9724823636888837
1.1206410453142546 1.8746489468205543
1.1097872271783693 1.9631891918933375
1.164117158291445 2.0141006670380883
1.113803099505779 1.8901111395051948
1.1705624997928292 1.8549155735519962
1.106678331982639 1.9532191769905884
1.1255213422144517 1.990508366984017
1.1784131397432556 1.9251214012591253
1.118617259548783 1.980364134206459
1.1277889708910311 1.9924765829576734
1.1656838263723766 1.8565184504719878
1.143204730095446 2.0049951506747132
1.1767844441769635 1.9643549106458549
1.1112619859608506 1.9635101454715072
1.1040424829116504 1.9314027758002443
1.1459264221547683 2.0060889997606983
1.1697773339255797 1.8548963190308267
1.1135823237885007 1.8915129294735418
1.1151265042852874 1.889960156995718
1.1254941364258155 1.9879099682694714
1.1206611101819708 1.9813245741929675
1.1213490128691805 1.9821602457828678
1.1055642461405832 1.9258560934726368
1.1208414238537296 1.9810763909422087
1.152477931640027 2.0074211594356046
1.1571113064047998 1.8520428042238608
1.1233152378952584 1.9838992584764188
1.1354307832709032 1.9967539854660845
1.1745973249660457 1.9865373137686282
1.11337290749973 1.9639976474587568
1.1156489833756877 1.969397770610004
1.1124161869144005 1.9608515779476696
1.166739929280151 2.0098113494670806
1.1582045107744592 2.008590894232481
1.109316192578231 1.9492010381000893
1.173242491184353 1.9941454904664466
1.1132086109942665 1.903998814702939
1.16078947300411 2.0088433796174243
1.1151611500152518 1.965753265304289
1.1283680918528607 1.9876866647945688
1.1442866495248536 2.0009918085606406
1.1129817870234144 1.9055135169128712
1.1549682265096965 2.0061215237561765
1.1732295761567224 1.9931750961327674
1.1450233319817913 2.0008644715407997
1.1102364119547743 1.94747569243818
1.1469120401469004 2.001934860224802
1.1090729285323238 1.9437302893496056
1.1746689060641136 1.9829051762055903
1.1123656113723859 1.9556479955700385
1.1407302888573487 1.9976574170773729
1.1630612875258806 2.0079075588095145
1.1661830952907324 2.0071793019708424
1.1094460335284233 1.9418297731032435
1.1151144110328794 1.9613676210376387
1.1773797967174435 1.8878677261597534
1.1103031902329974 1.945066611479664
1.1142721230782668 1.9574029469354626
1.1121539860244256 1.9494360815914424
1.1090856249707033 1.936799016278353
1.1676140021415007 2.005323443158417
1.1317557985321176 1.8737834953167294
1.1159108096216497 1.961552125950693
1.1707908953324704 2.0001743049242244
1.1331538625070772 1.9895700191064047
1.1100458608094788 1.9374721080752788
1.1502496498358294 2.001218365045285
1.174190910810666 1.9845105737693935
1.1616234338601141 2.0058652121415577
1.1105152663212396 1.921242988757759
1.1119692124346692 1.9170540060510313
1.1462658916175783 1.9982141551018264
1.1659138700587435 2.0054127954297383
1.1353033489927804 1.8727538918140962
1.1529425292886686 2.001594884992171
1.1763935789957045 1.8766196711976098
1.118496485419762 1.8793110739926733
1.1153577627317157 1.9077435377890375
1.1768728657350696 1.8780050181667212
1.1187581700248237 1.8813844575819758
1.1111488448620142 1.9248128627312036
1.169126822824361 2.0017529888020777
1.1288199169304387 1.9817217751000922
1.1433543015276386 1.866528182110695
1.1172764103981077 1.9603941252394272
1.1687785737878886 1.8630352261611507
1.1116574317800358 1.922883429461498
1.1349466761194174 1.9881026869098233
1.1199624981894587 1.9664198546151817
1.1640140241368253 1.8630386280264106
1.1771991609979584 1.880825368166004
1.177377866279891 1.9277764452525035
1.1273995368819647 1.9774582776482885
1.1766599439820187 1.9476514174905826
1.1351662338091353 1.9871293987901564
1.1404949670540814 1.9915329628875238
1.1219685537829436 1.8909983309217266
1.1495428193344583 1.996909305533432
1.1128623693791728 1.9296022492991325
1.1157003886773318 1.9114670930518025
1.1125214364129439 1.931582653334511
1.1294094294652637 1.9790980123112372
1.1126958770847963 1.9346778348239373
1.1400113722427063 1.9903284917943709
1.1247858842649663 1.9711261287429915
1.1733704811904142 1.9845466844884496
1.1304993276970599 1.9792556995641006
1.1373084471370931 1.9868459105960055
1.1376435135761869 1.8742091400079826
1.1182180965647839 1.9548951894694033
1.1483227127479894 1.8670415093758606
1.1651420382578388 2.00091581889267
1.1145976566727973 1.940129633557322
1.142007071315193 1.9904989572226042
1.130307060498366 1.9776609139271581
1.1148821664953408 1.9400686273653878
1.129504225166623 1.9760374330177777
1.1172485276850472 1.9127231647855583
1.145347361691175 1.9917999379993285
1.1509967174660043 1.8677639724779798
1.1401238852858095 1.987520358390481
1.1536140004516486 1.9959385039327722
1.139179450476595 1.9865390947100883
1.1522648719195832 1.9952060906043663
1.134914539948204 1.981890015066201
1.1591533546810666 1.9980944636946711
1.1152782036199314 1.9300108180487916
1.1246296488244634 1.893093205780446
1.165361683119118 1.9986472773243817
1.1765786971330099 1.940600901698811
1.1235701608560205 1.9625972241784284
1.1163547386696464 1.9226178250597032
1.1768167663184683 1.9156386321683994
1.1683295621023482 1.9960283486229145
1.145430989932859 1.9894485017828054
1.1532704122722381 1.9940398673163267
1.1365523134675886 1.9815745258568298
1.125677398819737 1.9012718442149157
1.1755686750457004 1.9576142060553043
1.1185509760317727 1.9150956467428872
1.1407441783633478 1.8715227750148922
1.1682963075398543 1.9956864710725273
1.1659152480698332 1.9974400478600385
1.1362302468607275 1.9810581269566576
1.1562346839609323 1.8687606630518951
1.1437914661722224 1.9869577525833344
1.117681301470967 1.9388927503181181
1.1202728805293813 1.9500537250655525
1.1182749220714343 1.917325598671486
1.1206533091759026 1.9497079634482137
1.121207141198965 1.9523693437864849
1.1235385039589523 1.9575041249587926
1.1176824248027002 1.93248251243153
1.1765483809188977 1.9324932651488267
1.1227234865171396 1.9549090460917478
1.120694099527469 1.9471589849149722
1.135201113080289 1.9767821071752536
1.11837032748991 1.9333181840214302
1.1533807932724192 1.9917625782159885
1.1648649748006812 1.995710155348194
1.1288878906728845 1.889080357835075
1.1187344280416853 1.932791810362277
1.1546585738140491 1.8668170641499706
1.1664252420723358 1.9948460047465018
1.1481233954920822 1.8712155139879862
1.1497586781006648 1.988749545329427
1.1246426487905585 1.9564700753243238
1.176350931265294 1.8810830174048871
1.1280574807910795 1.8894949582050147
1.1243602423490708 1.9062735609800303
1.159751912076795 1.993578913170175
1.1232228188605105 1.9529890517655215
1.1194908147085647 1.9240904007970792
1.160078079148461 1.9934048338259576
1.1376172014589483 1.9770740076863538
1.1273542726087642 1.9615070392655356
1.1279900056576841 1.9625250911690413
1.1276675290976987 1.8807041701045777
1.1527529774272258 1.989176007119838
1.1201828111463727 1.937429129818506
1.1358312224124107 1.9741569387577225
1.1762126583229517 1.9361863875780623
1.1762491738116676 1.9340795566761573
1.1658482738604852 1.9932825586623486
1.1497721363734104 1.8708857861559833
1.1531041817978063 1.9883859326014564
1.129289521372229 1.9624887053312314
1.1275253100216718 1.9581864063043386
1.1360906540625844 1.9729361882505256
1.1210605234343975 1.9372733650167069
1.1234131054325278 1.9146262594396055
1.1525209314357978 1.987012962751701
1.1761229742001804 1.914793317359124
1.128246569303261 1.9587793335363228
1.128246569303261 1.9587793335363228
1.121112999174137 1.9322019421291543
1.1544274227030182 1.9877811973426693
1.132495996249299 1.9674286486586055
1.1615350433993246 1.8676926009200874
1.165742322490691 1.8686752763076755
1.175972930910029 1.911319598077106
1.1329770688427667 1.9660712909735776
1.1214566486531843 1.926940925133821
1.149881824424923 1.8724544420109217
1.1551758694075103 1.9866118308297687
1.1480408483831015 1.9823263413803456
1.171925855820593 1.9780391281803402
1.1487814960070488 1.8717073025426565
1.1511757432229621 1.9841014604055651
1.12844592246035 1.9558568978925948
1.1255790852710799 1.94691876831107
1.1536846833620986 1.871066684922948
1.1304395464478953 1.90307180835557
1.1226572497685519 1.9223760869460684
1.1757930953278242 1.938205131637432
1.1476237893647203 1.9813885042669752
1.1318494031415691 1.8894123164039882
1.1286914898745222 1.9553962440472836
1.1701026158158478 1.9845172758899023
1.1246305908866068 1.9423080689563996
1.157468991145085 1.986968869381305
1.1309172198952997 1.8849547584158965
1.1241963766769725 1.9178405330947546
1.1650827085353495 1.9890259639544645
1.1328296736519272 1.8844608217913934
1.1629037413390437 1.9889827349849225
1.1758175658937091 1.91318996241424
1.1718318324841748 1.9767469986992359
1.1284989119491815 1.953254866745236
1.1235043799873894 1.9298516343439136
1.128842297361723 1.9055836348620943
1.1309596640700272 1.8790633650779545
1.132494757901247 1.8789468031337977
1.1282886046256704 1.907492527934552
1.1752854190581752 1.9439224347663848
1.123951424770784 1.9309026372698606
1.1670156964865657 1.9872397308939072
1.124747273602039 1.9198950966825739
1.154644012066905 1.9839062922604755
1.128959989367107 1.952712325757303
1.1708159279861405 1.9799219424327101
1.175910444553917 1.9197658407707245
1.1603820680254013 1.9867736182757807
1.1389917665432956 1.9700123156216938
1.1375124004058836 1.878431936485279
1.1321665876585618 1.885632907309373
1.1633442724081955 1.8665729379705784
1.1296539061217734 1.9085954882602119
1.156325419832755 1.984128331202434
1.1359834879048574 1.9651010997362603
1.1285571743330263 1.9109838136990764
1.124836718697257 1.9274216450007473
1.1382237455332824 1.9682455391480036
1.1252689865780845 1.924065910335661
1.1558727362329186 1.983187308499216
1.1270555654134797 1.944816342196104
1.1301304539242703 1.9084245779930678
1.1375856374179203 1.8778414174857045
1.1345281714560467 1.960897233062055
1.1637281007742653 1.8701409057268212
1.1636963495057313 1.9863141219174516
1.1687055275823912 1.9835379212602482
1.135565727984003 1.8972779594057174
1.174293088086516 1.9550053979412159
1.134101910227805 1.8808543214139055
1.1259171849186917 1.930526866710416
1.1341759246192888 1.8852237977116642
1.125870112034624 1.930077833095374
1.126251100324236 1.9243517849469545
1.1282325824055346 1.9450100395213072
1.135862902711502 1.9011705012706281
1.150292285236625 1.9775478423781006
1.1304205518074055 1.9494959627904138
1.1349513606486157 1.887605407768378
1.1266955467974362 1.9279841082474396
1.1272103487966336 1.939536881733488
1.126320442930964 1.9361899141990762
1.135527319687078 1.8878742665861825
1.1356201273356594 1.8932906217638665
1.1684497675379881 1.98235413768804
1.1381442199647194 1.877251495842372
1.131151852036909 1.9506349515621346
1.162420063786065 1.9845203936164713
1.1383642193532633 1.877283432893504
1.137736199880377 1.9627826771655532
1.1268901250199677 1.9354500130040853
1.1468058850749872 1.9734907412172455
1.1328789295871622 1.9070451046137982
1.1278080079067352 1.940023039471687
1.1744073916843258 1.9506545351329534
1.1546881647871816 1.9792689950734694
1.1510544341545825 1.9766664222925128
1.1740445821954386 1.9553879442922377
1.1634254078121085 1.9840851486969278
1.1324531939171283 1.9525613021271773
1.163941019518012 1.9836024557603817
1.1746010878495965 1.8939612675434145
1.1443027227318432 1.875984245182409
1.1468076040236408 1.9723625908747342
1.175238980535565 1.912507750549924
1.151056677020266 1.975605142755174
1.1732443166303401 1.9612376688318771
1.140653720592053 1.9648808305628416
1.1753858217783435 1.9231244495000628
1.1713011869712333 1.8715646747218568
1.1611706724700421 1.981937282372979
1.1532850829390506 1.97676665264942
1.1284190407682217 1.928422348637072
1.174955455575433 1.880543381947511
1.1381424549177048 1.8918557956108708
1.1313854893134327 1.9133696501634019
1.146159379491006 1.9701002666967196
1.137947287690014 1.895296337910819
1.1387306401001585 1.899302595850054
1.138560174369949 1.9604837562017834
1.141891253540996 1.9657005605743916
1.136493856940591 1.9033631332361327
1.1629193217273692 1.9819086820854215
1.129594664003383 1.9386074267330324
1.129594664003383 1.9386074267330324
1.131060743491048 1.9138469203365516
1.1384611320661377 1.9593051300461712
1.12895187034614 1.929704131116808
1.1342522548208538 1.9516796461224475
1.1327077383964066 1.9110186695604834
1.139265927686119 1.9001455082783487
1.131872065694973 1.9128573996679146
1.1690816179529235 1.8707519527046572
1.1739316316039718 1.9530939836102692
1.130254046754785 1.9404460521126325
1.1747969070469901 1.8815462115687307
1.16217185975503 1.9805800843862713
1.1700816255067032 1.9749057854522387
1.1551810708595955 1.9757745762192787
1.1469969986019457 1.9695155353975613
1.1427512895129404 1.9643119462410703
1.1509896090374816 1.9728163059341248
1.143406704172051 1.9655038959999662
1.1480404671823368 1.9703144002436306
1.1381423510105553 1.894185358855832
1.1376921848648487 1.9033640220754784
1.1320848637872862 1.9449241004670665
1.1637670327723697 1.9806678709460555
1.174230854374725 1.9014331762744692
1.1427191052203982 1.877946695032104
1.1427191052203982 1.877946695032104
1.136365260836639 1.9541090687836187
1.1471708038636779 1.9693258660093806
1.1725813531049665 1.8744837119481146
1.1747531424586026 1.938018847626472
1.164394215533163 1.9800531786027453
1.1326091954548256 1.943911227498131
1.1470132208651067 1.9685171354294104
1.13863578627693 1.8946932611213583
1.1414060149377243 1.8976286771877338
1.132269774182243 1.9431188832670048
1.141866284971091 1.8980075923255062
1.1319133476613155 1.9169435034355338
1.1679486090178268 1.9775189224664942
1.1606978175257654 1.9779045584046757
1.1336741274677908 1.9130137697943919
1.1686184210202077 1.9758101740253187
1.1608266200729203 1.8742585324133123
1.139104185997083 1.9031452315182058
1.1474543413791247 1.9678113135577397
1.1334726222700704 1.9436417777969623
1.1743626038061539 1.9069663924729383
1.1376254437707427 1.9054599874373896
1.160359359552685 1.8739756028810468
1.1352689620152767 1.946791753602717
1.1749037038453538 1.9269486580707662
1.1399205420634506 1.9563647940375255
1.134042837123207 1.911699916312422
1.1557364633983684 1.9733401072209573
1.1485839073017357 1.9680037980553937
1.1427971582007546 1.8971374735515685
1.1477906927296362 1.9669721465860035
1.1483996942794075 1.9675857764062015
1.1737644812964043 1.947315604424241
1.1345977210849862 1.9124890603488016
1.1708785532860382 1.9689713603748271
1.1438814378290838 1.9616542964935182
1.140911159404203 1.956739821824276
1.1410076709192816 1.8949245292029033
1.1416334004799518 1.891682959657665
1.1445693353579676 1.9617722756440326
1.147812275076442 1.9664190693757857
1.155607316000024 1.8754184528764661
1.1330231705005036 1.9180993537847715
1.1349110408053589 1.9165820107000124
1.1522666899855005 1.8756312453526043
1.1384112927525303 1.9049249136446145
1.1424804535202897 1.8920227008869352
1.1479372550269435 1.9659762314318021
1.132267608591581 1.9275355096604896
1.1427287258053327 1.90095820215104
1.1326267324788961 1.927863239500876
1.1416349347879031 1.901464466074699
1.1738600818432792 1.9455989889225485
1.1617093982487168 1.871310272377111
1.1438852265174875 1.9604026312661726
1.1541315886924324 1.970433056117394
1.1446815663176313 1.9606090454023468
1.1507684419009312 1.968218065828259
1.1742479852157057 1.9097940121645092
1.1640452454923162 1.8717549235682995
1.17377148203185 1.8911706090457303
1.1351545168122446 1.941242901775319
1.1431830735780935 1.9580610046661162
1.1444702082171507 1.8966398968129896
1.1385943817954407 1.9493253069206018
1.13329276019343 1.9227957737980845
1.15234496526412 1.8766130493322701
1.1405830128704848 1.9036483283902443
1.1438125641062087 1.9580165290013731
1.1384273881212057 1.9472730435451373
1.161264231389534 1.9741318972902475
1.147102635566852 1.87799291356054
1.1389861135641577 1.9056099350626987
1.141318161194225 1.9545090381584689
1.1347119521851983 1.9381998284214974
1.1540298671749547 1.9688844682315727
1.1340855759133532 1.929746555809406
1.1368423497217326 1.9141925426937172
1.1743842827289688 1.9155680208758834
1.134203910846044 1.9287320307442237
1.139735583321484 1.9493400750756131
1.1440376541229735 1.893811383032451
1.1363047130324302 1.9161911272670917
1.157620112244801 1.970608272461478
1.1479927269911911 1.9621492142541175
1.174400521481608 1.927502727106762
1.1341438161573063 1.9264578347031844
1.134959965678494 1.9365544679888356
1.1384743909212616 1.9455459497822347
1.1453395696123356 1.9567981936270962
1.164234258984568 1.9731236500070477
1.1733357791403067 1.8937281195837825
1.135275501355638 1.921212020463237
1.1529664348390265 1.965956713766531
1.14333787897568 1.954401554231318
1.1542357186291001 1.8763473545233063
1.135358899362143 1.9293838638248917
1.1455074901519549 1.8825486263353592
1.1357262340491907 1.9325568854973887
1.1736232088153844 1.8873581046790282
1.1459863865827273 1.8930151475824109
1.1709187770729268 1.9626034577595124
1.158117686663288 1.874560565147134
1.1428575114894703 1.9526489985595217
1.1646701596442286 1.9719996843770446
1.1563602059496003 1.967946859752151
1.141851093154719 1.9488320122040084
1.1374194409140688 1.9395226181463339
1.1370154396794943 1.9183434556129484
1.1367495155383174 1.9324234375731648
1.1468706825810837 1.8954901936463298
1.1365392044061708 1.9302649874980597
1.1489786251150151 1.9005747512808773
1.1434902207812432 1.8808927009119938
1.1738955791447683 1.9130206002147065
1.1604769107254993 1.8749965193322113
1.1429787490054437 1.947694930751306
1.1398426853210926 1.9413276683995733
1.150497060090132 1.9598694753468782
1.1380054093906824 1.9331934623063483
1.137761005773053 1.9351660120995322
1.172943246169588 1.895078558076197
1.1374997227328079 1.9293955523264317
1.17277362483106 1.8909379440099696
1.1439017938520488 1.9491566167220489
1.1378885495222477 1.9321651910471351
1.1424013042136656 1.9074537549102135
1.1591606383658888 1.9673367777879527
1.1388112603823384 1.9182171320502377
1.1398847758896737 1.9394792979736315
1.1664994937799091 1.9689164636451377
1.1511645202710847 1.8905444188150449
1.1466660986288049 1.8870940239150769
1.1485595885044038 1.892644444729012
1.173059283495644 1.906487951478781
1.1396776006220246 1.9381479996714195
1.1428275787291942 1.9108125572456636
1.1495323730537534 1.9563628343212078
1.1387932742103433 1.9320607830100343
1.15802277363398 1.963927059349256
1.1541594993865756 1.878519727889994
1.173541056325839 1.914755521369593
1.1511056077442097 1.9001955533405286
1.1395034588271942 1.9217865948772792
1.149637287274758 1.8895366215647786
1.1514307255679554 1.8999152811974862
1.1727400052257058 1.9447440866787131
1.150079714076948 1.8955558008880935
1.1528688308819723 1.877890191371589
1.1402021109925071 1.9373118743073552
1.1391276238521955 1.9254985852387585
1.1609915100158417 1.9661834182857103
1.154833959565175 1.959601416227462
1.1406682179008334 1.917352683708797
1.1396671854517757 1.9256366846556645
1.1727760427234661 1.8820743407428204
1.1414424582912046 1.9398050967263623
1.1647490484905934 1.9669657954988105
1.1718027924217709 1.9499503096610857
1.1735995581528584 1.9247914109740383
1.1508142268454444 1.9028697238924397
1.167624842005479 1.9635400231693119
1.150576872270046 1.8892818775793572
1.140857116255955 1.9205294572858451
1.149716065887182 1.882113872740482
1.152989035852563 1.9006674122125227
1.1434150451908995 1.9129685815683621
1.1446090888818126 1.9437005547958601
1.1661516276748287 1.965407426568844
1.1717021318525214 1.8992867481232139
1.1408765363454951 1.9280373342369888
1.1492598970779047 1.880809962961452
1.1408921082762546 1.9191070208120236
1.1633266525076047 1.9648985310749314
1.1548701397474397 1.957889350045778
1.1413319070363113 1.9347508488280365
1.1436459152613083 1.9147584275328513
1.1582471720354865 1.9613653858384255
1.1676785817214848 1.9629108122985288
1.1648978342601815 1.964498014533554
1.1524328258172516 1.9020198574229226
1.1521904792107827 1.9014982060872518
1.1415610634946116 1.923241843909034
1.1618187040109074 1.8764567635314964
1.1533567824491757 1.9013061479653914
1.1719692266936401 1.89270017591592
1.1515537179696582 1.8822738939704855
1.1705306893587206 1.9548295442012809
1.1538615517297808 1.8922260358006322
1.1422596743233107 1.9185398050919567
1.1423718007389883 1.9366724788470795
1.148789965218428 1.879955134194239
1.1525359168492362 1.8911397030531478
1.1719540766152003 1.8828447829604624
1.154301779229229 1.9556014851157255
1.1510021602073597 1.885947151970688
1.1729901027943423 1.9148758441905025
1.172370496661823 1.886482528556364
1.1512936229952797 1.9525951874714875
1.1504150797106332 1.9506489584650073
1.1595769661408448 1.9605139271655212
1.1494313423727816 1.880086409084912
1.1505999688874908 1.9497099024090838
1.1538798822875695 1.8907853359509004
1.1715324125662134 1.8897785728028786
1.1612902460034156 1.9617391390329408
1.1510424685216487 1.8863682143404257
1.161029536533437 1.961152432046615
1.1509055950751237 1.9488886578542362
1.1510525026677287 1.9493637428499866
1.171081997974453 1.8902317656879775
1.1492725354492124 1.8796901479825585
1.1515290182072313 1.9497595598843522
1.142840697780768 1.9260819649898577
1.1547858274914642 1.8989891348079928
1.153489093508977 1.8825635251237987
1.1548242600353822 1.8839828116721717
1.1553108698745833 1.9548466603971972
1.1438911475172715 1.934707332295187
1.1532131183297545 1.8823168904087777
1.1609597072655515 1.8767267060263058
1.166231081691496 1.8764779435750427
1.143667570419062 1.928044912146727
1.1434137471987977 1.9231811964113434
1.152927026757542 1.9511042128440923
1.1602292481037688 1.9592256189580701
1.1497386909199088 1.9093837730865613
1.1441693715557524 1.9355775073070962
1.1559976684182502 1.8958561870786028
1.1708784296662518 1.8996133450132602
1.171230558343414 1.8896895393141628
1.156916832548092 1.8773770498526763
1.1450087498480834 1.9278503846247623
1.147001670903763 1.9134381618384664
1.156179931819876 1.9546107887009514
1.1698023731643579 1.9542501527776064
1.1470630298545548 1.9147342062036374
1.144605744187464 1.9213243424156714
1.1471329929856244 1.9137916784667193
1.1440393164509453 1.9271265453169266
1.1632118292271323 1.9593980577218963
1.1654772343541404 1.9595139964714199
1.145873512033326 1.9174745207446926
1.1563251631369993 1.8930470277686282
1.1567524412280619 1.8960405883774172
1.1465681758895139 1.9372058688047016
1.171443431203038 1.9039044373696725
1.1570484829749308 1.8931038754246272
1.1520542603211728 1.9066969976460737
1.1722479339328917 1.9113728189924712
1.1578769499636525 1.9543725370170932
1.1555415021354514 1.9507732596387775
1.1722512837041643 1.9326778707421668
1.1514715333029444 1.9081303354562245
1.153413197013006 1.8802609622040323
1.1463982296083097 1.9208630289420123
1.159325051408301 1.9547405310420602
1.1720847748290772 1.9335885963899335
1.1485216040045323 1.915194433910353
1.1532722232895491 1.9061184301272402
1.1592927223722609 1.899443592220185
1.155375416587288 1.9482901147585157
1.1590042900821018 1.899295844516862
1.1585517674921073 1.8956755060878492
1.171247656085638 1.8819728346163154
1.1703785226835222 1.9465560685655952
1.159659151255931 1.9011709729328723
1.156718363924289 1.8876570632870173
1.1470681641788874 1.9244036546708294
1.1558095825810368 1.8788905540676164
1.1639173168184949 1.9566535948348067
1.160118760421553 1.900237331039191
1.1485907849265022 1.9330331777407932
1.1699935837478392 1.9028338880184725
1.16935330948442 1.9011851063040577
1.1670813534907818 1.9555540474468893
1.157195264664598 1.9493948458375758
1.1585667143030394 1.9513164335353654
1.1607271322688024 1.8974307552574954
1.153216229291709 1.945039718842963
1.156649080933538 1.9478333312312277
1.1483653538040033 1.9278665451584998
1.169071538869215 1.9511189814014853
1.1568252844380456 1.8859674013976284
1.1659982911515931 1.9561111328855258
1.147540906600498 1.9194791033552758
1.165124920680879 1.9560760392074101
1.1688437162855154 1.8779954845294682
1.1718420763166784 1.9329274364467817
1.1578697327465328 1.9501282367384398
1.170999909821191 1.8808308382285825
1.1521752972972323 1.9408870012587482
1.1521752972972323 1.9408870012587482
1.1604005195646114 1.877085112189489
1.1554747275622086 1.881054324594155
1.1606779391769235 1.8898585146470972
1.1568203714265723 1.8856448840661633
1.154528432965546 1.94515812586529
1.1488904498502717 1.9290059573014395
1.1690406842421441 1.9496932604303487
1.169550469735663 1.9475271574293913
1.1490132956246002 1.929145506892962
1.168350445643168 1.8986251189532377
1.1539028211463658 1.94302740235744
1.1491792540547807 1.9342611148580557
1.1500130100916246 1.932850266605919
1.158939978781354 1.949289620173687
1.1699997408457197 1.9459571292662037
1.1499841988584474 1.932907131411735
1.1512683925384775 1.9375027035994985
1.1615172706774328 1.8921991086721281
1.1537622658803937 1.911067076809485
1.1520111550431105 1.9148346844681075
1.1530804813282156 1.9407080394480427
1.1578334368424892 1.8857721994312704
1.1610524805256273 1.895460087926371
1.1628512550481473 1.9534979397852832
1.162517697593865 1.9532088391498126
1.1616342130723858 1.8897451369127756
1.1586606263042611 1.8943607131741178
1.1595016122269604 1.947999502192466
1.1602541695231416 1.9489430095669478
1.164987891829395 1.8971467006811478
1.1527095236967082 1.9399880435433743
1.150153195799617 1.9200534898481414
1.1608662052610852 1.8916245421080946
1.149199046203892 1.9266132712717206
1.1684525501667657 1.9481749394601797
1.1703915292649447 1.9065441176884972
1.1633733953772258 1.8963728029222797
1.1609611489477452 1.888003125788135
1.1668821728581327 1.8970420504512733
1.1504041713825446 1.9200684814413418
1.1661612193555162 1.8970324130548104
1.168656554673239 1.9475598143465047
1.1496565939255796 1.92698938537164
1.1541088159400499 1.9120923316818774
1.1575495869620642 1.9065372430177563
1.150593878293472 1.9186675563579265
1.1592344438970121 1.9466370758867249
1.162801786384431 1.90200648291545
1.1618842518921602 1.88450968569885
1.1603942726021776 1.882339458698024
1.1505300032943286 1.919203092846408
1.150682935364768 1.9208763106386697
1.1614901298924882 1.88930723797018
1.1511070889134438 1.9292141546673416
1.1566655472344842 1.9081995508985388
1.166005880426379 1.9513630373999296
1.1509771386884988 1.9209002973671438
1.1660143367252953 1.8786591546157605
1.1669128756866016 1.895869594585244
1.1652734506779237 1.897233386665259
1.1606406511750094 1.8876238619883974
1.1653180306441422 1.9513167934642084
1.1622691062414976 1.889446255642343
1.1669667454672945 1.8990244300047727
1.1546000680458732 1.914227853005287
1.1599548871498973 1.8859508378914045
1.1701286191440552 1.8816983566354908
1.1518818893434333 1.9294854430946016
1.1677630210645258 1.8918161681704062
1.1638046248332152 1.8930843262991208
1.1634745285499148 1.8897374278801262
1.1673093128682939 1.889738640386506
1.153153703120244 1.9370541241268184
1.1693999031382298 1.903724136288329
1.1543562497628346 1.9138853634775819
1.1677685877911124 1.9030417488052602
1.159420561733224 1.8816112984395486
1.155499466459124 1.9133424151711345
1.1638492896904373 1.889612062819241
1.162860273426902 1.9485777689749109
1.159458011551854 1.9053841962237374
1.1547146503461205 1.9145364127422775
1.1550294901441063 1.9139168394808008
1.165547541707563 1.8909315396863655
1.1532632268843872 1.9351241418674237
1.16874361606838 1.8877674098852875
1.1635361770433994 1.8882526788619955
1.155141542070688 1.9125444124468114
1.1628884065841187 1.9030314965422908
1.1628884065841187 1.9030314965422908
1.1560382592232086 1.9403800507470068
1.169286497673073 1.9446802226583217
1.1526532161866379 1.9292682707296724
1.1701181215411576 1.940592233137867
1.1639532142101379 1.8894095523207959
1.1713456403779436 1.9212083461397305
1.1650314834085083 1.8918176960256434
1.1535993183164268 1.934795777804192
1.1659499121874533 1.8839409473903583
1.152718610534378 1.920015648750142
1.1638725912358443 1.8844145809355684
1.1708233995333188 1.916778245877733
1.1547846700845972 1.9156194730066982
1.1542552082107638 1.93463351827883
1.1522176085496123 1.9263557447674775
1.1691600412812506 1.9069985539171654
1.158648804728253 1.9433162023806783
1.1584818910604429 1.9104273487682186
1.1543149917012188 1.9346897493712758
1.1595153756349132 1.879178646246292
1.154768847094976 1.935148652245498
1.154193338588446 1.9318982658868324
1.15800307498404 1.9408104843508047
1.1540677502186418 1.9240501482130428
1.159642486412812 1.8799986973017493
1.1668248944413764 1.9462544668074742
1.1551701492787763 1.935584674462323
1.1551701492787763 1.935584674462323
1.1618150633560753 1.9091415559490035
1.1537332031752432 1.9256591319435055
1.1536662973585015 1.9193467987818398
1.1548510352742873 1.9319572058625996
1.167378354922594 1.9039379772366682
1.1552300756603064 1.9341369276333664
1.1644290696813362 1.8875100852287336
1.166394854194781 1.9460158314174643
1.1546206324051629 1.9274084043742756
1.161166982337209 1.9085495028437527
1.155510367215352 1.934159849931175
1.161994434207516 1.9067779961829316
1.1601747301981198 1.8798643249471823
1.1579994574937367 1.9120765956001424
1.1567203595347166 1.9335951750386509
1.170718018191194 1.923692543861066
1.1684477726196278 1.9071215109048674
1.1635317083060492 1.9043979133169082
1.1623818494891816 1.8806229345665986
1.168401302752721 1.8854527058889885
1.165096848331532 1.9458442874219197
1.1548011072168975 1.919297953014304
1.170476597683041 1.9291756530478334
1.15873085222634 1.9391561099413208
1.1664593082466066 1.9040564410168472
1.15583508537956 1.9298411909060595
1.1586100068897136 1.9140698850417155
1.1704942714674398 1.9234249461331674
1.1610282850943658 1.9081289846186198
1.1672332308441509 1.905079214547838
1.1572510323326846 1.9353232637668865
1.163329971181276 1.9066012902399574
1.1569111727514179 1.9175306195495148
1.156566874940111 1.9301441315990526
1.1570779379111056 1.934577979349397
1.162012285669758 1.9081774138641323
1.1655496169363908 1.9446393891169056
1.1566965210303495 1.9290070012867409
1.1702321934685074 1.9234365003487925
1.1576482421618746 1.9349860984021137
1.1589463436394736 1.9373149331135675
1.1694353954390977 1.91342959989304
1.1593677485320155 1.9163565807378178
1.158236894014269 1.9356856104272098
1.1699085825287603 1.9284026240422811
1.169892284390662 1.930253756709221
1.1677906355250895 1.9403280187603573
1.16434831694137 1.9427614379541691
1.158920159217384 1.9155736002821973
1.1590301932448395 1.9136834506367029
1.162628810593844 1.9071542098548369
1.1648365576502098 1.9423965182834735
1.1670948360870395 1.940783827969661
1.165816328622792 1.9102016822059606
1.1573454699006684 1.9311826723785908
1.1613712735580708 1.938865691111549
1.1588612082335243 1.9346415005720694
1.1697868592810319 1.928676816630937
1.1683529865361297 1.9373387597527298
1.1583258735952668 1.9284345495556452
1.1611637301853712 1.9399272185848002
1.1579928409288445 1.9299471122195753
1.1573387567352424 1.9186427534841075
1.1578671505741338 1.922301335507609
1.1615981968591436 1.911329307525091
1.1583931851549203 1.9233021146637799
1.1673280325859414 1.9110574589747913
1.1590806384825632 1.9302036030710839
1.158265426084197 1.9246719836784405
1.1601250210234704 1.934592132926124
1.16842137999699 1.934636817262351
1.1686162613289826 1.9339260115269927
1.1643997792570064 1.9110287759275981
1.168369197291829 1.9322585374401458
1.1619878595913962 1.9333213027365892
1.158755749456298 1.9207894206124685
1.1686834662279073 1.933962911404177
1.1590433487191663 1.918979050471008
1.15943391128795 1.9274186032697183
1.1675727057453493 1.9150140583858328
1.1596400530865127 1.9203757574847151
1.162790165005823 1.9125974288500618
1.169207866084505 1.9206472738217102
1.159555159701569 1.9212081332256508
1.159528542476025 1.9224208288186753
1.1593778438173976 1.9271617294436993
1.1600067850070575 1.9204406938884673
1.1601652216283975 1.9315498426251163
1.1603873969001888 1.927587701218674
1.1601027541035727 1.9275070919008015
1.1606791004365113 1.9234468128939204
1.166199129892273 1.9140472515594857
1.1681394179309905 1.9293845373786274
1.169001305026501 1.9250484193416724
1.1679738490871898 1.9319682270336844
1.1673886155111655 1.9355892789239022
1.1673260796171192 1.9364507997158014
1.1598987489148793 1.9195726881786714
1.160320616240205 1.9251207048078118
1.167367224892925 1.9349013056708073
1.162238885083333 1.935468724655247
1.1663978933516774 1.9146670039500733
1.1673076699265323 1.934888758291918
1.168546383826828 1.9254400431991343
1.1619058950862986 1.9317332642355474
1.1652044728586786 1.913933976664482
1.1617745701727682 1.9292561793148106
1.1688211849091412 1.9246015964596053
1.166258397208445 1.914931092665814
1.1618408139115233 1.9172913872488264
1.1607389866065922 1.9207619899997947
1.1671795728589867 1.9342072820427771
1.164350926996373 1.9328823651607676
1.1654679624289142 1.935084485971068
1.1670123007303428 1.9171362398104912
1.1669856616108343 1.9305104708884482
1.161395092761039 1.9230350593741794
1.1680650876599623 1.9245991244370986
1.162343255613881 1.927379676719681
1.162367925367173 1.9249646355501866
1.167172711057673 1.9308540195064432
1.1622072408763904 1.9198663115119468
1.1673895495803397 1.920085868642123
1.1664208180497246 1.930409296094198
1.162211931283212 1.9211440765878902
1.1627412872992418 1.9238094350136279
1.166131645735479 1.9315665570698632
1.1655634693584949 1.9281326918735793
1.1633880062557473 1.9236219149431846
1.1638551803786705 1.920531555103113
1.1631328526170188 1.9229206807586667
1.164577672278263 1.9237260655579953
1.1672279746648613 1.9230314140688467
1.1666426066364193 1.9219437235713293
1.1665668254551005 1.9237040751164292
1.1635790601649127 1.9195293671284228
1.1633546534907397 1.9268007807612784
1.165370494719801 1.91918434945412
