alpha mmin delta_m
13.708732652296451 1.0476372843110195 0.8547091996527864
6.694615103286374 1.0825717935982018 0.4297998099468259
12.100649133972343 1.072811044956417 0.61809900578617
5.368769245283643 0.9700384714220482 0.37804411821231887
8.63278702515583 0.9754444828614403 0.9193521360668621
9.47712405336318 1.0343580668251404 0.7281565543773485
8.029650149960103 1.081320507723837 0.1812080736178635
11.784622379559263 0.9806583503523574 0.7925724666073909
11.422570257406903 1.0566786701678605 0.6312240778627775
12.500863789051309 1.0098776653782358 0.9872530621766922
5.22450180163597 1.1214038921243246 0.23272652878317926
7.44471414608954 0.945297586318148 0.8101686495538614
11.460372500257453 1.067959206948472 0.4603464281767993
6.941888065530666 0.9293872069721985 0.6856564420643926
10.264974368461232 1.1368621749471133 0.17846673009871325
10.94979639408857 1.0804905280997192 0.3621368493079313
7.2200950546606855 1.0085502927451975 0.3539527386832451
10.684935133594468 1.0083160463300556 0.8735034724033797
8.517247489474531 0.9310454145355868 0.9625720393428613
10.346230155128714 1.112255410824932 0.3589415070924861
9.45860165880806 0.9341457885677622 0.8762854754304215
8.523582816635003 0.9362054956609912 0.7824218201417484
4.704885003250052 1.028818126687206 0.3238471488032993
8.710760693767572 0.9220026637689197 0.9571154548470778
12.16406312886362 1.0191370003853724 0.7933867879908831
7.357202999294575 1.1161532979437414 0.32256989927161944
8.927980284846535 0.946489153729768 0.9611427904320012
7.678790177190011 0.9792691858694853 0.7308678632286246
8.40190411817843 0.9301387261615068 0.8423328574375565
10.914489763597114 0.9934320337306264 0.7223280795041125
12.188549497980222 1.0016206096314044 0.8444108935344256
11.423525562559057 1.0420878246323353 0.6477690676334044
8.314380457043153 0.9395156414815324 0.7675805737246932
10.971108855956459 1.0917545875560177 0.36606924224020104
10.535327361091715 1.0551570144859326 0.42744594796022983
10.28358994040015 0.9759096430325497 0.748339699683235
4.632316508515322 1.0545287252854565 0.27469652162435587
4.3879810851502885 1.152268835560383 0.04559918200704202
9.139475593003915 0.9323360814393562 0.9101630949282449
6.063363139196241 1.0563688241476052 0.20297032735923046
7.348955236531653 0.975413229783699 0.6896085678723407
9.840327549759069 1.0094301923591114 0.5552930304251784
10.187075702293892 1.0009002320841132 0.6342226291876886
4.693203014919646 1.0667000546884735 0.26955502667493625
10.811621698590505 0.9627919486892372 0.89157964743569
6.028992175203742 0.9768849339551664 0.4363379928379033
10.253549758757769 0.9730606553132517 0.9695519586895909
10.749447065821354 1.0004508639889398 0.8624872360687493
11.64683266697812 1.0036111798597034 0.8303674779836412
8.933054203572558 0.9457053582117784 0.8268097133622173
8.12826342142839 1.0312810420551148 0.5976196251913017
11.000510255617034 0.9823973457542403 0.9827163439069447
7.391363324300112 1.0640737099692963 0.4670879133269098
8.233887824281194 0.9928447580811347 0.4895393922667905
9.636649423117714 0.9523760755973465 0.9704533768976554
7.172515149893696 0.9867944215815225 0.44372463009321506
7.5029364070939035 0.9772137857448782 0.687850695879641
5.695206151153739 0.9948507914629621 0.37671809639941706
7.928793432608899 0.9648228658222873 0.606874849657804
9.5359439174154 0.9449564427383472 0.9535984516804957
10.3247567076948 0.9696420345626915 0.9746496130110426
11.456160154267618 0.9853863161432739 0.8843750859728984
10.62621362663787 1.0606812233173535 0.5302742769019491
10.842303680048445 0.9820284682824113 0.8231087625726297
6.333218791951305 1.0939485118037326 0.12751389275025474
9.919782338889183 1.0095836483389526 0.758117242076863
6.181140220165528 0.9695991966831614 0.4921877836873034
10.970234054643345 1.0140123057482233 0.7080618546732486
9.050100522054457 1.044943481253563 0.5843629240161252
10.386409996632532 1.105057893812677 0.35110292936522086
10.181525412332052 1.0156474181120785 0.5872191140931483
5.650536935799874 1.0994992509245287 0.10764045407032057
10.186006669708988 1.0480062671206465 0.44735413353748116
7.916146059684742 1.1674167299240321 0.0276076390270096
4.808638059133761 1.125818867461443 0.0641182964737951
6.215202150863796 0.9734606877018369 0.5450023362188107
9.250652740394216 0.9568549312552441 0.8572359968589565
9.524455027749692 0.9894253230421802 0.8053349187826199
10.804749769109167 0.9758148550469036 0.9553856408305366
9.258503453912551 0.9814276836380792 0.8092336279407303
6.05632485646462 1.1611780727278427 0.11271977311343019
10.162178663500827 1.1092576990405194 0.33960927583658684
9.482198855107061 0.9650918672235058 0.800368801915479
6.715660127396342 1.1177546774901825 0.08617182141282616
10.720184625027947 0.9994790802665227 0.7844892596980282
10.457170554892713 0.9751435222208946 0.8589602523778487
9.302657465804236 0.9738898099607833 0.7217911837911812
7.755199130406838 0.9789065404399131 0.5342014845954538
10.423292879751099 1.0950197938615982 0.37687368032645335
7.140471465529636 0.9657566293876004 0.6192077704125576
10.314495000103722 0.9743910160586087 0.8878540809368677
5.00856487365356 1.0413210609033383 0.33461989088746974
10.574051865888993 1.0321262827479616 0.6117739930920342
5.229127568848982 1.1007039445814937 0.2577068900827398
9.402033254767678 1.0291227050241971 0.6429514349782496
9.373408435318597 1.03342665992584 0.6260340714057459
7.6041416973130875 0.9694632869100036 0.6715636751174374
8.743349902426221 1.1402116495809849 0.10899027168632487
9.46337031951358 0.9706354064143566 0.7758875489421406
10.446710291905587 1.0193415068443363 0.6930299566243574
7.59503653695176 0.9656220984752828 0.650115742918807
9.599520595770256 1.1155195020347752 0.20592091585183997
8.334364090972752 0.9722140288501004 0.72940994353477
7.440896566516525 1.003875177002142 0.40959922289558787
6.412852659081544 0.9981049937445995 0.3877279363572908
9.944563607955969 1.0364663815728148 0.6208025866552673
8.29482822960755 0.9839615668295156 0.5642219803635717
5.323459902980076 1.0245105315557819 0.39639930553507946
7.888960272834479 1.1131320434861178 0.1337708090226618
9.861164309469038 0.98387236531485 0.7617715058482124
4.867110124902096 1.0956395530059666 0.22659920308075757
5.337406974161885 1.1550961478976394 0.10954746604812866
4.923688994160427 1.0664758198135333 0.2806682967718573
5.56292945093878 1.046533084482356 0.38776341572382594
10.303232795016138 1.110842674990573 0.29934817785775375
7.922078696917186 0.970906475564663 0.6595992849566865
7.575146230237042 1.0885485035818998 0.181219088821785
6.710128604849986 1.0270804123530843 0.5055561583295834
8.51639186421547 1.0388758506883975 0.5678427196405538
9.90998793491448 1.123548734889225 0.27818465150588284
9.39521502148613 1.0319060670088147 0.45099038168653494
6.93743922064858 1.1620761178288894 0.11681760784797009
7.27940474614833 0.9728098383627161 0.5707624612522264
10.259099041309385 1.1034470626036685 0.33453171175604585
9.416322909662714 1.0463146631193034 0.5650822466974006
4.666664707127115 1.1323447751468068 0.11022658638687942
6.630082601232708 0.9968999348505784 0.4058955490403286
7.7044323759015025 0.9811157483458559 0.6462687289466865
9.895647021178986 1.0359058054255808 0.6025634135874145
10.127066408796281 1.0244037178264311 0.6194364635890788
9.701039971159632 1.0378727044212652 0.5950411370424838
7.166248082422836 1.0927609134486307 0.3661482503105807
9.231349550771778 1.06949777595359 0.4813843394142144
8.56148709294081 1.0029743655937091 0.5064205592380153
7.302645229980779 1.0238251452276448 0.5449862145549679
9.591858410650316 1.0533664152547966 0.5388854923785649
9.757930682510601 1.1188707470322372 0.29906779271738415
7.752332598286371 1.033184759559928 0.33869404174282863
6.358599928325143 0.9820250243761247 0.47814935909598194
9.902384879483503 1.0476102885924725 0.45245133908816615
9.245518280869765 1.0359464936130027 0.5900225514642217
6.994154194463707 0.9800405323586119 0.5739779116789155
6.057037781695454 1.0863250921688323 0.15133633042768638
4.723690013828014 1.1255344159000926 0.1297446851012272
5.5876416529912944 1.0206834192391476 0.3255864266518009
9.558100391989438 1.0108419005631653 0.6676851650949814
4.886934223974139 1.1176430797846097 0.09790458819822574
6.978322107722297 1.0702189545018361 0.21030354367764062
9.739305171746542 1.0328955871671432 0.5048327309087778
9.159910134393842 1.0660984424157594 0.31852556989620273
8.53952002168812 1.0731196519365251 0.2657061327528304
10.202197912465433 1.078060168885925 0.3941026652967773
7.410402483277718 1.013874892924805 0.38705104664915974
7.749470921986163 0.9897911216038449 0.5145231239968939
8.65485484648469 0.9962693660972515 0.660591562299745
8.696907906916381 1.1116842750685096 0.33257949092884637
9.341215207666194 1.0305584213797105 0.4715516219935047
6.654055538959586 1.0899936133926924 0.3507500746756642
8.92878956778753 1.0024217431749147 0.6546591389365187
6.522155335598205 1.1030288184163943 0.31196923491598044
6.165323372545723 1.0460149884769174 0.25571545130243384
5.547796707719041 1.0332895558904975 0.39179874706856577
9.518408387016583 1.1283489506027744 0.2583700356196363
9.154160686747367 1.0048960003029037 0.5990462359038974
4.748000477848077 1.135732813519009 0.0861003937900609
9.982392190718723 1.0520406552948094 0.48125224810076916
6.6458476727991265 1.026007547134625 0.32236682314863774
8.743790133070185 0.99504568352707 0.6140820926732499
6.4294223891089715 0.9861436586372928 0.4829939503172445
10.024295959571877 1.0611632606482881 0.44353249588772076
7.011745515958291 1.0209773389201484 0.35053845622291674
6.2544852580801304 1.0392896754923149 0.2763663924099469
9.021179789928054 1.046350963616558 0.5395413848860727
5.273869265808974 1.1307906303261719 0.17382881276299722
5.187966580745993 1.047454482361822 0.3194233490581408
7.25985651425127 1.159043058692596 0.12827810588446079
8.33341122012443 1.1556850224903696 0.08345747610448304
4.794939888893065 1.1450762732735302 0.0613882712619938
6.841441233480229 0.9865901094153986 0.53421904007031
8.643652291086063 1.1528117823924444 0.13922168841004903
6.02918063419067 1.0236080631292082 0.3212623305352436
5.856364235169222 1.0660354068334317 0.20374606840762563
7.3883725608835356 0.9893585669818137 0.5747095063609361
7.818683605025328 0.988641093743374 0.5623448304867517
7.054361449050255 0.9988282577307581 0.4352983274323641
9.963012067619546 1.0652762546589725 0.4391587824708608
6.544209438444616 0.9985417040642518 0.5120377624167451
9.549109352042517 1.0293356021138549 0.5406793276349311
5.740668281466075 1.1449424238745798 0.15491598234312765
6.650020748890265 0.9943281914811894 0.5177370367308096
7.618502778882908 1.1386071888375124 0.22561779518346745
8.042639157331863 1.0645870114976514 0.4585817283721047
5.167375887702004 1.0677151625800443 0.2192701205017262
8.950737590382017 1.0284057003529747 0.5781440491197812
6.770654030636139 1.0813405792578321 0.18382392183286708
5.351855624755604 1.046060387578794 0.3415696756772938
8.522317314128664 0.9998361437981548 0.595189009434774
5.922311609091526 1.0961907298402402 0.13484437410670952
7.525095542599381 0.9897105799455713 0.5510328525363353
9.101015571882773 1.0216654164021324 0.5136930743940661
8.018037339355363 1.161119626213233 0.08103994670897587
5.220885255863884 1.1513626626911762 0.10253199920103008
5.743612418179682 1.0105846914354275 0.3969560938469986
5.5086350540604805 1.101752027866841 0.2567130629294636
5.533185575789 1.105479622048367 0.2496693689092063
7.860672175341646 1.042765919091497 0.32792437857430545
7.430922781365188 1.003928132729887 0.5593395655115497
7.326958844231955 0.9918331960225347 0.507700662386048
9.947953693175997 1.0958268874482866 0.32645279760326595
7.375631274516815 0.9944345749733815 0.49263460426034383
8.942825777345563 1.0152180965562048 0.5827608074438184
9.240731856357153 1.0295253786256664 0.4997397166764657
6.56106720935175 0.9941077060263607 0.480699213858536
8.710879298136923 1.0108720974593615 0.5820818904511356
5.219219827383794 1.0533266918328534 0.29163289110569707
9.890461447303304 1.0870311066886824 0.36582203900555377
9.65839353988059 1.0531497126926264 0.45649143184228846
7.173870619084333 1.0340937291206609 0.492327572995324
8.058209904790894 1.0457251828802288 0.3313593140977292
9.149839777283951 1.0257484735537132 0.5493864114121448
7.119041579985762 1.048386839697162 0.2832267533079199
7.9893031631630596 1.0557331040429967 0.29882757964885914
7.159625047991101 1.0118503927099736 0.4004493674145333
4.887213795125536 1.1318803306276166 0.1096771505026402
9.242199622180735 1.03285232657749 0.5381976443963552
7.058095849863696 0.9933388119993961 0.5055666334656732
9.005626272125781 1.0212723900018281 0.5516905460386959
6.949005863601231 1.1659035069169963 0.07432035882412107
6.064553689015121 1.1647753293016023 0.07358980542802801
8.430302630448372 1.0501110373145162 0.4989475240749157
6.187128321905643 1.0073202688121345 0.4552988629645397
6.51106920283541 1.021014009652457 0.4723869552677109
6.149628177282992 1.0718489742372435 0.19962750544642846
9.802955866437031 1.0950510422955588 0.3443680052696989
8.603495735737681 1.015960199847176 0.5686498953293315
7.966589497251221 1.0093151683755777 0.5643480184245292
6.014070143989116 1.0395900680202848 0.4079538401921326
9.601693726012202 1.1172025862209323 0.24171758109944624
5.9276739324945815 1.0823306688907053 0.3224663116656594
6.231856880868769 1.008900290984192 0.3922687502153511
9.588272870148625 1.0689502911332762 0.37250775062174646
8.868471290057261 1.1442294296023336 0.16969610799185353
9.363622682277793 1.0449706283652174 0.45386625257873114
6.8534207633324655 1.1637325596909158 0.08860360103023847
9.727814618263087 1.073000357664294 0.40321000491048953
8.366294515014426 1.1044802733710797 0.340535597712552
7.819118132116353 1.1511543561378477 0.06934717013909861
7.93330741947211 1.061209410748143 0.4537836541601744
9.175827996985413 1.0906327502259228 0.2694307102358454
5.565707570037874 1.0310537420903674 0.3505456555632447
6.189554737111141 1.0057541483060868 0.42819399192514496
8.416615464868917 1.0285244974216012 0.4235356880354217
8.446728605450518 1.0217091456070775 0.4605793097020863
8.461444523016432 1.0915872276702951 0.22820276659846558
7.758952688942136 1.0101412957200293 0.4558069933779695
6.342818517650198 1.0420057944693197 0.2852891341476816
9.212894121742522 1.090755856240511 0.2729385379504306
5.9310831438465215 1.0162978118855317 0.3773127813778458
8.530477192952025 1.0217159191526202 0.4717858393870016
6.527051629881736 1.029077321168616 0.32768695981497054
9.50838909020595 1.078101674077434 0.3355898324536653
5.0189319133561625 1.152542716591543 0.03900317526356467
7.666202102216488 1.036371674528888 0.3470323527328193
8.550308914189056 1.0175841360812545 0.5420510117130558
7.1367342323243275 1.0680444369289093 0.23621145897934642
8.585465567557286 1.019217786318813 0.5096300170189341
4.9859158111588755 1.1434132131988686 0.08260000485262525
6.380294029977163 1.0051241348353759 0.4361991824894443
8.879199304530495 1.0503780492179542 0.3793232842456605
9.440727460514015 1.0971729076626613 0.34999630246009655
6.429095433797006 1.0102971914338594 0.4609982463749312
8.63093426556171 1.0304090663293128 0.5305499790852726
5.666915564288466 1.0518422522061972 0.3517166061112181
5.0205971417013355 1.1388288347293023 0.1044006870580411
9.409436488931606 1.1142398974230145 0.23627530522518675
7.6658245652442645 1.0448848829720787 0.47875869459796455
8.02820496944921 1.0261641516308873 0.527411074174908
8.046605372400583 1.0529074680868133 0.47177518818373
5.023736183091772 1.1438465081248275 0.08744729653172813
9.315813202009902 1.0584997898636697 0.39699428838692286
6.404054044090078 1.0962128126713315 0.3109266689678931
8.962354508825342 1.1333344123940283 0.16957855506560882
7.465978870436288 1.012723661228341 0.4304904670536998
5.883061264169397 1.0235443780737579 0.3580552027556993
5.028247428010133 1.1148753981057935 0.14277223936248298
6.471673687072043 1.048282740043652 0.274079121066235
6.5815275941218125 1.0053155846317183 0.4406770238199861
8.312053048280346 1.1493413696215706 0.10703511996196403
5.32746537645097 1.0948169119314248 0.15966469451030796
9.049120326420901 1.0601456614221396 0.45837088770542705
8.020149012996503 1.118409740805607 0.14788393369007785
6.004712650612227 1.029154126492056 0.40645417166233994
9.452763313113637 1.0822430386849573 0.3859623452026564
5.434617977177158 1.122699981242468 0.18846629256376152
5.694550335389241 1.0686402891166948 0.3238389033209097
6.9860059520212285 1.0151821729618746 0.49052934774589285
5.465550048861125 1.0496229069907954 0.30035587688262605
9.399753331214525 1.0759205595515327 0.40346658722850687
5.745724442598579 1.0571460374452477 0.24841624734198947
8.576127963239506 1.1115146210299822 0.31263542445645776
6.15776994089846 1.0140451259502394 0.4060430122726735
9.187409864836964 1.0921032672272972 0.36674406212286204
7.490334648795082 1.0681516453340716 0.25247403520612094
6.408199876826314 1.0118680519169023 0.40415246298346114
6.941207956289089 1.065323139505153 0.4017303561392982
5.515068073793463 1.1490920673041474 0.11534839096565534
6.877399182806576 1.0183359181207343 0.383545234771451
7.219424109386058 1.1109673648945502 0.13782064202455294
7.00791801328721 1.0217718755277256 0.4831266890960898
8.900438614281214 1.0645175716395285 0.4453933547920335
6.67707874645202 1.0856632244056656 0.3443482688211234
7.565117570322226 1.1466421446260864 0.07333419104078318
8.179470413615617 1.0761581920522887 0.4103298952813266
5.764104389601526 1.081186368522712 0.30404842038013147
7.267232131135136 1.097086484307743 0.33532541479822137
5.588862636584031 1.067876957363358 0.2249009685291676
6.1697306375887955 1.077770137847663 0.3368461522176101
7.526074630702373 1.1569761571034713 0.0570939474371497
6.1163142696849775 1.08313301436558 0.3224643093938353
7.692953862036342 1.0107384160215946 0.49292073268186065
8.77203881579556 1.0416014552806263 0.4215741685770927
8.062015472231387 1.0194697298643074 0.46078425382713145
5.323045859788726 1.072112818560304 0.26182985308130124
6.09363250337784 1.027975227624194 0.4083159745423568
5.487226768195406 1.075350158248498 0.28645686834328254
8.620358801677645 1.0626854606514924 0.44760092987029165
6.674929414254645 1.04853175385487 0.42052345931728063
6.670739759659373 1.1312045425918447 0.22051164741005133
5.673622940185389 1.0816381357818654 0.29405599100020047
8.80397106071186 1.0470288083284232 0.4793440816866521
5.466301588929872 1.1593503321156935 0.01014610405738609
9.397094699266178 1.1068145038026356 0.3046036929427218
5.529998236506019 1.157170614786188 0.014210041098628244
5.4804149761503105 1.0665467355193632 0.23872021625563658
9.35636518359651 1.1156443117879886 0.27229226834172593
8.670820230266255 1.0390306323598764 0.4275615276612732
6.861258235573114 1.020325673774183 0.46962464155307004
9.09446575593906 1.052071994945645 0.4302705092327461
7.248749952503456 1.027897858502679 0.48087961141127666
7.2227891035287755 1.0150785507048072 0.4216743591842266
6.555816016642119 1.0124955937602662 0.41782858631172104
8.529913380954845 1.0303902426342384 0.48074404174064256
8.492196710163672 1.0389151427961238 0.41036992556040913
6.333528719708603 1.0738992465242982 0.35089386875341044
8.756925366457335 1.109138434769816 0.3138162631150685
7.19327589249855 1.0151727558540444 0.4840843452675984
7.519212635670032 1.0285015467508138 0.3816579993522637
7.5856263283958985 1.0629294217962837 0.4247845240928796
7.118182990830821 1.0805072781692588 0.36893266303365857
5.770241651592938 1.0415010257511528 0.3540250132568367
8.088255341754062 1.1506321631813121 0.101039261299083
7.035080125845202 1.0818522537392217 0.20578720514498675
8.768069497910588 1.0503217648684189 0.39067242151141973
8.702587707605854 1.0787426831034703 0.4010093770602131
5.6743418453335845 1.0510744735490363 0.33349983413358314
6.314558952086756 1.0518544005903219 0.2704241813174958
7.004888638663498 1.0458457111036765 0.4370781454993957
7.987388923099445 1.052113245818331 0.45791217834909126
5.695095315312781 1.14932888983503 0.11884922931107783
6.736133120479945 1.0322462769919345 0.44419780089079275
6.138212520711615 1.0807938882304993 0.3241547207633886
8.365914001396797 1.1443046119370832 0.17200039667167516
6.7480662233356785 1.0456752753080591 0.4244221049967413
8.301818802424197 1.1200710202731883 0.16285243922935752
8.84966820886349 1.1356355467070878 0.18301236985487127
6.385074385298884 1.0976240229680463 0.2992552362370031
6.062867091666419 1.0747629041411066 0.20640654584686186
8.728838941048478 1.0677719986106913 0.3233966028725015
8.05868780993442 1.0240721017960996 0.49286430066807924
7.66311264910961 1.1095342882430699 0.1602002416620518
6.602872103224657 1.04370475357247 0.3000446649909036
8.022966846744064 1.077223248241411 0.25684348346170915
5.754143583336711 1.1403852209808325 0.1519078026835357
8.682458333397133 1.1140689667857089 0.2957487153607568
9.126845712716383 1.1239974686492613 0.238952493649741
8.002249066223476 1.0317431930381735 0.40587503891274807
6.844877214840354 1.0153890087257391 0.4521879114462628
7.206966488595743 1.0418318774652953 0.3254161595500162
7.719505871467041 1.0267255369804804 0.4078444477843184
6.5903830408915205 1.018628653768301 0.39566408548975207
8.13662739528473 1.140656894197889 0.19622507232150538
8.992199974411019 1.0875658863679738 0.36958096823586084
9.32120789834935 1.0817493234165294 0.3596292456186189
7.994279176240507 1.1463513105876273 0.1006415876491914
7.401506821426169 1.0389854365610796 0.34350500401262096
6.487494338308428 1.0697315442891466 0.3634575688032423
5.684238751665362 1.062066083551732 0.2514622182891747
7.160663372217117 1.031046842162993 0.360879061535319
9.178637138322658 1.12028083165771 0.2460615258426953
8.69201202582347 1.0506155505828063 0.38987036700455396
8.56854150737426 1.0466778246650303 0.46451047996830264
7.457851846274783 1.0843048192321507 0.3660747262550045
5.403651880841203 1.0976250197005493 0.22571320617791243
9.227345084588721 1.0767357566379632 0.3768231078067177
8.667804596507597 1.1113371515399677 0.2058756118435201
8.214549013066618 1.0448937187716045 0.3716763299615171
7.246860630173565 1.0253953140323246 0.4689205969796265
6.122296612711359 1.0327861787746868 0.34296108680178766
7.609458101163874 1.0935258463551596 0.3452166478625601
8.38028270534331 1.0625148301869958 0.4333153071859748
7.629825776443532 1.065108173275458 0.41480198692521336
5.511563369540417 1.1515277387167218 0.034598413399206634
6.114147571015458 1.060650164788639 0.35591410402555784
6.167601210106136 1.0509453468686756 0.37462356325766794
7.855981913430698 1.154460323102361 0.10521044960858392
8.83789706284569 1.0641724162469364 0.4234985741871362
5.939746796518092 1.153756290763255 0.10766757867354865
6.641250004543979 1.1597839404608938 0.09358413147905993
7.2354428272238565 1.066646083378563 0.2573294434776522
6.392324362551783 1.1097252904859507 0.12913632740877357
8.159262251681518 1.1409954562091569 0.18999326156489293
7.074600568592379 1.162540250190874 0.06630644730630586
8.177132958331299 1.0459250682846108 0.36836478709339576
7.016910398275302 1.1067139277798541 0.1498732061067486
6.976401019911261 1.052983196692517 0.28833597119721943
7.2710454607858 1.0466637697148098 0.4383043345734471
6.2330231000648215 1.065114811464259 0.23918588951324535
6.642823653798612 1.1416094098722942 0.06430082253161974
7.5238112245021185 1.021122591967214 0.4445910872811405
8.02115949549311 1.029059656594361 0.463344731982954
6.907043981904296 1.09263834765613 0.1808111523660616
6.715432849648604 1.0203013895049335 0.42656648440205347
9.26461071632104 1.1026925976135966 0.28678390413882826
5.405993128581084 1.0999816815952268 0.21511185228840335
8.994919276861228 1.1241094117997752 0.21896607170349103
6.3318912676737344 1.1013228186013417 0.2828712070647367
6.202633507936467 1.065232056885779 0.3512701882598408
7.702830725184516 1.0306074745480687 0.4709597156000156
8.181331294515921 1.1034676057386814 0.20177369281695226
5.395991056219952 1.1554517219983866 0.05526449749911478
7.7801087797801625 1.0253705016949426 0.44626497249394736
7.912902464971614 1.1128421096024705 0.29354270872020183
8.382446944349356 1.0681481908548018 0.41584727879986527
7.095827314526595 1.0734957533685368 0.37656283909101756
6.131008030988845 1.033781255817099 0.3492430200870649
7.822531537566379 1.0443427500538047 0.4564533348979991
5.465260969542678 1.0895141990302721 0.191517055514791
7.424950751167215 1.1515985006301626 0.07075659479696607
7.734957158347179 1.1512108509559764 0.08846782891215253
6.58547002959067 1.1420929539863676 0.17185800724879982
8.53062154340278 1.1308079840645768 0.22657935797887296
7.085611526421163 1.0777050950046976 0.36599848586521144
6.826797110150153 1.0998621381940608 0.30492057654435556
6.738909939339772 1.037995523983674 0.3315744474046181
7.381212284219513 1.1582386837479872 0.06809723813605532
5.785939109481461 1.0953670948592593 0.16381776809641838
8.450652174167683 1.0675080146421436 0.41523248784618416
9.15921425360498 1.0830743464036472 0.33691266795504293
6.714807169169301 1.0488226835952503 0.40591931105085954
8.96315348587215 1.0907847598969282 0.3489601066616395
8.937919799513939 1.1228104130062193 0.21699606861977302
6.278602387210125 1.128344307358496 0.20651231802125997
7.693097874469988 1.0894326508153487 0.21740924795883704
7.323105394597565 1.0228542686966415 0.44637675415911376
5.397461896180934 1.1457632359797552 0.06444863749815645
5.363581957313137 1.0989659104756497 0.18367208287064518
7.225287492339053 1.123005954837541 0.25072089316717344
6.066027069456027 1.053215321809414 0.27997994018604005
6.816285587473722 1.156073944010682 0.04328396775610335
5.426662873077992 1.0933078107122225 0.21976914637423273
5.927246174937215 1.16418852621947 0.04237933313915374
6.1675195954794635 1.0807636463229047 0.31619526292625916
7.626213780893973 1.1289620753118617 0.12241191922280224
7.428269793895577 1.049143656642838 0.32150940322340915
7.584131678689371 1.0702389307073839 0.26556711673727157
9.167933937889229 1.0988259582857736 0.30400874127631666
7.261908212487459 1.02977520893392 0.3867243103819137
8.551918646387742 1.0493331181321233 0.41669168353880925
8.13377180036914 1.0612828017313518 0.42339767496234215
5.70428912627885 1.1101884436866114 0.1322167771182502
6.094360856675076 1.038948763903199 0.3414952695978418
5.716459117545707 1.1525100969971618 0.09554247069790735
5.612031316439982 1.1533986739026425 0.08417066551816224
7.908578070913174 1.032691358692675 0.4487325483837535
6.424944176380196 1.0345974476000643 0.398108829259426
7.377044833604984 1.0636951922025966 0.2766033942233279
8.883087552754589 1.101340397577914 0.3181740444738098
7.434100492241679 1.0915929295123867 0.3400323042534523
8.047968533142045 1.1391074540152086 0.19350393089274798
7.661250851700341 1.038119658907541 0.4517746603986127
8.845246002890914 1.0663359978131741 0.3674733047607003
6.414623567479371 1.0339117176260526 0.35181329855504767
8.565322681285764 1.0527077798344826 0.42288866710716494
6.7999516696729625 1.0250128932172695 0.412053237202091
7.602822810374391 1.0889991511850137 0.2171587357987533
7.752687783010341 1.0448223684361297 0.3548451166211704
7.462433569390615 1.0972769296522826 0.19090532588393525
6.779903353913209 1.1427921155633545 0.1706579893500432
7.623704726178445 1.152692571435368 0.08751072449401535
8.236973674921044 1.1437380435833937 0.14094700073135416
8.642646561437463 1.078411625594612 0.30091521709551544
8.869424565229929 1.0669838101353548 0.37575115686423266
7.697558513203639 1.0354414060420205 0.45111271277466275
7.098434786726216 1.076148654225414 0.36574983608478867
8.119622317778056 1.0777092058852724 0.2716183958629189
8.487557714781909 1.0585788127256668 0.3583395113405768
5.391541497140123 1.1026316112212715 0.18142097965436896
5.808384649085625 1.0807866449643517 0.20736410277704787
7.246520734068772 1.092532120329006 0.33191179584649394
8.06478996393846 1.0374794514350536 0.43424438329215725
7.739508200691965 1.0588424468644244 0.4194593235194757
7.774586629472191 1.1356243172393858 0.209333642176002
8.833150849302918 1.082771372940209 0.36508589980373435
6.2857521420577065 1.0599145912497332 0.2632814402499191
7.395557888289238 1.0284192439446849 0.41329977146592894
9.038695221450755 1.1039412998876827 0.26923470609770833
6.3238427358255525 1.0959962945996278 0.28907306847367054
6.281387470117778 1.0619243941297314 0.2575495051959832
7.20233181978741 1.1525123241992055 0.06597785366072477
6.003291696833195 1.0458754509361279 0.32937913486674164
6.747066315205107 1.0760822048712868 0.35154124530910885
6.409667776146177 1.0823274856331448 0.20240168226826957
6.053957906928174 1.0460577532078963 0.31821568832427216
8.172863352870609 1.0447402035392375 0.4394097129249863
6.02231046154313 1.0821876117129852 0.20135837573225768
7.303820607563905 1.037407132570912 0.4383130624626734
5.730710080456685 1.1554009608449514 0.03418078721499153
7.685512213063745 1.0319244068252778 0.4389297801516245
6.8034026228021105 1.0700203604062284 0.3658476303670682
8.023810165270072 1.1457737487518138 0.15093239124397548
5.743007158866169 1.063703733174849 0.2852702100574583
7.416316607520926 1.0429351903170236 0.34780919806326993
6.307968737545597 1.1465107355263409 0.14212185497072224
6.042526437095628 1.05394699378701 0.2884368549815082
8.291876692300981 1.1371347577310036 0.191951907841173
6.663407189306994 1.126914580739788 0.22018807903590112
7.507838688746036 1.06854884312586 0.39198787401392327
7.360970419775484 1.0537346572053663 0.3096625788846176
7.326830760324238 1.0324983250986903 0.3882492968052551
8.996576688815539 1.1105946432809102 0.2587084565645804
6.51994000198315 1.0319504589753814 0.3892839645774479
8.317092953357315 1.05334251132988 0.3705278353791297
7.032972094218067 1.0451362346107254 0.32589132178174723
6.083258849584238 1.1257828754813832 0.09770500711265616
6.2387384932514465 1.061673162619159 0.2607140710254395
8.953461195122566 1.1044853026248773 0.2967552385489824
7.717164548683128 1.0769751247935866 0.25717818442374923
7.442679250623243 1.1451006604856295 0.165146887957175
6.370307396349922 1.0356467688970739 0.37414494477584265
7.4172459446992605 1.084304962299286 0.22547713206525707
6.227654829639256 1.0403905242551108 0.36228314535672707
6.808143037094943 1.101753549407935 0.16325095006255877
7.517165767024606 1.0807460502787372 0.36417431617319723
7.165261007358424 1.0327914373183675 0.4302412664107034
6.693936970346384 1.0936770730469976 0.1804790029727605
8.4906457653237 1.0652336826476196 0.33930034147769333
5.452638866227078 1.1464877158384814 0.0770073984909354
5.8633745430608055 1.0966268967112427 0.2561942082010834
7.097345529938455 1.03495788584885 0.36800042442446596
6.81262560565022 1.0671200581246465 0.25341675177690753
8.241866359137344 1.136643628907414 0.14585059358733948
7.412402686105912 1.0633676597997497 0.3985342171649768
8.412417823699302 1.0522367638682384 0.3955544519818742
6.709797041654779 1.1578263983056443 0.045426704077686106
7.8901953848340955 1.0716375749648206 0.39129319564120857
7.737088187375001 1.1318764657860891 0.12562319207935846
6.207715932311727 1.1629764471619792 0.0456374078001303
5.957880775015491 1.0916605228359104 0.27327592550493085
5.440609514254863 1.1441133719467844 0.08573752316498623
7.268591229776966 1.0502578017491722 0.4167713255976462
5.807830315307271 1.1624056278461388 0.020522009641269344
7.671369194918151 1.088598644065761 0.347646258205962
7.7088462521539505 1.0683035773804654 0.28293312405176896
6.667184972542321 1.1503131672985731 0.13305497062520505
6.234451505121644 1.162792122629241 0.04379230185921119
8.354867651273093 1.0610828398946084 0.34601401778970264
8.048420970432495 1.0521364546316347 0.42585863847795913
7.858032112600839 1.080218470345573 0.25649276913835223
7.205260733965501 1.0966163441107712 0.18808885207158557
7.89132766629867 1.0586758893064678 0.41491272301659476
8.872061718868558 1.1154337776744525 0.2449151389676535
6.024700552001011 1.0617645624993752 0.32646156537478005
7.463199948605578 1.153602912936631 0.110876084444626
7.438323097501353 1.0716625328404548 0.3800715727241146
7.235092184507479 1.0357285677269215 0.42541162398999277
8.903249416129523 1.0842166644329356 0.3382486795576852
6.9889065883894865 1.1241452324187473 0.2351626381103489
7.538599454662657 1.0415946144177524 0.3667384994633747
6.050531370615278 1.1598761350062867 0.028651436579666185
6.292326416933884 1.1108009395231122 0.24771032047674338
5.6182996273439745 1.1067428215222077 0.2087293130605967
7.541358256644095 1.1430463522815675 0.17166982438030795
5.943103719012003 1.074318450281073 0.23164202150905952
8.474481426539633 1.1321812743374369 0.18235591020176067
5.543962366429387 1.1444037034797896 0.10052485731232196
5.746898508648679 1.1102390094426926 0.14085467448777542
6.97864109812474 1.084896167096121 0.21275716252913293
5.550753553986432 1.1474173651709387 0.07193694918735738
7.380480531294802 1.1506584680072593 0.08307025827667931
6.461171096509155 1.0598177580697896 0.36045865878518063
8.466069276902651 1.0691421448077618 0.3891354093807117
8.375935808002492 1.0875343933429134 0.35194631318579034
7.739568389190303 1.1493420994660344 0.11214464032058459
7.837427724719541 1.125698679656699 0.24061105943455838
8.92468803329929 1.0974992254065739 0.2921121687918946
5.79039565898168 1.0960859620152905 0.2454459047839073
6.759394734812327 1.1270952776871472 0.21836927271730136
6.449010411547405 1.073268817830267 0.33614984007175575
8.679614204982053 1.081750097202276 0.35702327877935924
8.14649809142666 1.0905148403873635 0.34423493614151485
8.145623433670794 1.0650683460440742 0.32105264326854016
6.813204327369466 1.1537486852167285 0.11448509998937968
7.026572716880976 1.1363812572294798 0.19315434939195594
8.07408571237176 1.0663314191429674 0.39765015560840655
7.133310244294213 1.1460695479854717 0.07931582104386134
8.399836180895335 1.0834366920251386 0.2806443785724935
6.9615849792399125 1.0664765595744807 0.37221385305756827
8.528576993746668 1.093946090562375 0.26013625962959114
7.661397815129472 1.1376676253000553 0.11527237988201859
6.747222724691827 1.0905149347559346 0.19360890959285507
6.507241398098516 1.0515585989738954 0.3720477882961681
8.123655709884664 1.0552168934525152 0.4121092088388224
6.5126762220759655 1.0663160173324324 0.25561428432433264
6.39888869894277 1.076035844808022 0.3273809392213114
7.843788707061945 1.1204145652204278 0.25735543453953247
6.194696909381667 1.0696702705828642 0.324682917236807
5.794668954664878 1.1552108721916146 0.07013635954591428
6.7048397549849295 1.071722014548292 0.3503716843799598
5.814915668499959 1.113697438117621 0.20779648981225468
7.316209152684824 1.1360131961188753 0.1974890667515391
5.95936429685575 1.1505898487423294 0.052888525172435585
6.639880717123308 1.0538360194341003 0.29717182163625294
5.6895440764428535 1.1529924047350864 0.0674731488316297
7.620922733008019 1.107348285775434 0.29366660379998405
8.771073391340273 1.080579699728925 0.33878028591538006
7.706853969701767 1.0657204263115223 0.29632208708691077
8.434679286335225 1.094425465391238 0.3308294320084844
6.756721442445816 1.0801687401099782 0.3353510133182315
8.11553038979447 1.0698938282312467 0.387873799362493
6.3545508709855305 1.117754763502518 0.2289018730704954
7.654592842190047 1.1467647766912665 0.10583750192378577
7.201589618521442 1.15544594858923 0.08639022310682377
6.868097101349992 1.137657105492888 0.08908227861700949
5.794881996081999 1.117129926726492 0.12671504224668553
6.330968043432669 1.0566365953194847 0.2877382425413008
8.109960730219937 1.0783122841421515 0.37025748427288163
6.192862570150043 1.0507324588488056 0.33695228598695837
8.185483425009329 1.098351318431323 0.3214868331449003
8.679356968423223 1.1120675027943774 0.23321407734938693
6.79096406481694 1.0400055133118347 0.3924807325097331
8.375599453997818 1.059590607707103 0.3789951743597395
6.4793788116235635 1.1024586020906968 0.16088365907819477
8.124710453604674 1.1389212006356961 0.17062471264267615
6.98193627081038 1.0363235826516008 0.39502998458594163
5.8675812425411635 1.0701523240677093 0.2633761837486455
6.35117559556411 1.0880045772646936 0.1958391549805747
6.846550315905837 1.0370941382867531 0.3892481362901586
7.8620104835217965 1.0465879404926233 0.4127889663439517
7.2859123579910765 1.0663409474760128 0.38076921335020264
6.061438438361563 1.1402126750451766 0.07357879788552346
6.88010216975619 1.1576950162888195 0.06461427659971714
8.0701852221283 1.0503648107885821 0.38941616587839145
8.035337124520975 1.0965668698643416 0.3252733505139718
8.397329500466 1.0835907474193518 0.3556788849978007
7.707190484973797 1.0534827005219762 0.4102922838677232
7.433563107154232 1.151985285679166 0.09641678430280441
6.88771304346432 1.0737751524958163 0.24417755083282888
8.136248790431864 1.0681651722910386 0.3149186875446236
7.592303727270082 1.0720054624336046 0.3764251067869937
7.688163291045235 1.0449814682309353 0.4132797114301107
5.9432062034937285 1.0695880919474419 0.29424514623056985
5.585562296168435 1.104161077650532 0.17848374536360084
7.385000505344969 1.058593382459444 0.39600352540449274
6.272615053432055 1.0780553562619053 0.31274077475357837
6.8023962756396745 1.0567420080011716 0.29350976461588957
5.977195496590074 1.1000205109935137 0.16702111543696305
7.0083396909658795 1.0692000612027426 0.26124539791646023
7.831062049539824 1.1395486015375462 0.125202232738364
8.370061391531332 1.0821155237376752 0.35715267755544483
8.720514641162243 1.0926183940581002 0.28821278697104974
6.951256871704452 1.1555294950249493 0.09582809903142946
6.3654809206767915 1.115356023086001 0.13066192595557458
8.336114939720394 1.1320966822822711 0.18434626141880558
5.99568878466089 1.127019109527078 0.1828318497144572
7.717330185528869 1.1035351930742046 0.30274583163402985
6.222979510968594 1.1109942836584494 0.23771720480212125
5.719526816630376 1.090542538639684 0.2079611443333123
5.776764210447057 1.1525469411156877 0.07379159006002295
7.176228581258508 1.0538061470642206 0.39478381686718056
5.592784261826242 1.1409130136404495 0.09476801747320378
6.453263400919658 1.1155383684854479 0.23673848884878063
7.899038145954513 1.1116027093627525 0.28125650297408494
6.0533587944414045 1.0864368273624982 0.20342506482405454
7.072283609332429 1.0642520444086714 0.37471111162590764
6.050494079443951 1.0894604240421502 0.1952599376239002
7.610636750041991 1.068571554248125 0.3810703663613566
8.089788784189054 1.1163255576532876 0.266452063213569
8.104872563163989 1.0652727768819414 0.3261786899500128
8.290768245394304 1.080229688470208 0.29000212727252667
7.860686787336812 1.0897800266432482 0.33848948214151275
7.257062683878996 1.0730519705019006 0.2598423287499885
7.550872725729619 1.1494260672639627 0.1220947777897583
6.112997315981627 1.069829818180517 0.3104667732334828
8.5637209762832 1.0774828805398498 0.3545951888069237
6.181376628185863 1.1554449977256578 0.05133505676650835
8.655860372601653 1.0900981270245715 0.3270141286393093
7.878190708409562 1.067723667183782 0.30384972676155897
5.7709761370517025 1.1320678253763965 0.09774278615074322
7.756213781174811 1.0747786386446172 0.37041730474449513
6.227396809071925 1.0596914300581877 0.28666386829843116
7.392849326053149 1.0831512987789607 0.23712623872739633
6.6270941522390405 1.133903388574511 0.18747577634306828
5.7611364586908955 1.1343337659368447 0.14442313763885875
8.322916743367337 1.1126586437505166 0.27506351801078965
6.22949410054057 1.0535378784428349 0.3219432688693274
6.8794401351034935 1.0408858865473247 0.38296562131712003
6.968797780446565 1.065091383309289 0.36802176227704464
6.099190913289053 1.0601463005493663 0.3074520304475207
7.516782664149275 1.1465667191107443 0.1431241839857839
8.396078380848513 1.074920839326655 0.31753895996029236
7.290913453604574 1.1493247503874473 0.08915442400818734
7.370713675044737 1.0496106123939803 0.40169304640532927
6.673041986149656 1.152777342579669 0.06187409684975618
6.183499708182067 1.0577519708365102 0.3009064914815163
6.992854076001899 1.058387854789889 0.2969647009171929
6.666367497695424 1.0520411249287063 0.3706022567743606
5.70925384238274 1.1044032678634963 0.20731548945698425
6.814133855353344 1.043337741462385 0.3528202369185388
6.336848951239224 1.0609168998497391 0.28195507673057835
6.007376665189835 1.072322638248865 0.2907832350406638
6.077888892704376 1.0670222914673881 0.27039082849340207
6.996026055280179 1.1494080850994015 0.07672928909571324
7.788007693861701 1.1430370708142095 0.15237615078232558
6.201160395298309 1.1453721230975373 0.06815849357019933
7.290929761058949 1.059401035160991 0.386152172209202
6.819085011545708 1.043702578049786 0.35444828692640007
5.80003554349892 1.1502379360830128 0.07935535116790766
6.354930534216271 1.0610732555875804 0.3376304422950415
6.450074481361154 1.1555651200520427 0.057135427832377565
8.504580978450493 1.1196384733047153 0.23675167026437677
5.7517402642139075 1.102359810299872 0.17509736532473652
5.711213872646459 1.1137841852694397 0.14726427355935912
7.914498327409058 1.0545018911891146 0.3634785821713997
5.605272625098458 1.118040231142981 0.15534121329832204
6.4576373442792345 1.086950837407561 0.30130802747117297
8.282527101577609 1.130068200511651 0.19724745034421165
7.084861499837524 1.1442834982818169 0.08823249184801063
6.026096287347798 1.105729078237204 0.23381021482295353
6.8362217246185395 1.1141266685760387 0.1445579528491524
6.67922513579763 1.0586468231271735 0.2924220723903623
7.6211018145114195 1.0672424359395747 0.37885015623967844
6.108825394356542 1.1413776751529445 0.1402315799377525
6.864053713934139 1.0602976242784872 0.2905428226056799
6.965098135513086 1.044503561305423 0.38193492085525804
7.152042612817585 1.0429425869106022 0.38092289840324606
7.159558406266562 1.056717959885062 0.31132138093279377
7.043313277445298 1.0916232964375399 0.2056813230533638
5.886634012559293 1.090558110582505 0.20366463274007837
7.27517741630129 1.0528809890401007 0.32973725974489004
8.298820026747707 1.097686382085698 0.24686536534032896
6.393534519837033 1.0572734518722697 0.3000506444289816
7.736729351273796 1.1421909533949257 0.12565312247015537
6.332863978164159 1.1187324975128978 0.21869745987787112
7.93601111113715 1.1143713169041711 0.18510559703163862
7.900396545458465 1.110473785207804 0.1923966600714673
7.604950630559966 1.0974374431002885 0.3124641496425047
5.988390821300108 1.08238533913401 0.27204867055019377
6.947832878758042 1.0785293716946758 0.33840977136740463
7.608553218875194 1.1390376157417164 0.12027348561108575
7.934080874192345 1.06237292754435 0.33285660995382066
6.8772005397093565 1.0715385866592033 0.3487123148280318
6.4243197930818425 1.0518309881712522 0.3319170130145986
8.332502404315989 1.1203836249684977 0.24094418459087538
6.589854907430627 1.0553625211646933 0.35624981006938045
7.222102086428842 1.1253468608178396 0.13111816917404506
5.986491530547424 1.1494398567791058 0.09872679664205866
6.9159826042448636 1.0452970405558568 0.3751662379368058
7.603810518708368 1.1210080870311736 0.24546401280529742
8.646147550194033 1.0957548647840463 0.2967942086259201
5.96385545740344 1.0813380225837081 0.23189753764093396
8.364876472775297 1.0865431956830878 0.2840851338511867
6.558353708652282 1.1540493359809465 0.09547322618670566
7.602520327160551 1.1236923650074202 0.23628278484559534
5.847605081068817 1.0891711526498902 0.24027717484198258
6.681028711178373 1.1546760255542918 0.06701649408055924
7.223152323847119 1.1505661872685273 0.11639721225216683
6.428550386799156 1.06273481888327 0.2810815536123844
8.313707857913215 1.0728735596311267 0.35950258613391334
8.072314799727634 1.098625080326537 0.23204775753895043
8.618656376136146 1.1042918066273 0.26791157326419524
7.234831620242666 1.0681909692614682 0.3659197215917476
7.501888271340924 1.0618505640475513 0.3823798964401491
7.777895364420628 1.0741301459612724 0.2851917423877245
8.03354236427541 1.1328761422885374 0.15892170772141861
6.416363512551092 1.064979088811051 0.2739989757812385
8.291913175205627 1.0964322911557556 0.2520301501248623
7.631208377074623 1.1414001050317049 0.16197375340060402
7.91859015166802 1.1333583633717887 0.19578562898498197
6.422673606533726 1.1512207443935063 0.10809541526588623
8.462258897458417 1.0784814815947983 0.3301115198635029
6.147064169464459 1.0670796417871675 0.27758896327745625
6.266714373873295 1.131782432228651 0.09896262730759975
7.558351082404306 1.077262745258543 0.2658884021992177
6.215317905422516 1.1202200596436787 0.2070174017726926
5.711208345494622 1.1187511625526145 0.16934478029746358
6.338394711762266 1.093886180871728 0.27683044119118083
5.850527730113194 1.106912117948555 0.16287496067568819
7.143988822552421 1.1467697800206382 0.09051586580926735
5.979537194416762 1.151836804077654 0.07915337650119914
7.167878303049722 1.0458665764854551 0.36968724397426156
7.985519350474915 1.1347174452822488 0.15469962853573205
7.002087019898454 1.0982192360616185 0.2952867795901355
6.390036460952373 1.0720344361372849 0.3195129565809422
6.812518745458084 1.097890718364376 0.289370509680856
5.762950007504374 1.1355786090809827 0.13007336761387125
6.089509673065175 1.1369842999469792 0.08895907600363642
6.3225291705355655 1.084190801775796 0.2942771777114869
7.183956566438356 1.151147465773862 0.09812693381016344
7.730219572577626 1.1262342646818313 0.15144422248618597
7.674042655782815 1.0545000249532797 0.38548772343675536
8.121561448339188 1.0735325143453303 0.36223093327874983
8.164191524755694 1.1291756156634238 0.20170589672821712
7.287187219548947 1.062353299132918 0.3741115414415527
7.58167026509547 1.0760733049060849 0.3568053113853529
6.652436761132108 1.1160559494200726 0.2366575001858391
6.142320596044977 1.1185173724052164 0.20599469730981337
8.423702492166624 1.1076736546272443 0.23799211254536645
8.167070697542655 1.0733816977903887 0.31613307177024835
8.234266596123533 1.089982478262501 0.32841058176452326
6.384973379332854 1.0644461645467427 0.2801155333186248
7.286309233923495 1.080811142319248 0.2464700073285365
6.417211850987519 1.152308067251152 0.09884651576869162
7.206372582175163 1.1101870026173821 0.2689623813098242
6.154000262405114 1.0972565569522261 0.2557947435294808
6.237637064932295 1.0746006263205252 0.30174469989101943
8.377538233245325 1.120509097562125 0.22398439230574674
7.088229230062279 1.0841270635549185 0.2310185687457584
6.046469326905607 1.0797356173027601 0.2399656013199909
7.752409986206022 1.1272869886279 0.2206345501225919
7.599050366411703 1.0702400228250522 0.2913866327835956
6.181148552961597 1.153815748236506 0.069587240347898
7.624145120419023 1.0635474270631642 0.31495461460475854
8.33022357225856 1.0788052942569113 0.3442287862575454
7.2711429222957396 1.0697687383812085 0.2788705574271997
6.003698245421138 1.109566668404025 0.21722670637001237
6.16355736142077 1.0679454264545032 0.28528849409999146
6.799804556905212 1.0669739600143127 0.3480063509971828
7.786397082427042 1.0639837749712293 0.37603619886775647
8.331862824097412 1.0863139719276438 0.33150890339380534
5.9931955598352165 1.1009155377815218 0.17708549895501083
7.664746602436097 1.070422467713032 0.29487497260747736
8.514348690136828 1.1010226376610426 0.28723732915084604
5.9753613012954325 1.0989580474812195 0.23569124570255942
7.006911119015431 1.0797951134454695 0.33351412965033517
6.614325838920351 1.0603982987044118 0.3455977539239511
6.780540533071454 1.049944059662846 0.34639972401792235
6.08781302151133 1.142274719742231 0.12994931749350389
7.248362222653791 1.0825890480952258 0.33489965349552986
6.79122912819083 1.0743843951467063 0.25220480080827246
8.093932428419798 1.1126143720086792 0.20376108073257426
6.327791528608966 1.1536022595453954 0.06834435217785824
8.488648550905335 1.109360454034864 0.25120198977365854
6.7743366856034175 1.0953120003490049 0.1939943465722066
5.733274827077061 1.1277834117088843 0.14231073560462584
7.988483622550003 1.0981271551941798 0.3086598025089996
6.220462316916846 1.135314199413601 0.0944256000265164
7.049866713202862 1.0972598184634874 0.19619129997197315
6.919698680557557 1.0539038973832027 0.32566745072819275
7.549530320319322 1.0537483208693148 0.37667199242291666
6.983410174480268 1.0724978331553492 0.34517283209155036
6.713139003592085 1.09432770010734 0.195876741937827
6.720186455316664 1.1488159803421016 0.0774086693118362
7.410980394025973 1.0720073780131576 0.35827790320339703
7.793079744141034 1.0652249262847941 0.37211531657018376
8.114285485826777 1.1297779129455185 0.1912833931734798
6.984063881378736 1.1000958463283192 0.2871908142041129
6.1369229456016114 1.0814162897829498 0.23301495783670345
6.566422256524762 1.1373362823768605 0.09384085533509565
6.410515751534099 1.0640320231765577 0.2870968950060938
6.688498081212247 1.1534266495039158 0.08073052471290904
6.588641310391541 1.1103584867898033 0.1541159612191142
6.337615691964576 1.0640652568725304 0.31445699981548747
6.107152404042466 1.074321700089693 0.27363860445591603
8.25139128132231 1.088621599247395 0.27808495240996495
6.993572535197341 1.1133126085523257 0.15584972412643455
6.92008628115436 1.0551365085396733 0.322464921631674
7.791112021539661 1.1389901072859159 0.15363752804727202
7.569816042224694 1.059361809978342 0.3327941330709308
7.82438422723067 1.0611000249066445 0.34691166286780684
8.276539350131692 1.0967333913398272 0.2582993607094291
8.18983782388457 1.1188002114925484 0.20179509858444317
7.426320238100084 1.0528920456854238 0.36330175253112834
6.575409458496706 1.0795214823505417 0.23637847898847328
7.362701838589764 1.0924503966989785 0.2209538043472945
8.411820948894134 1.0996832197212076 0.29185275266324695
8.415999349054644 1.1077415237715755 0.2481803037525767
7.4445210949728295 1.1230595676248596 0.14950004489629512
7.035898185841836 1.0681528720757076 0.35179636771567896
6.011481750830562 1.1473821201960552 0.08247843041564812
7.193827613064537 1.1354806628911314 0.11523008223767123
6.994574128727232 1.1446072544408918 0.14311482101706086
7.531816649093818 1.1039491240774546 0.28806287153927823
6.795901048428105 1.0858256481874915 0.22250197248879447
6.345878099731571 1.0973822798945332 0.2635523788485782
8.095892547861162 1.0896644566150575 0.26586064588706093
8.434258401892828 1.100780183186701 0.2844691705805787
6.539868497974602 1.1450468310223738 0.13351139606318865
6.717190448444503 1.1423406999826111 0.08914981653014008
7.767606160524945 1.0852550573711013 0.2593578720531141
7.445801042737427 1.115631063675773 0.1667120606888686
7.585176270330541 1.106784570830636 0.1938391164425738
7.646668831202369 1.1395748823529324 0.15934310067823523
7.087693882658208 1.059334715114629 0.3631600321528437
7.430021120971526 1.0998483552018452 0.29644668395289064
8.40517750869569 1.105738699030602 0.2712693677380454
8.161758010606357 1.106815178078062 0.22608589709321605
7.558712106496113 1.0839698547417018 0.2533842989861899
5.854733100059143 1.1027790438880531 0.19653425412885173
6.784617835312982 1.0961389330395506 0.2872236569614689
7.383596850660005 1.134382445445203 0.1883913506646327
8.318519852772418 1.116161519255046 0.22677333923742946
6.461297862122517 1.0881289432790653 0.21236363912870865
6.243906380393039 1.08698864021061 0.2168110763887045
7.336251647975313 1.082466715176298 0.24868235391460505
6.012632954650677 1.0898654284062173 0.2187135225030772
6.816241530918822 1.1324649680443428 0.11101660159644716
7.456766051076963 1.05574380072411 0.3508909467010058
7.167987833313017 1.1484221755519406 0.11436980277459476
6.258416273007256 1.0841348565509827 0.2809302291348096
7.798519759751054 1.075008540539056 0.2935256411504374
7.009041117540033 1.0878049944752302 0.3129599900920976
6.265079456467941 1.0726803973329366 0.26695042619072923
7.221981652591859 1.1467157915966428 0.1276614700721681
6.976616318488 1.0609876777234983 0.355945779853042
8.057175073321318 1.114291153841678 0.20312477143966012
7.690694503196546 1.0872745543313285 0.25102198294821126
6.321991164039002 1.1103112885672708 0.1545886818456212
7.654725883066764 1.0741984051577458 0.35344024529822676
8.331847604760387 1.1006275852377847 0.2894492755482839
7.045917407944575 1.1495333031772481 0.1057996899215493
7.7398120415451555 1.1337484635148356 0.18602649495779722
6.460061924391402 1.1402568471101664 0.08993570252257319
8.415257930830368 1.0971802040626757 0.2836219973255419
6.457473815273577 1.0660965481732019 0.28608628461442165
5.88109094043163 1.1020352281470802 0.20074241537056778
6.8618538940060265 1.1422887863953237 0.09449606919471888
6.162773243382857 1.0978196491359025 0.18823630795743157
7.803994594641395 1.1165697202894411 0.25172603816217415
6.766157513646389 1.0820642620986605 0.2344923554107106
7.7044706002132575 1.0697249091224261 0.3069270209865556
7.254031386615317 1.0986911600144589 0.20273698369426413
6.148944773107777 1.1471708294243912 0.08074369227413539
7.035792280754523 1.1208903287800147 0.22894033245743278
6.52747643716928 1.1507681283291342 0.07917619033325492
6.572630117680827 1.0596540497198472 0.3179297346145291
7.9831766286942365 1.1179979704128495 0.24493112071643378
7.799997934571632 1.0940346882292151 0.31312389258992823
6.471770967190082 1.0641722106351883 0.29646627518985086
7.477590648840335 1.0779587586578157 0.26932331572647544
6.114109827125029 1.101585123187946 0.17977575007759017
6.577531256056091 1.05981139137302 0.32091903780465036
6.449182606792617 1.0663859907657054 0.2875345871421986
7.120760609731565 1.1040525694186618 0.2775160901651095
7.961487912394121 1.117244985032597 0.24737264060229455
6.984749893275348 1.0730450051837617 0.26707540667481133
7.658716824994064 1.0760656238298196 0.3485805713190139
6.619767895727318 1.121911198437755 0.21290831154363743
6.182332814046543 1.1395108897386845 0.1381343947909821
6.547437051028011 1.1369166198062237 0.16213659791431936
7.620489368181783 1.140042452137278 0.14804419863635832
5.945218476692302 1.0986674801143468 0.2028514397724637
5.966774511067468 1.1159080363686216 0.1485235527461483
6.104428489064146 1.134925321587917 0.10229126566337403
7.681726074659251 1.0951309950680834 0.23107731643109633
8.337159139993537 1.0959371520523358 0.294814953769568
7.914146515520187 1.0821254670126212 0.2810762361862776
7.259517420991518 1.063674049684725 0.30868202187200794
7.0775651253458545 1.0633028721127746 0.35385292244446226
7.102106930243169 1.1370115510274916 0.17306837429397737
6.417547187205194 1.1294866962966545 0.18136486397887705
7.150751025541474 1.071061160201886 0.27955088698677105
6.879173888372959 1.0914286824945167 0.2984013997222281
7.956723846194299 1.078569666803744 0.2963475371173572
7.315500747063085 1.107356352034175 0.27214556957402813
7.372302345676644 1.0637478717991176 0.3599586578293324
7.274715454504113 1.1129260324718002 0.1696353673923455
6.900764685701732 1.0615244441168155 0.3074051947969226
5.869476417840415 1.113014142157611 0.17860858873874674
6.047084689019048 1.0924551237930202 0.21464450808911958
8.04731006472345 1.1091727591463163 0.21720128715779882
7.739915920932555 1.0661082863179305 0.35670624097835485
7.212782681537917 1.0564813770268071 0.3537211979933493
6.906505197051596 1.059115091785793 0.31882503615838576
7.161909696692748 1.0878875400587569 0.3146295386067185
8.11801047403898 1.0771921870380066 0.32152570893195065
6.867249426644937 1.1421646821944886 0.1481132903624255
7.073684721074612 1.0692340913977834 0.3452884816266515
6.957679499707401 1.060615567043151 0.3490566938344375
7.790028860260083 1.131903907364521 0.18803323121751642
5.878356522586111 1.1325192464206715 0.12411421588226043
6.790256450307032 1.0923048290308632 0.2924101339396969
7.341571809530324 1.0629834946371368 0.317228252524844
6.8692354473374895 1.095495339112376 0.2883093123024946
7.478410484898921 1.1135926252023383 0.1766842436104151
7.169291410315353 1.0862217026452687 0.31753687328025987
7.7344536081475574 1.1176261204000468 0.18011041258061655
6.969816878659159 1.1453497967582156 0.13291635402040347
6.119684992903235 1.1233344758439041 0.12885267886023866
7.125627112314817 1.1007191600265636 0.2837139929043102
8.262650007511876 1.0881253623077245 0.3057689690265703
6.770303453242432 1.0858165010818865 0.3041885115879066
6.356394141652677 1.0906486671883162 0.2107837405084652
6.967823895391302 1.0585726696385591 0.32715372184839886
6.476433639290539 1.0686646268924551 0.28518474762739593
7.026140195509546 1.057850207005138 0.3456442130913544
7.887628624454361 1.0767170303807223 0.3419025834889008
7.185183258326569 1.0793636707484462 0.3306321336895881
7.784987842448793 1.1307784517448143 0.19150525415288008
7.272197881787395 1.0807874952045406 0.3301205847995072
8.005107564497251 1.0764366866889288 0.31417720229006124
8.111454705325944 1.1123795731466273 0.25490310606725886
6.367942597178306 1.135996295264421 0.10158058477394706
7.618813944647613 1.0782970360570185 0.33988962201609063
8.155738088234873 1.0986338837196636 0.2933548823168426
6.118633286465588 1.090372084074375 0.22255475622902252
6.818071810267126 1.1302967246009858 0.1899607480975273
7.576278144277087 1.0724472020130709 0.3479077790260858
6.072802810585607 1.1103911533367379 0.16322486490783036
7.702509237718157 1.073570619462585 0.30109246017078267
6.982642613242888 1.0642623678121574 0.3433957756495896
6.890124941890635 1.111119495983878 0.1650272015589575
7.492464378720454 1.0893164371893684 0.242042120494017
7.216459134632457 1.0844416560141976 0.3202361461678978
7.241978965081188 1.1398807120216876 0.11803665958128341
7.040209701509511 1.0922341718235404 0.29897561967449554
7.750150241788562 1.0803006099314068 0.2821882517174798
6.456941849714745 1.1432998583093268 0.09134112482060362
7.726135329758387 1.092443379245806 0.31057799761385546
7.320160281429898 1.0690368088794813 0.29855562745280473
7.363515162362363 1.1420318830568341 0.12764880585451358
6.394337740676356 1.1462957386436758 0.0892238436679178
7.746032034796411 1.1197614272755203 0.2345881204451109
7.780855718803377 1.1031866973982793 0.28454443218031594
6.699059927308918 1.1460151407574886 0.12297254448027801
6.153998557987672 1.0903952861602764 0.24683774188823782
6.044173121074913 1.1241198548458011 0.13288487421383938
7.486832076522154 1.0676242791654778 0.3495637251059599
7.037631061786449 1.060205457330694 0.3314089241506893
7.847220510631452 1.0771599120400783 0.30095384408901327
6.4609457128587735 1.1010452566541604 0.2537562602983217
6.63777459437312 1.079291986532827 0.2487210339026515
6.109733117939982 1.093685978550769 0.2351205192041627
7.599206054488443 1.074915774442244 0.3414891172191421
6.553446281305803 1.0844775304188066 0.29163268306397117
7.5790754743618685 1.1344300536306615 0.1459230304153678
7.369821465142847 1.140129475533586 0.1498388786397897
6.529754659167233 1.08121325394036 0.29492646069862083
7.001172014154577 1.1462680451971972 0.11086787266439599
7.613951003772735 1.1228283591647374 0.16650370843720882
6.775531898024816 1.1145329667302835 0.2340270190803369
7.0726354422237065 1.1042675436196252 0.1884261219991469
6.1951953716616295 1.0921036012512704 0.24832822886029582
6.737570769613967 1.0880712911955706 0.2943832751413216
6.085900625541369 1.1187226679629956 0.1453351835164838
8.084184887658958 1.104491878639399 0.2390706997103562
6.590746123626463 1.0865161957331109 0.22734340154753155
6.821972192597771 1.1382041529550497 0.15878695654865194
7.4449571220863255 1.084115266129424 0.2569960383435856
6.296297368657926 1.1456744914116248 0.10498082562134832
6.995724201791775 1.1439073961442447 0.10666292003508704
6.56640627685751 1.1442303382532137 0.12687405045660577
7.785911277989195 1.1268611332852356 0.20353100250769754
7.480725754121261 1.1266906953928248 0.2089517649744121
6.331454945932752 1.0861358029574002 0.27012274563163335
6.786221768459429 1.1044684362770776 0.18128613003168992
8.15333879321311 1.1109365734389633 0.24113961627152172
6.406514859863002 1.0771113765343538 0.2642007795442235
7.011217972079491 1.116286872404308 0.15798654199405282
7.423759469519554 1.1110485654273998 0.18505984528714825
7.0293873661608774 1.1169781169160966 0.15702873264377612
7.032718386070876 1.096331730900307 0.2872030956967366
7.752827971312541 1.1299363603384829 0.16911989010358833
6.845102166434122 1.0647483944662002 0.3097371550266266
6.507444632806752 1.1111478285909433 0.1613585086787786
6.367855172031064 1.1216652839415373 0.13603166888817791
6.969533465056179 1.1109533317113225 0.17011000956653646
7.714038693806058 1.0709977717265697 0.3232829068554097
7.35345118338282 1.1122651332656366 0.17972710842887937
6.846992643811149 1.1148330876541677 0.1579105838293723
6.894733955823176 1.0830793277289301 0.24363220480528636
6.697619807627266 1.0919221691025396 0.21451389318998076
8.048938546824147 1.0989904352540771 0.25305419555224185
6.445232998599835 1.084215206057216 0.23760524218716506
6.501214918355441 1.1099590555706342 0.23223852860374783
7.238000647586997 1.1248419782055095 0.14734988877619104
7.513747576321537 1.0775510105573494 0.2835105309568016
6.754607445028897 1.1458540783053877 0.10193542064996089
6.641966168413486 1.0923486344082498 0.27870315543291796
7.661325326423025 1.125334044320222 0.16784227315374656
7.118049393780179 1.1192051154617597 0.22790865501402732
6.712283339954096 1.1344234781787872 0.11385390083938039
7.79968222402141 1.1033956574160402 0.2795656410809528
7.781217281377968 1.1163019713121543 0.19378609821225545
7.909402960588883 1.106815333498113 0.26873377495727485
6.773741233431673 1.0813720455126568 0.30494130181070733
6.6434483749938344 1.1197959851745054 0.21196426368078058
6.486735482578908 1.1030367208613991 0.18343650714032494
6.619215343240459 1.1108566495303673 0.2348157014130662
6.736448787352639 1.0696436564526774 0.2919598882531843
6.788594497022583 1.0697526285888186 0.318542802907139
7.777497618772401 1.0740841704189723 0.3244172008946381
6.623191683875589 1.0862624039618427 0.23205822445566207
6.603423810157391 1.0784896547541913 0.29846215962153294
8.12894238611904 1.096385742311172 0.2815906633554167
6.913535677551346 1.1012688515401365 0.1945673514238772
7.87619490679246 1.117797219889142 0.19884218876122053
7.31622851460739 1.1038142799646675 0.2741771363860682
7.04492706714959 1.0657745857703849 0.31288416051246654
6.070591772214451 1.1055133392897818 0.19342301777392631
6.551962976051502 1.0764186734391261 0.26718436699780623
6.545028554918568 1.134920477759509 0.11113366768034692
7.150655612612107 1.0653564689920125 0.320213080568048
7.465215009625577 1.0747965586813337 0.33389172775908993
7.876642927180285 1.120333127304956 0.19642220250532133
6.177577031476716 1.117974093991264 0.14974057721188888
7.749914744412781 1.111972977633578 0.2028123238622701
7.267657763162559 1.106982587100826 0.1916685033180008
7.913724453011822 1.1166565051953208 0.20617351914324805
6.944757396868972 1.14249235015712 0.13561786306371437
6.480646107247274 1.139425957700194 0.1042643228002048
7.906513851354148 1.1196921941971185 0.22055134817753383
7.789683212927683 1.1256265053617363 0.19927931760919987
6.852602342783944 1.0676291495862504 0.3070000146168528
7.4146585352243015 1.0682235113014282 0.3327882541857314
8.030577730381745 1.1069805303669888 0.23812377100502316
7.255580290713594 1.1277934862221326 0.19962483386999783
6.311544275181205 1.1165482296153573 0.15156095725875293
6.136197322442756 1.125907785397791 0.16354436094160593
6.477179463062043 1.1045419635094962 0.18153718720745904
7.461543904173457 1.1206915687343977 0.2251743345638213
7.1198744237444735 1.1420316192214035 0.12465071329563457
7.435746000131333 1.079769631735123 0.3245235286276471
6.659982457301494 1.0952674943232446 0.20862846337359223
6.1563111287685555 1.1120366798305832 0.16821365453663353
7.692428814323051 1.0845427149341766 0.27599913371251794
6.761187128445611 1.0765994246388124 0.26877227227095773
7.7262010251274 1.0770818863606972 0.3203270687838369
7.91899114992664 1.0976536264567769 0.28658638106375295
7.233836134709785 1.0746904421396664 0.287423880262961
7.835527785242084 1.0852547687330831 0.31107433120065525
7.075001974750855 1.0764921202984394 0.27574661088538804
6.240012367376412 1.1150236332617525 0.19747484663556422
6.489875142392709 1.0802740296547675 0.2745921701643357
7.9320903491501475 1.1043473826385413 0.23862234970375082
7.957469551503978 1.0900741431818792 0.29510007263427634
7.331450163298317 1.0766198289771658 0.32422261747531494
6.57170041493101 1.1051275676633916 0.1828314449616325
7.379354738195465 1.1049197823235726 0.2044579940979759
6.203847045540915 1.1305089499575023 0.15113552594864532
6.760669237161958 1.1078303117354629 0.17830335105472472
7.29526364371999 1.0761642689997137 0.32366362678132976
6.29767582674698 1.0925704747607008 0.2319043173105356
7.629714678678424 1.0843811168809858 0.31438340603092896
7.517123893301157 1.0734671735263035 0.3169073355795405
6.765313920664035 1.1328641452877561 0.1230243404149879
6.3930286892403725 1.089667216437918 0.234324576170367
7.8526198204296715 1.0926528051203637 0.2952580504715926
6.663065517666787 1.1281904900287565 0.1819700583858839
7.179047273578858 1.1182254935178793 0.22669550727700466
7.972933567894158 1.0999476529805632 0.2720550126681856
7.700414188685022 1.0936756734610522 0.2526861409827089
6.557943997250362 1.0878464971903756 0.23591258729948714
6.675414279813687 1.1235420536243959 0.19651583183996138
6.244137021121512 1.1076383030365935 0.20976466040108804
7.574481443300417 1.0775112755386997 0.30130539604668477
7.884843609993833 1.0934553705125842 0.2693733685861521
6.4812581814559795 1.0901077260747702 0.26222323390007035
7.876857681359963 1.1065333999659361 0.23323582367311843
6.383223167808664 1.0905788292594376 0.23592697035848523
7.367155576836787 1.073208520129858 0.318248767234286
6.9200563004981515 1.1272783892454674 0.13890865411570838
7.3457058790375065 1.0882498092464954 0.2517720752186323
6.163645932912994 1.123517829319986 0.16143535212989765
7.943308286012085 1.0999542585463737 0.26573961460983353
6.901003955857231 1.1181868631190999 0.15829548858475972
7.829594858227958 1.110291557092982 0.22208201595378627
7.095230800962982 1.09853997964391 0.21352545387658473
7.2838863535404315 1.1332491398317086 0.16939634304050838
6.1620977683212725 1.1236891997450336 0.15919155909398777
7.411203918210344 1.1198995741799007 0.17335855416885337
6.835842167934482 1.0766843446796612 0.30048942248444827
7.078204930548521 1.1278615172372028 0.14308619953523213
7.463710301443037 1.109195263451234 0.25457900988416826
7.108082579828988 1.1210125134713358 0.21475980575038964
6.528234477210448 1.0858919111914962 0.26677187781205003
7.352678300374945 1.1114726987352843 0.24681079986605006
7.610632792458643 1.125247247949196 0.19534237675765082
7.661940183529044 1.0832079349558141 0.30787734133842604
7.403504078251045 1.1307552238981917 0.15638225018568186
7.0727419637401425 1.0852984928580345 0.30015146252958796
6.61342624576794 1.1336819931294124 0.12240157396910291
6.2989962979127885 1.0996280754585184 0.21491186825191647
7.1686928208025975 1.1371765827443625 0.13970392612419566
7.577203155619484 1.0799669527564388 0.30952433470098517
6.998298599605867 1.0818837916056054 0.26283934313043233
7.162486843836334 1.081679602300235 0.3073299252059779
6.189223804988137 1.1170674897282846 0.1714823955603311
6.22353101901416 1.1293780044138608 0.14108657533860133
7.777588665695497 1.1072881817047509 0.25544432387322097
7.43413061559345 1.125411495085424 0.19928201626061204
6.991764889645607 1.0755622870064634 0.2904951755524608
6.338976107535633 1.0980816372513647 0.22418506128102014
6.7218567880270435 1.079427319706017 0.2776941096029383
7.744713325729723 1.0868282706880623 0.29166828990124816
6.772832210456407 1.1135081579591999 0.22546284789961338
6.671963404899289 1.1350206619798922 0.15353158286409474
7.681005535275201 1.087401033109474 0.2992532365119393
7.580413689503445 1.1217518704384657 0.18439929564724744
6.533210842071346 1.1264081782290456 0.17764101269938032
6.9207277794671676 1.1047354880187807 0.2526958907795189
7.281021491909113 1.0937560678286098 0.23630779871141022
6.432662060074751 1.1061735048321912 0.22381651757180177
6.635336729144306 1.1168088647168832 0.15942877300256772
7.356268772620167 1.0771148981864767 0.30828813572686037
7.687496794890507 1.093278566521719 0.2605559280074181
6.718567737079461 1.1214004905526926 0.20021665127630806
7.189086132705517 1.117145788155179 0.22546325186355906
7.617773439012021 1.1085497149085066 0.2144342525156291
7.333565250167169 1.1308594078630312 0.1555931603914618
6.235275532687973 1.1181173638337023 0.17475274853724912
6.9543932540063125 1.115405996100198 0.16916384913423765
7.723735091235287 1.114006982357504 0.21212063950604532
7.224361693689641 1.133905570028612 0.14680515343881909
6.691401389757804 1.1372210786041508 0.14276095861807575
6.962026669539194 1.1362695995432388 0.15110465969234363
6.934685177311806 1.0775007755419939 0.2930090664428845
7.106386747573151 1.1141702784973668 0.2318841957928931
6.374796629075904 1.1154749994756992 0.16501892861271272
7.589097522996649 1.0933158879419218 0.28877223515269157
6.972632494806199 1.0828384935771018 0.2636746579190287
7.1832690944399875 1.1146497163838402 0.17917679711125434
7.194903744991517 1.0772395865370554 0.30286590208837944
6.794183377935287 1.0808642765446204 0.282516903813947
6.947684452131062 1.1164770933576242 0.1675052547035153
6.9260252675565255 1.1099652235190824 0.1829258234297991
6.939301704332724 1.1330568359208053 0.16415329684511556
7.652521871599539 1.0870484661413582 0.28990089226084065
6.868565002240343 1.1208950168438019 0.15558987116596656
6.274029430275569 1.11478888261501 0.17614371198092593
7.757746136069377 1.1052237754431522 0.25495747990298717
6.6395713797484905 1.0896147141344448 0.2644441525713987
6.37627255845414 1.1237622970301535 0.1473116567217293
7.7739408619928145 1.0977325728538327 0.2626602588431506
7.0646063356683975 1.084168671645359 0.2953410030262296
6.722629430077319 1.0835129775129955 0.2675300021468115
6.850474182723342 1.1342383317361155 0.13127919304884364
6.4914930273382065 1.1163535533439493 0.16276809048780544
7.170100499624619 1.128717078532495 0.18245098548987038
7.483441317533771 1.0823844762598471 0.29505174180095567
7.781267516200607 1.1055890976651936 0.24742248769816214
7.0722678579128715 1.1081386399307978 0.2460500651947921
7.641682822073266 1.0882572777099315 0.28259239304145084
6.29936954685834 1.1118824358371537 0.18703466162595114
6.862409687015228 1.0905691543983957 0.2767138988156852
7.6231404523237245 1.1132606612962552 0.23384657039783802
7.739770581612049 1.105061727208377 0.23922243863203707
7.365361308906513 1.1274361578445244 0.1826843266366399
6.999606095153386 1.1233297386303291 0.1552872103468835
6.750247109661657 1.1042281865613168 0.1965134114083281
7.035256897261096 1.1197206611664243 0.16425602557239705
7.620651042646719 1.0900487051936754 0.28753551803640626
7.031948742934453 1.0971904830021668 0.26967449161080836
7.19557629174556 1.1265301501151617 0.18947951917156913
6.448924819471147 1.1147308232088977 0.19983319323201873
7.675584459179431 1.093976136040352 0.2777512790164965
7.643316785704439 1.092449347059806 0.27978956521404075
7.711411387694257 1.1027270469333779 0.25689624903868086
6.851164946087625 1.1296586260612678 0.14041737377898827
6.720315683753945 1.1222461539647983 0.1526269248775892
7.140099444890845 1.1068400520865493 0.2488197389716064
6.654840168300209 1.0896323010495081 0.25482752022641425
6.972689664308321 1.133140345709267 0.1409675151707025
7.293679185809179 1.1074266407839282 0.20542575312014347
6.863502886985152 1.120821545524545 0.20178287889168467
7.614447391883717 1.1026631799945206 0.23714275512503147
7.44706953225608 1.0867901384033047 0.27797235309976903
7.325072579290612 1.127767561848227 0.17291237914127186
6.53404992785598 1.0972982615014202 0.23646810611764849
6.717692474677474 1.1250563334739554 0.1829067516299685
6.832554885290419 1.1250578448782473 0.18674335295925498
6.725285951592978 1.0883414215750307 0.25749130404248144
7.548347368346617 1.116587150064164 0.20334690357903956
6.7125143186272105 1.1322811348909871 0.13641118133687505
6.900581897105557 1.123200989525452 0.15550734894678606
7.1881315236754215 1.1021761176913059 0.2598048632678463
6.505521622634864 1.1025798982611232 0.20895922447748216
6.574883942986929 1.1300254846103224 0.15812285279892102
7.438776838033942 1.118174519296836 0.19148116067927878
7.256458800767749 1.1244285635932474 0.16841063246114357
7.275876611090361 1.0876706863587233 0.28800399026136153
7.177033883170628 1.1269511610114586 0.18251433942466522
7.11406564810688 1.1154599318855727 0.22246453936829336
6.828724506283727 1.13394129209648 0.14819430957629762
6.577764872049695 1.117822121658077 0.19606960942705728
6.3913808290688365 1.1157512755667325 0.18158761504016016
6.766420625697155 1.1231193148875023 0.18932049521122507
7.57344881788355 1.1114635219387732 0.21707541821004198
6.8154302789930945 1.0883795691554081 0.2660356762305248
7.174526437582982 1.1125600078754647 0.18999921809619374
6.404773381997472 1.1211015553104549 0.16941519978100622
7.621122476171795 1.1012431043764386 0.25036290395982735
7.184192258060454 1.1247935280891095 0.19031248978686133
6.512636040851913 1.1139545344548538 0.20022961403424944
7.115769869470537 1.1303290010338256 0.15923011247334276
6.788704369174848 1.0908741835421205 0.2463119091189847
7.067909173140169 1.1026658440484705 0.21268510363946314
7.115252370755931 1.0886324923852517 0.2585300441010494
6.746645227618792 1.1314478045859462 0.15628503779098732
7.548959059320401 1.095230415004665 0.26727254727967914
7.074573746630602 1.125815228698273 0.18494057509592263
7.5510899236979245 1.110899262419176 0.23144998881637946
7.293441271510648 1.1130615313398715 0.19576690557730442
6.492909403038141 1.1145527751358761 0.1769594963814676
7.128270484768207 1.1253379158558232 0.18626065573315334
7.466770487500012 1.0939349897690107 0.2605951040003623
7.000397524611483 1.113131385137636 0.22452471914255245
7.036411838313953 1.0990777866200931 0.22304004613040007
7.074054243800322 1.107247168919197 0.20148243805521793
7.184242785837146 1.125388071990947 0.1851699990474914
7.454097485101144 1.1061119475445786 0.2479621732303938
7.3408312511109095 1.1143638684980242 0.22496091154981246
7.2713429774134966 1.1237990921767829 0.1759478802880906
6.543508923364646 1.1086739111886335 0.21154335142820846
7.180945397732598 1.106140964376898 0.2462848610648915
7.499540686602803 1.1143258345784586 0.21184672836692303
6.508656301908612 1.1108382167975237 0.20101755607592875
6.873494536663159 1.1041202225155224 0.24153627864097296
7.152184176096473 1.1195248276829026 0.20641835273756226
6.721308760033658 1.1108781956293368 0.21822884396761508
6.952781100974068 1.1273421071189298 0.1558853530917564
6.501526809694418 1.115039296139721 0.1856734628001738
7.022490348870875 1.1230450782203427 0.19091901116654272
7.057910037788476 1.1018232996561848 0.21880601133835192
6.669899087317965 1.0997117659513043 0.22628370478110904
7.276536630561052 1.1189832788989842 0.20544318172703604
6.534658739980314 1.1211484531776523 0.16715995892066127
6.758814113279406 1.1108604659431545 0.18842892512968445
7.337937782069149 1.1136975535267668 0.2018530968204868
7.020686776219032 1.1108931008412228 0.1935387517404603
7.186318885206179 1.1113479664118247 0.22975535939236064
7.1781897428589865 1.0953579450006832 0.26576500367880984
7.271192461063832 1.1194774751613084 0.20265634051775297
7.405614849817994 1.096804064165249 0.2609025042253506
7.152476953516791 1.108381312474216 0.23684925128126302
7.323898736712785 1.1120377186545256 0.2275525285469558
6.709962165166495 1.1103998307458454 0.19081143877842327
6.698719645544619 1.1017479279765907 0.23027863479806004
7.225888031140904 1.0925889732100071 0.265512349436939
6.740153993963311 1.104436017288826 0.20875181176923607
6.8209009304143535 1.0992412587513842 0.22528098979124472
7.1909042462417325 1.0921680280962076 0.2635944071175795
6.571515906553747 1.1168140518460943 0.17906103988435593
6.662914086500344 1.1111462327136983 0.2090712262529095
7.10114225370393 1.124721724201835 0.17251723447676948
7.41672725566047 1.1107374274679596 0.22074904441647952
6.7322138361701445 1.1061523216114422 0.2242736092814701
7.170497587204336 1.0973942895474453 0.25895084610906033
7.139888275973467 1.1141114257372966 0.21869072756154398
7.383122913268856 1.1061248192300808 0.23917833956234855
6.655457944635078 1.1077965496342495 0.21128339664121512
7.106439233224657 1.095308071311991 0.2468260460649191
7.128416977015753 1.0945617812907789 0.25283492708668
7.134459589221093 1.1075348843401287 0.23562062588471397
6.931833582720174 1.1169175667421107 0.2041050152379105
6.941705463254598 1.120083809062158 0.19297397851838688
6.95661724398289 1.1029301157784341 0.2385660467595849
6.823293771977099 1.1125405828320185 0.20992569811533518
6.865484143078975 1.1141382513013394 0.18851550197406233
6.945255786877912 1.1094819233538171 0.20217689047495607
6.849583294444816 1.1059475680535238 0.21234081591260415
6.741938274476503 1.1111634606545713 0.20428692074886154
7.0106155470207625 1.107043243552568 0.22983057539406926
6.981659468695771 1.1183840339444504 0.18382504093525648
6.907847279183274 1.1035183885739202 0.2233575360603593
6.823265970440994 1.1100764443694315 0.21023482933020932
6.999746734684445 1.110897752008361 0.21709695515511312
6.870136399616783 1.1154956715536044 0.19380592703334493
6.964644781491314 1.1158931080348884 0.19704315203355816
6.977931566504111 1.1147764012417178 0.20113492029485192
