mu sigma nu tau
1.6093883136561125 0.5024323803594298 4.979771350459325 3.6629987956761507
1.4102546583251332 0.2333193995075916 7.357652030599986 8.085874329755672
1.6677832633120913 0.3767604811795314 4.765673262032553 17.904986467106593
1.6551864271334877 0.3609576661515963 4.0490717952960695 14.954882635738766
1.5062514407396002 0.38654075168640506 6.873919721532074 3.945334560290445
1.6039995027643998 0.345418236657565 2.393533353399735 19.399012365322488
1.574299843732722 0.24459791520599414 2.3143962470521684 19.63737330075265
1.6060840817968383 0.34703185373916406 2.4124682289766692 15.116905349979913
1.6063147515582545 0.33403459250096273 2.455828350197689 18.147386486756545
1.5745994301788602 0.2986235839922904 5.536269552009568 8.05210824392007
1.583333966033828 0.3604675242939101 2.317071706259858 6.103622564603128
1.5024175904745314 0.6560685573464965 6.593982687056348 2.31955194772864
1.5992985159001152 0.35891573712780817 7.320011664347724 13.010490945458528
1.4591484619034576 0.47673066914471185 1.5487909133779587 2.2200570565227733
1.4910387557017213 0.3073461338133344 3.06213469905404 7.048109264219107
1.571790564553893 0.35480608451263257 7.804384071770877 9.652883090247794
1.4247379268047689 0.21179512776619674 2.653760989372309 7.044255758495186
1.4905329408960935 0.2227054558887373 5.811019809032664 18.34434782285375
1.425629729495594 0.237215023523665 3.5962610041743845 5.496197843669847
1.561860290704856 0.4621652740167894 6.160037920482665 3.301097665320788
1.5699875976959947 0.385809910471026 3.6098438335914347 4.941143730077254
1.4803523681722255 0.41895118426186506 7.908575450675158 2.863469544787061
1.4628086099849344 0.2758927237170211 6.790600868001723 3.4656862668191843
1.6100287166607066 0.7683291593974692 2.188298582943868 2.2432870059460486
1.4583343127586683 0.2920675558306686 1.6346491211547316 2.692618464019713
1.5363928688393904 0.3180775620244906 3.2845066628409123 14.067030634191873
1.5712838434909377 0.33826486882472795 7.513988963080154 16.65033235160579
1.466409533686961 0.3420322086695695 6.472704375441683 3.5066487800806954
1.5786518600238422 0.3393501570595343 7.8539970707847875 19.20638865452703
1.5702753538910146 0.33774892144210816 5.806593073324241 15.631513288887533
1.542782908551362 0.3300338967264465 1.8298177788428605 4.815770511713378
1.4894026129687288 0.2155922351097792 1.6793182415009087 16.851051316663394
1.4971003278593904 0.29125788540636327 2.742996504939022 11.549608142403718
1.5591895796522732 0.365863803707191 2.4296410981661167 2.919491712851545
1.49834171698758 0.31313927308053074 7.564406150554124 6.990968664155439
1.4603989461941675 0.2565446346634476 3.6344107769013445 14.128809493211532
1.6001474611847764 0.5008740718041039 5.231905404422229 3.1851759573790086
1.583950782947448 0.33156563379641857 3.3201496045625207 17.069660988296654
1.5025089064995503 1.088052603807713 4.766968518045768 2.0954434628111054
1.5641164284490117 0.2541301317048661 2.7447470720792655 16.29552143852418
1.6422359195700351 0.6811873817459243 3.9410976315851265 2.5172120670280234
1.4683839753555739 0.2881754797435327 4.6255880496567015 3.1072567396234696
1.5934677583284476 0.38832744928196605 2.957410723010201 3.310134701271351
1.547666926846817 0.30354653946498 2.27865215652242 19.377378673792375
1.4767884135021156 0.2761731326117983 4.387210635824871 11.56711468746551
1.447279550205887 0.20844350771943282 6.665083264264617 15.711611483652062
1.5519195142823983 0.322334677799689 6.151715410887219 18.371574158659683
1.520034110543169 0.3265962445258773 6.31533957643353 7.093678247048162
1.5832423842644396 0.31489731744734245 3.474240239919581 5.400704033848806
1.5805240410802808 0.34330786875801445 6.632827435134829 12.223206606003984
1.61214992188365 0.40470379464233164 5.081597437196876 4.050948416245058
1.614359502621661 0.4703058713506285 6.290051437444102 3.4998759154254575
1.5945893207721733 0.3221443780143833 7.126151270917971 16.530733765346532
1.5951060217080235 0.32251586355931 2.6314277221819222 9.903914276107646
1.6044531012832033 0.3590626970620661 7.1900123400308305 7.531460233784431
1.4352688654888595 0.2524999393270463 2.541650488380611 4.011348469485386
1.5413842502625528 0.26795872113809355 4.129268380279702 6.69823837898686
1.4669768673547285 0.25523162044238773 3.4454058813509905 18.87088252433305
1.5965144916596055 0.34269930381530056 4.575672485854442 12.05407110468103
1.564205232262272 0.27907901325640594 3.8036967560070734 8.315793775984053
1.4815921179539837 0.35130462641553156 2.2538410700160125 2.4855247728975454
1.571096076886091 0.3320006260698191 3.911901188817663 12.343042623414416
1.481708835781272 0.3399782655763217 7.631163297543945 3.8251270840504326
1.5477556373328665 0.2612223546352183 4.0204759978037075 10.33649494877904
1.461758010584717 0.5149669107380134 2.463518729476003 2.1978321692110283
1.5678299797707083 0.3087749763582222 2.4539353143341427 17.813737748001145
1.50031798197075 0.3373471070568812 6.974092751658736 4.5908186593555005
1.4340388276912024 0.2501320152482574 7.120509968345914 4.995909412082695
1.5228029600161126 0.25616219390053463 7.067242812416178 16.192069450015747
1.5922272255375995 0.37734540141514283 5.317914710363096 5.827934778840046
1.5355131273654392 0.2510091905929058 1.8221850194978484 8.953853662208875
1.5351094071131346 0.26578731115325 7.444285249323778 19.784054920363825
1.5752116179918523 0.34290009469109106 2.4872425851314794 3.655701769471004
1.4972520125891726 0.2834024600403792 4.392290523713584 17.861642793623876
1.5617108614569943 0.3245648024596123 5.797344584338699 17.410525140296162
1.4597798436221023 0.23083138438126302 7.029996138494578 6.763104173244315
1.5737187449355177 0.29866790858787456 6.74556251575245 17.204836462952038
1.5497027052715415 0.3253875526366552 3.446098009204697 9.582795285069535
1.4329784387579156 0.23966507876768978 3.94396000201073 4.530908910778556
1.471317438333264 0.34160215927095516 2.6958648388607465 3.2315938177040042
1.5295738161948793 0.4420794816259256 6.752307579642909 2.679879063575465
1.4557840198759853 0.21773259711991114 5.657799393250871 8.257706604226644
1.481657220679876 0.23014306177473706 3.1972109316961133 4.688227737102068
1.576536826595614 0.2898964974621328 2.2790647434824782 17.857277398880566
1.5803613942084798 0.5611999119121485 7.5432423382876115 2.5711360930307343
1.5358489914551088 0.2750831322577041 1.8389966115013394 9.405612181141231
1.561251360636481 0.3200258777129294 3.901681058434625 16.82200501219398
1.5926153780670629 0.3159271480973828 2.8098889027846172 8.10977333457623
1.469783055406356 0.22820929210550414 5.390423503889399 6.629638859761624
1.5299196169489684 0.47186070893702137 2.464260429368872 2.714945965092774
1.4380108056254972 0.21609273315442462 6.311902109278337 11.892126933980576
1.5396492503724493 0.23694919628048336 2.416431621595941 14.550860947088518
1.5293712398393888 0.23206911970577754 3.0655702792749775 18.03666025578558
1.4512399718652258 0.3678795493541202 3.6437883940770743 2.566282915424005
1.5099368036055245 0.2712236007847887 1.8495493476720997 9.020138267549116
1.6001989081154622 0.4020533392543648 4.387124291101619 4.3338841528593335
1.539032942023824 0.28284447488895786 1.8735644810278185 6.759265372441352
1.4928007486710317 0.3063044311204151 2.3418877789541725 4.83434472050066
1.4792399706305934 0.3860985255264458 1.8255097550551787 2.433774960404432
1.5568953577493285 0.28557276637984186 2.032057582959238 8.125411153992605
1.589172252235175 0.30499182479215403 3.460826889229513 9.842774033848537
1.5559161535374515 0.3091739238353177 2.2690144551523588 8.527834854241839
1.5835919167215138 0.3311552251733236 6.299673710973708 16.823805606094332
1.4959495047817595 0.24878144438827815 4.693761951742912 5.462951097423819
1.475512213462196 0.3250854195651687 6.801760821920432 3.9080838716438517
1.4387237574136682 0.24696468450258777 7.080247734881795 5.555780399667827
1.479183530848549 0.28837400534786517 5.449765709784716 3.4832562503221998
1.5519702468118814 0.25702573254919636 3.4783253584181146 14.789200314790982
1.5946341897671408 0.3385047633736049 3.282039890338474 7.3126690497991
1.5844536052834264 0.34103813182186243 5.227360699080386 9.761239173185604
1.589705350584967 0.39026785274269765 5.00784397984046 4.671813228095388
1.4910807499228533 0.2590815976590313 2.0303187204720627 12.895731214587112
1.4500489688463651 0.21377130901847718 2.256774529942594 6.893938211735028
1.5556298186252677 0.3284653822508579 6.2913975487246745 10.530474007496768
1.51916631127123 0.30255539924530606 5.207813477777523 12.037870688914376
1.4518907864334518 0.20862458240949874 2.519832430323989 9.782264977020688
1.5810967045445166 0.326265640975311 3.333912624044469 4.930716525664424
1.5022629288914002 0.28281244091077384 3.0322247293606672 13.69973156962067
1.5909486058940392 0.47638860670507366 7.0370402148585836 3.0927441990569977
1.4545441328357107 0.24374405528865176 2.496329532501867 7.010542335883738
1.4721233960812015 0.3496223940304103 4.321696802721772 3.222716726254144
1.5316548001125332 0.23941634905135648 2.001273154376599 12.668994472165323
1.5203312489831617 0.29203795131557253 2.4215718477309505 10.998927513382057
1.468923375759394 0.25380052620048316 7.878663651494234 19.887046728979403
1.5211882907804464 0.30051432209818507 7.688772104798801 4.73614854245628
1.5041005081340093 0.2901090734761578 4.125974215474789 11.93733521585796
1.5060067707167115 0.36673002410564126 3.533299458140773 3.5567112384065758
1.5881071179380926 0.35057802089574824 5.838170644215357 5.720894434666086
1.524070055079365 0.24685088320829296 4.280779348348896 10.85385906649723
1.4843932772606565 0.35621547850548957 5.856130071520225 3.407555660534225
1.582055268307744 0.6433847126462349 2.521836187735034 2.307787466690241
1.4566584043059883 0.24916878940058404 6.022289160357879 9.999346933172687
1.5608752464328863 0.28890568301428954 6.148188363512331 13.824808212818498
1.475349720930752 0.29154221658742263 3.8879195943565845 5.326258304275775
1.4614554309887544 0.24923682432473993 5.928761474740595 13.195278568828106
1.5819875317518965 0.9964750946605677 6.964928265568325 2.1763695424209586
1.5097114278243682 0.2688530304899619 6.619204169851411 6.04101284824163
1.5604193736114649 0.298452260794977 7.142914945153807 11.076729816766418
1.5082411583696769 0.28865955226715506 6.582059948084485 4.464921733019931
1.5470848163897497 0.2636145415283556 4.616407392287835 16.748492292962446
1.5668179538960376 0.3386448697003601 4.1823086158641365 4.098294596022322
1.5205059687625782 0.29723067249361423 3.410102538502708 12.611679217988549
1.5667126372858742 0.30059136698264866 7.915287770863419 16.502137991124716
1.5709779569477056 0.34900853338726173 5.799015583436877 7.137056377897341
1.4763935293160488 0.5097180243669417 2.9735913201765003 2.3494681316241186
1.4757426038128028 0.270321879117412 5.799899779003727 9.734626874753268
1.5454732112215521 0.3133038337711061 4.309286662214832 13.485121294239123
1.4894995892243759 0.27799320341277456 3.5350124862793413 10.602004684441194
1.5889340806646477 0.30949089556927395 3.239847018247211 13.202864135796471
1.5699216148287478 1.1370310624510287 3.5891345474762755 2.1173332463650083
1.5536869545632475 0.3759186064761298 4.274322923596946 4.387363990284268
1.5696495829311192 0.32793478310901064 6.328246382270307 13.177565616913684
1.4451220175826913 0.2404328568547883 4.147662494297591 6.649417138948877
1.5788655992877614 0.3610297598811619 5.750869794721787 4.424081233929369
1.4461689237873574 0.21511796081917695 4.32539872818759 9.108892701146956
1.4792769101399164 0.3130655071637865 3.3357391354908925 4.113723992581027
1.567189023402935 0.3208909446562908 5.257660027492882 16.56804278365141
1.573012712703228 0.4393957277106358 4.2953271883980015 3.3611711148520307
1.4813059548842658 0.2515829300637826 6.240798229576212 5.436433813471097
1.4725459691354525 0.263654188608986 2.215575373832842 6.141937424273925
1.5475315518986106 0.4334151156675293 2.2613521647127257 2.893292923288163
1.4947692780917428 0.5386660113834679 6.624381588117337 2.406634856786461
1.5744513533255744 0.30898772993138074 7.266139544134188 15.154790336498555
1.5645215579968585 0.29655076869348035 3.7384991925850812 6.247458088094525
1.4467365979662232 0.2260622385497422 2.777290366639478 6.91547528209405
1.5824161342902565 0.3040092757096498 4.239007618597234 11.72120669894573
1.4451727884700813 0.2313024463718555 2.4455660270315516 4.699901472680752
1.4895665410575143 0.25397460609900785 2.003880805812428 10.7388571409512
1.5854078858826441 0.3859140147090293 4.666529758201494 4.515498021236931
1.5895188909461289 0.34167829440635533 4.900936104486603 6.994585118643357
1.506046340841121 0.21927155581304672 2.1864968575296464 14.48094515902421
1.4978315108213796 0.22971654480113016 4.747640585256587 15.13456632011914
1.568428047131012 0.29778669760806226 2.4098567959384933 6.8998876845417065
1.5031094069114048 0.3787669481179169 1.935424329733877 2.814980553449151
1.4559500143370125 0.2337120746185231 6.785966103382723 19.9260738627704
1.5572757227399445 0.27959043044911724 4.207604287479237 9.481763402210444
1.5740177654346663 0.36050780784325476 6.126053198354717 4.3798327115103906
1.4540727911462015 0.2398888243024869 2.3666145049344074 3.674734046785135
1.5052539521241561 0.34126944224309613 2.2329387999601953 3.5749132504852934
1.4643046231258325 0.20953946759945866 3.7693273512516363 14.768733344513695
1.5528968847901714 0.35948329472804225 5.345152450902562 5.132497974253738
1.4572251263887888 0.21453838551689078 4.857786562258738 18.669642285696305
1.5677355601022844 0.3298799026064437 6.902266742415122 11.079838467683262
1.5717606311154344 0.3752411021957444 5.446639748721324 3.77089583571067
1.4877705218873678 0.28471574008689776 2.392435921729763 5.772079659535114
1.5642872653054465 0.3470168179969191 7.234017151970287 6.853257945047082
1.5517536133016683 0.30142222216701847 2.247021707545695 7.518084898901078
1.4881090833747965 0.3011337991670432 5.7814257924353045 5.63203467233668
1.459992840875981 0.2728399674741053 7.220148167022026 5.456557935171349
1.5296196395175548 0.29401804939498677 5.56647136618395 4.986050883810769
1.4536130328992005 0.24992031399951062 7.980909769899526 7.679055290223257
1.5434976268555904 0.41669208556388565 7.056524867777352 2.981936361225791
1.5498028538445774 0.9991125882833126 4.597917076203412 2.138924562817433
1.446632065072491 0.22973693769153058 3.023762888999229 6.316226793524486
1.4672658057478494 0.2146578987589743 3.6054806131124493 7.930356110258947
1.5813880763247894 0.353090882729328 4.620131955630915 6.021335375216841
1.5117632112059716 0.33811765312956815 3.3001326139938265 4.292951855952318
1.5807012758887309 0.3131433181121987 4.085332050844616 18.465516070255084
1.4972528709983344 0.26456631972026384 2.4054491537571185 15.545896280213132
1.5824097873982734 0.43261272844097604 7.85490687474654 3.5865311304206715
1.4964210675616603 0.3215623046919652 5.064434241188961 4.659901955193434
1.4907377652063856 0.2844775938525177 7.948433828076267 8.924291032133043
1.484960169598172 0.26061343740053033 2.941321055876789 15.084550960905572
1.4513834884198866 0.23751526892461966 4.010300219641992 8.115416687211553
1.5522567678556316 0.2580835620426501 3.3306750616071694 18.617932371619638
1.592722081687761 0.48873884709897786 4.6892674772692615 2.9326496269546056
1.5431732471639341 0.3420720978661926 6.282558702955388 5.8568747235111775
1.5890078576154194 0.5196690052348488 2.972439742974565 2.6260195241390725
1.5656079169354609 0.36404971182841417 7.227948016557388 4.366212408630058
1.5717530114118858 0.3232299736368587 5.594720385220015 12.978781185396157
1.481314952513535 0.3267606525687732 1.9450058496290603 2.7928195603503188
1.5634735162681133 0.34145973644238264 5.91227003396583 4.621796591124486
1.5336482989429578 0.3076369074218261 4.621457307625444 11.250851727266658
1.508828709004948 0.2739962760893001 7.315244141265113 6.261796268712622
1.4669087598735318 0.31309633350577837 4.305050395690772 2.9989502314702206
1.451066197051559 0.22639762098390817 5.219324465550528 7.370860702179739
1.5472029223952446 0.28644191276594283 7.8273052493818955 14.169965372284409
1.5047128233634772 0.2862060756053267 6.089727881174928 13.04868966760636
1.577171252330377 0.33428577802517273 4.922146801621784 8.21152489921477
1.5561683180945969 0.3443643287519116 3.426501463346387 3.5324502672042954
1.5726965186842297 0.315324064727217 5.571731799247591 8.219924163519254
1.5221460204250983 0.37724644876972896 4.735157673915439 2.9133693359353683
1.5270386406024634 0.36486300226074864 7.115289112920181 4.114188222614827
1.5277440288851971 0.30484151880723126 5.840877045965461 11.356753279722515
1.5143224690834254 0.47711483493956897 6.962642721817338 2.593941028598146
1.5382195264357614 0.3008438592462756 3.1665186758394834 12.824429758547776
1.5667071884808776 0.30650956738414964 7.0212824420220095 12.23136680065248
1.4919797224702136 0.41434406219286507 4.051241917586125 2.7879137501697127
1.5775391064283535 0.37674330772671377 6.884265764259922 4.730785280754109
1.5568138584706062 0.2898528124643081 2.3309201749864306 9.317829340007131
1.4541718441691631 0.22697018857750645 5.692619241071277 17.309214629143117
1.533729200620154 0.3047608284219874 5.154801079899464 13.021352831712393
1.5424522718399474 0.6128937936775628 2.527827178905239 2.2517597969180345
1.4669818777121448 0.2676336432223147 2.599197584824581 3.217353441551985
1.4611867903229814 0.22165416439026558 7.886966381753466 19.23259106074778
1.5511453859846853 0.2729122397076268 2.2338077167648605 13.00588360723571
1.4985892416423827 0.2749180703330447 4.174786041061166 17.114826195523893
1.4817173509270485 0.2754115589261238 5.023695972035428 8.307936413516307
1.4500123926985067 0.2256104693455148 4.722201876230183 8.19429498883296
1.5038412484318116 0.2867383053935302 4.390074956399748 10.846394278038488
1.5351258169815067 0.2539689570462613 3.6047213973244077 10.172318539606733
1.4717318381193252 0.21057619360848565 3.1253322665030128 15.345491276977302
1.4555301171565111 0.27169082113229454 4.440151629844002 3.5966706851703707
1.5419130827252454 0.7084641654050061 3.0667546168706137 2.1925719546941873
1.4857083008040153 0.3224779947692445 5.815926506097696 4.106082972838982
1.5327305471094064 0.3006260318545547 3.5635940849354455 12.001531959279713
1.4478450673543717 0.2292850921622412 7.20472645905213 7.926594256063776
1.5266954949830915 0.29379564233879163 5.191879377135206 19.772990008436764
1.5508931468746017 0.31444331184764973 2.920523932970209 7.998021328617275
1.537325848326263 0.2750138029387167 7.079179063402597 14.889817377262794
1.5204481146002804 0.3655030867015298 3.594759902778063 3.7022859460796145
1.5084781128603 0.33917346114698044 4.8374392153914485 4.2867443125794225
1.4692957459867948 0.24006147838457612 2.434385956182033 9.656477738082385
1.5733547684525666 0.362402013110425 6.690445606998203 5.369124046406462
1.5353470155120412 0.309084738603818 6.557237315221258 11.159743556175894
1.566066753218786 0.33528555235049695 2.6719857016252604 5.0568140526394725
1.5598907330642535 0.28761794871136287 5.037744087427218 12.300720525657797
1.5228010499929323 0.2965321321665237 3.54147515988888 10.80674059995653
1.5694156969613529 0.3770037074453419 5.762093435264942 4.529195084503243
1.5299837935312472 0.30789637303492784 7.407262742171605 5.134301014554023
1.5774546043390214 0.30588173357872056 4.380808235322694 12.841946951987715
1.5638615511083573 0.30261502536871115 7.9489298196068034 15.576796159066932
1.573198097842589 0.33422976678232336 6.858218164703907 7.50652566079375
1.4609420964859536 0.22203019812592267 6.687497344816544 17.795873387817544
1.4953816250743257 0.6290184888319023 3.9011305007330632 2.237831494590243
1.4859387802542714 0.44087629859734817 4.679460307778186 2.547403743635308
1.5443898436230608 0.3295995132913337 6.135471824646848 7.090966554985842
1.5652096291713846 0.3624966809140126 4.499081922610224 4.856609688109872
1.5447530067023836 0.2732917934760774 2.1981943004722377 10.980813339929707
1.4693606287129712 0.2509243769367795 4.049336285917159 11.722058386248683
1.5615206281962442 0.570438658673497 4.176300917931113 2.418321321713564
1.5577546236073716 0.2942521517091506 5.04865598332687 8.590660995300446
1.5820993075763066 0.39671064321124855 4.092365106190515 3.7959724257644405
1.4652706530763044 0.291635808611256 6.248005992917374 4.338616365768496
1.5165422811853757 0.305843982508157 2.759992156603434 6.045347426930681
1.5445095240565747 0.2732062605560171 6.038876717163327 19.92195682693515
1.559232861644953 0.3137770520449328 7.8286020258187845 8.307443963190119
1.5067380034926257 0.6843021695501118 3.5549452462275566 2.1830577636562842
1.4828707326466732 0.28199652667333824 6.1389146829329215 6.975918001900762
1.5249703469222171 0.340233113735419 6.991852754836406 4.933821981784218
1.5455370779395148 0.3528383593762687 4.7559700295335805 4.8918358036016585
1.4842707908751056 0.45596078999253276 2.3446663405949426 2.4160405088671992
1.5856834925285554 0.5270829010576766 3.532959705007434 2.626672514876526
1.5094830222517124 0.2369245469173244 2.4640992175266847 6.469046551210424
1.4958955653729915 0.6129305558578911 3.4677248381910055 2.2207163709214663
1.554353696122098 0.3222833234791014 4.505099724755352 4.555081921289853
1.5682398363239847 0.2969538848698438 2.779776366566984 10.994587678701652
1.5704741716568593 0.29282145028458095 4.430924310877192 15.922517330607201
1.4635621663945795 0.24955734170087956 2.249811056036661 3.742772245174007
1.4824930624409212 0.22922832483308808 3.8161013091116756 6.8328047434384676
1.472801642388812 0.26218273975025175 5.076169240047125 4.240152835390713
1.5696063671437752 0.309427632890229 5.277599322864919 9.17432667912401
1.5725040196510043 0.34035905674571504 7.692378140842121 7.423255792917498
1.53273306050977 0.2430620585500485 3.297263054079732 19.320702094400062
1.5573883774108261 1.2293168805705854 4.745298274357416 2.085683588190877
1.5293391234686973 0.2616624914325842 4.655745543194984 9.48714452356462
1.514070190841274 0.33072388846932527 5.553333936678996 4.886006631014367
1.5447280685805809 0.3099761040524747 3.4690143484102838 9.512749322417434
1.5702950814811687 0.33825675893499774 5.722007593156754 6.920444086726633
1.534544645139098 0.25812241466833136 3.2271323128226794 7.636573981584908
1.5188166565215808 0.3475474790990996 5.16180412697705 4.292604037455734
1.5085562145635332 0.2426517204563607 2.0360702819005985 15.113513671201433
1.4819818550069659 0.5102994868450702 2.8727231730002853 2.292751550596431
1.4532118983611126 0.22631486117808822 6.155155143161355 11.615559603907725
1.505128378060276 0.2827491010199603 6.054356639810491 14.044321469316962
1.546846352581606 0.2976697350061756 3.2043222544480257 16.17699021582846
1.4607526017298456 0.23657633165682648 5.848769515123939 6.719174450219366
1.4877505784154974 0.22801263219306087 5.00779894952049 16.423378735223448
1.5695477064554217 0.31425563708199145 5.868983157703495 15.253292156891357
1.4879974280449035 0.2545902745792346 2.8582846698944206 19.824608663183618
1.4743631152119532 0.2533373142240102 6.26047689810343 5.516601131698659
1.5167802816807756 0.26163075047363366 2.1072623365331884 12.793652575807188
1.4751463354800791 0.2132016808625212 3.1283769217722948 13.943541470060948
1.4963361776861968 0.4112741206512273 6.960950370243502 2.891929262030658
1.4595470661014835 0.22819510488576208 5.243467266884551 19.559392789679613
1.4673017602181273 0.2525248716378728 6.414866696872143 10.699351287119686
1.4789599145720405 0.23254148370802116 7.953282702944017 18.690318540675086
1.4966975077093339 0.2748975571843327 2.487478473304426 7.787154308509006
1.5123555501519392 0.28218858829006843 4.7097354459437994 19.780633499621665
1.4634160275011836 0.26773425124604977 5.432439735436956 4.157860547562393
1.5536942343548437 0.28007260555621605 2.457932796132452 16.825843560984794
1.5601378447579624 0.2785955563910286 4.242219369857918 17.17558109563901
1.5011032935134871 0.3048371621601867 6.633658245932241 3.950310227665835
1.459693073195981 0.22248710572704677 4.600654304015739 9.639653705149422
1.560881941624229 0.33872583221191144 3.6298083696898935 5.8062520858915185
1.5587648026089844 0.29348654218460923 7.044386122286186 19.517654999134066
1.5539855274622263 0.2976725809805951 7.566919067340756 12.014513144164818
1.471119138262137 0.2681672517832238 6.189224137273397 7.08239179445988
1.4662346062675566 0.23503383322214882 3.2820867093006543 14.293300326679281
1.5129520644644106 0.27345604708290416 2.6933398601242358 17.039357065427424
1.4854956307795812 0.274560641858552 6.57216562023193 9.186055467412315
1.5438934789282306 0.2780916041306801 5.603484949941865 11.663440676088625
1.5120369123342812 0.23342407070709525 2.1932133829842404 10.904735566018097
1.4915031577016484 0.29354598375214186 3.393697868539214 5.578856810594456
1.5255439009585925 0.294449018949786 2.937946478397974 9.516749678501917
1.5650365611154848 0.28803333764600897 4.634705587705261 17.463005386204724
1.4975761136296992 0.2277131053295249 2.4857652910015346 7.17010857910611
1.5538388469439606 0.3115268928298259 6.188977521454293 14.433423045780367
1.4643888627742536 0.25363813262023854 5.922890603554304 8.562277608038256
1.475317467434607 0.2420392600764399 7.033263632704924 8.192647991350146
1.5603840806290497 0.3202099820747284 4.926311242375468 5.461481946277666
1.5674927993786654 0.42779183559522055 5.183140350526955 3.282319867220083
1.573232226097414 0.36258928521094175 3.8272535818585873 4.549445751854154
1.5631941991973557 0.32930216464674555 5.420641905342171 7.845379611125198
1.5084324703561502 0.3638210949703521 6.790588222359355 3.1930515468879515
1.484913556334707 0.222732600815324 3.4023117534428167 8.716534328845961
1.550358747805027 0.4288731710473095 6.273411369174502 3.0446453274086904
1.5549588350185641 0.3290826129866247 6.453255925692109 5.375769010954993
1.558547379919112 0.2931365995863503 3.0481190122714716 6.146104821319755
1.4943147349154093 0.25449446574040135 2.4699647167223078 16.65368930058022
1.4869596368618443 0.2743633666073782 3.6344346496504834 8.089082657679873
1.5352926951227075 0.2745780042611222 2.313833549306978 5.3173546181673785
1.5015537046273497 0.28953743145064853 2.555962385792804 5.937071876425639
1.5272326219453967 0.32359261819273855 5.67245823185764 3.9278603132889667
1.5154875852779452 0.2805763093739495 5.418472540127778 5.246691392306237
1.4886931696647114 0.39418436463599005 7.488721995967152 2.9025329278633842
1.5294672851742166 0.33986307626056794 2.8513102443986895 4.2804905658022046
1.5674808967451614 0.3817619953399203 5.0092155770950555 4.035713668244155
1.5122516034156357 0.2844120621306734 6.810598535671723 16.630079366755027
1.5296796041716658 0.25674221004926645 2.182386863535806 19.027305616422613
1.5449383859777046 0.3613329119152594 4.80975141144482 3.4354980974716356
1.517034628931683 0.29630799030773874 4.000898055329538 3.9101493392898616
1.4586883442697758 0.2515341969440754 4.729456952350236 4.64695535034271
1.503190541183577 0.6399916291398865 2.5389724744397313 2.1887448344124802
1.5653658170945888 0.35084627610849894 7.063679555777817 5.637802567949599
1.4565943283742826 0.2482531193871353 3.7535921509302046 5.720368328672013
1.5636490305557424 0.3309309469534701 6.301312269928956 6.412205503122562
1.572968906126445 0.7978875065845649 3.043582845026002 2.213519281436177
1.4753551119925494 0.287572041011073 6.135652122931629 5.147373738185657
1.4829516209321247 0.265440192501028 7.523009434160745 5.588952226790768
1.4976321548434468 0.2732706287788237 5.823662179880898 15.738354300632666
1.568925287743789 0.3042842012911761 3.560252427301009 12.42615290209146
1.5373667368166262 0.48627455084994364 7.788282664889905 2.727688958235624
1.4609358735829623 0.24796542831919094 6.221557192347925 8.660766250594394
1.5598352846680097 0.31336303689670203 7.376794955727732 14.842275771187905
1.4593689817254345 0.2279321893465513 6.290305724510771 16.99742571753319
1.4849488739036447 0.2584285064709384 3.022676342044517 11.67276800044344
1.5137919446271435 0.28727716582779905 6.4062973663905165 14.161782219397795
1.469276448267192 0.24349595961253528 5.582703882639251 17.561395731300323
1.514081921448506 0.2684338467311667 2.2659665045622646 10.850314559947368
1.5739788182683734 0.37726481405290024 3.4781978460040057 3.7463114904025616
1.508495434712262 0.2810540199398758 3.6191357640319755 12.246473445776827
1.505002760339971 0.632208892567709 3.579204738161023 2.244834487621963
1.4791317922414442 0.2491871797682975 6.3237714812372 6.681667564193974
1.5247257306203288 0.4923495767686124 4.914497343682178 2.606200325427695
1.5119871203279436 0.23716185358871808 4.151516460798677 19.315636613664164
1.4972542902147743 0.2885582676690472 2.305688314965817 3.296081108796916
1.5626549141751749 0.3598310573269831 5.450936011622876 4.729634333184588
1.5425894503862767 0.3546205647896687 6.557191013443344 3.8922471514998715
1.4656471092455474 0.22252931100509757 4.046267908811154 18.250757498834858
1.5496372950013755 0.2787544860884435 2.444190801119549 8.407697801964634
1.4733283842999563 0.2914237743721506 5.2951323113190805 4.630132821699748
1.5037234955555676 0.28482804185183563 6.7294568750656705 10.775626070676266
1.5142211249748874 0.31998741884335463 7.57515859573482 4.1689927853429625
1.4875137169513941 0.29281347918309436 4.138987561273744 5.442765351078963
1.5442719169619084 0.3649591393319891 5.726683408418645 4.314714814756374
1.4777088833601808 0.2618944609926476 6.388934466854876 10.522403089010934
1.5488284097443117 0.28140558786720543 6.217103022497685 19.535226054418573
1.455157337261264 0.2313254958922359 7.033226327125647 10.503922792219486
1.5719947417692794 0.4091172846229493 3.3194610707705863 3.302056984012837
1.5464228814584582 0.3140018430471732 3.9353396410388743 8.331617638831741
1.4754782252399203 0.27359971223549107 3.714656982546161 5.8746065315642255
1.5575252364414447 0.2819813210800307 4.206930101675994 12.71920379323873
1.4730791390295703 0.21775355456800194 2.6659249053597525 9.566596152742312
1.560649079113237 0.30683555628532233 5.230197371731544 16.06534547800095
1.5681977642981852 0.29841549138146173 3.9992127583893264 18.955827686624072
1.5555359351218 0.4255320584367401 3.124467735060758 2.787098833670073
1.5699165836376117 0.45232343086762616 3.5370472226434724 2.9716166497967076
1.5320646209531765 0.398533008955136 5.230228083873007 3.3582468528797698
1.5244403497499808 0.257727800435148 5.676030805695896 17.200575894817142
1.507961547487735 0.24795310197709228 3.9083816880342748 7.028978837418276
1.4614359172403768 0.24448263269107934 7.904745817894329 10.07055412700554
1.491917293488655 0.2469650789368594 6.818951765108664 10.565323054559405
1.5539717618182594 0.26816553058536113 3.0995854442263364 13.848514017427384
1.5153885093825785 0.26971394460336 6.75289452452556 8.342400228887852
1.5275956892327671 0.29719420078352554 6.156452859924845 13.060901936114501
1.5024801188734902 0.293163160039845 5.2000174309231255 7.478984942146511
1.5089038835608939 0.2831163175879079 5.553979801842397 13.72554327853246
1.5224100031037862 0.2964998171045833 6.167249026820432 11.422264581497762
1.5264005649396064 0.2916771638659589 6.25873780864563 17.845263062459722
1.4739090256090828 0.23195933104419986 7.208646278543771 15.164330011283495
1.517954380882649 0.30448107362695037 6.038439476200138 7.755643481755483
1.5614546684158332 0.29663475750672297 5.328107116375232 12.704857843885339
1.5115062298862187 0.3082346745052502 6.535813858139038 4.207682625686932
1.4650885569960996 0.23878150106250087 6.689608853983951 7.777178617281502
1.5550381858562639 0.32627682461554897 2.7705225883817004 5.223333796470063
1.468591961457994 0.2529752983909934 4.16666532312925 8.47498212692085
1.5584889092851624 0.2849379231699253 4.5707819864358274 14.385318373484509
1.4754060681224175 0.2668299101410505 5.71759665306124 7.769216844919049
1.4608489855775901 0.24376598128334923 2.7471222507560054 5.567890083019483
1.5494323810378612 0.3126642106612726 7.825724795118855 11.688333192147011
1.5280810755947667 0.3834097047464296 4.775591689976336 3.4921698804057755
1.4633212680466972 0.27321850990950725 7.324625810754778 5.090193783346543
1.56284817863884 0.38841821564262974 4.517154566400114 3.4085143000065594
1.5615360417077127 0.2869394200370427 2.9249436762587777 9.809145210439528
1.5206638680964888 0.32947193599376906 7.4529688610006755 5.182663372452819
1.5444572275368715 0.4168452863796715 6.086271009226924 3.1049354282713697
1.4705416762520485 0.2311101808995565 2.581371310834605 10.04910258059543
1.4832480097801795 0.2589544956304478 7.425562969040172 17.048663660424765
1.4608007382383559 0.2706975544125218 5.416206721980817 4.477574364699148
1.5460698442094234 0.3053814168859381 3.4796138387289504 9.772302548360756
1.5358326857015663 0.38694729369723496 6.921142475143668 3.6433660942482193
1.5624468917692158 0.316682153624279 7.51564892060394 11.860651997590901
1.48380973470432 0.3339392815534033 6.53910125445348 3.5971909804111184
1.5327575766826818 0.3336264927259422 3.146716569463581 4.701589680382856
1.503836616933813 0.2867621603399838 7.623675274833394 9.790618493754037
1.5519135833771842 0.4021785168707032 6.0994034937690405 3.523006559583573
1.5172211220467018 0.3237306358059199 2.2736317899522063 3.8459864452802544
1.5304842052696734 0.26809842021322283 2.3388176480672587 5.721770135343888
1.4845740127133453 0.3017472291127703 7.5662193193580745 3.9799674716342275
1.4616980757874916 0.27677946975743734 6.710885079940592 4.600927211730998
1.5177976430816962 0.2853041514154189 5.647306283545511 17.761970299479838
1.470557617155467 0.23516561383194834 4.465002859408664 6.339288797095371
1.5692751859328231 0.343153834535976 4.000361365643025 5.053004813165374
1.5136378861107607 0.23709523361990886 2.575055642586123 8.718987532689901
1.4655764008289203 0.2450845097885254 6.852653112224443 11.71817677431767
1.4617185716854668 0.2406437225585359 5.971387412269236 10.819747724039367
1.5233005963415942 0.2632662444676322 4.148613714006778 7.041547807196178
1.5085741663278829 0.2810677245096249 7.027503329358396 15.45667804852751
1.4625329190730145 0.23682288214655298 6.556903664863469 13.958513136875245
1.5062924129151736 0.27967525433233315 2.2062828645792667 5.6797067718607
1.466590520752558 0.22318072236150865 3.952175094660735 9.381287073537601
1.5320752544518714 0.2965121472693061 3.292769936519793 9.917901314519241
1.5565107598076933 0.30237714111430597 5.432929419222955 19.453359114538046
1.4852678177236214 0.33509300677053744 7.259516634081069 3.3837584172754336
1.5630477622489332 0.28577176791468106 3.1258475477565133 17.06279117038336
1.5615621641907143 0.3092913753120374 4.849082318389378 11.398919459668736
1.542587462679923 0.3317727767280776 4.761744365953195 5.784402335008271
1.4868295575036268 0.30183495717118786 4.489903808154894 4.692764237740402
1.536665519000854 0.27697250840383275 5.593592411415518 10.018268551301242
1.5024461768954316 0.3596787961046341 5.360158366860782 3.0301169616244064
1.4657626880148782 0.23095265520986594 2.5333369393327767 5.5816842382637475
1.5033970872259008 0.2754725361911747 6.860130167359501 16.96995265538681
1.5132206750056905 0.2802232105136494 4.239561124697427 16.365372047926993
1.4858602856225784 0.2602870926299412 7.463988304571266 17.438413632923037
1.4693881829716808 0.2949924236769894 4.6914370444639415 3.6319961867416057
1.5444079093692666 0.5514563871261587 2.9166100457891133 2.448546634774233
1.4685092383956346 0.2478165268642087 3.5279560129559258 8.313938347600581
1.4955212189207976 0.2617998718978062 3.3563618356950444 17.318506299220793
1.5474037106615097 0.3094948617652557 5.654341356110408 11.15342994941081
1.561018270997013 0.2964026073216625 5.42546508572998 19.510867248726484
1.5660420081277016 0.35123405369930455 3.3397835483263507 4.059825104419262
1.455642941427679 0.2429396705865538 7.48365741275623 7.047568376549574
1.478040354950335 0.2403719786687132 2.683587113219297 12.103644526553222
1.4731614728309799 0.23329371954731246 5.085844457270394 8.612357034061876
1.5377006932088468 0.26373674794915963 2.5047208120009565 7.848540182002996
1.5600434184554053 0.2936030206819801 3.085953195577396 7.478490915730491
1.5383531386001423 0.30155258075696517 2.534495760117138 6.30193517760711
1.5050836311011688 0.28777536989839586 3.127729545215659 7.099767763280358
1.558009807707181 0.27854455334291706 3.895571403027966 17.169234487585765
1.5351430461062918 0.31761204366357265 7.0008123553089465 7.3777153833712035
1.5344189535294057 0.28506036069031354 2.7586490751884805 12.417044947462177
1.5380730929096158 0.27707848602719937 5.269946366877763 9.770344590085221
1.5611823638300355 0.2983733292066647 5.178578506503957 17.71859511289539
1.5554856279151652 0.29815880735215533 4.708593554140789 7.895745967367398
1.493689993831525 0.2780043134177606 4.56896841844324 8.729053203699761
1.5030861841623318 0.228521671550874 2.4003959248289157 15.58915326145372
1.4847087723658647 0.25887424686904403 5.3622201320587095 15.904397636767658
1.5181458260587857 0.2776948591442813 3.5417092972274267 19.704387380010207
1.5595259086111628 0.3308039793992443 5.385150133900376 5.928677042920596
1.5303568343664327 0.3945722261637717 6.168552320541121 3.171289567065285
1.477400681216794 0.253883953947457 3.091026829596488 8.768723533694388
1.4855742228656754 0.23658642986946624 5.765319370269125 13.207058669466674
1.4676781156160401 0.24927038386575576 5.541495652179371 9.813290121307285
1.511384431964191 0.254838979534181 2.2948526761324413 15.867396193028892
1.5387305573042394 0.3224401284878896 7.373677876862441 5.207176648335845
1.538389668405864 0.3053723170830352 3.8272458151386077 8.717924488010802
1.4665745826828647 0.2793129958259503 6.849083068114598 4.781728775089778
1.461788948524633 0.2446337497113201 4.26767894048184 6.951459226081353
1.5408167732881637 0.4119882493090388 4.8727059854172685 3.1936040340806446
1.5581446239973888 0.28889273925412856 4.815372974674574 14.841917152506548
1.491971452272054 0.2313314488552147 3.213313231288746 7.345835382760264
1.495148343907018 0.36538099841041216 5.821826909751808 3.157632708582374
1.5273542740128456 0.3057198863015971 7.171954934798796 8.740597588921254
1.5621254575386838 0.29209897434113646 3.6150381469573722 17.42035037588349
1.4616166668565471 0.2383737662395426 5.623082882971605 9.783960373619696
1.524719252943538 0.2656067649236202 7.287264015357602 19.568066128579872
1.551632899066015 0.3167333005364106 7.229470497093773 9.531415339227472
1.5367251215287865 0.28432118777874865 3.0740554679565553 17.44561805386695
1.4611965414384667 0.25199784346847226 4.324490345882826 5.257084916665887
1.4755979950669142 0.2279671500577448 5.0651668803913354 17.791954534709763
1.4829000128283276 0.2565954702556953 5.834662111976694 16.262498866414777
1.5452156832391566 0.3793579577080419 7.877882164869103 3.7330070781346327
1.5565705346568572 0.33858959143935785 2.8943819157338435 4.3983582745746395
1.4861584660640914 0.23808841132855238 7.079111546491098 18.577964314967144
1.485116551925751 0.29969286902215975 5.376376428230959 4.758773934618
1.4633103039598199 0.2618057926793385 5.134992423901365 5.322367619184373
1.5569030219111144 0.31688910278328125 3.5835274144097085 7.050725137428735
1.5154172707804392 0.2751828969690303 3.404108046232121 18.084798192519113
1.4908480976405343 0.2809718211842073 3.605424214614466 6.487279252115316
1.557175356625013 0.304061830574807 7.005779800196483 17.386811658858075
1.4776657613496158 0.2337763673488224 2.9333444033041585 16.890169911801117
1.5205188863148198 0.41528648024138254 5.299403604135262 2.81501463076866
1.5081428811731197 0.3116881281017855 7.396304781330383 5.575429179070808
1.551901964381953 0.30333930553289834 7.163205867075494 10.279296006373386
1.5427060801631032 0.2944535113276746 3.9224129393663847 15.043161710434102
1.5452562496007385 0.31323705891437525 4.489381225565033 7.979069269273143
1.499962152318098 0.26057153396384025 4.486077626296576 5.508409439935527
1.55206382696747 0.3512594389019046 7.80325982234511 4.746974967177906
1.5222745096429124 0.2489765644271613 4.224835200982694 15.917743556159154
1.5324418430464566 0.2675456742159758 2.7345305524670893 6.089223439064998
1.5305967010937147 0.31351723260448167 7.252015871626141 7.404519643060821
1.5222527898825504 0.26166563573687956 6.132731551293176 15.93052943714544
1.500948313552143 0.250099445852087 4.911173236295477 7.940597049861967
1.5567297681956063 0.299713416402372 7.942046088168632 18.030865577150394
1.5558350163731078 0.2975680258206917 7.037298624095615 18.626060492857956
1.5557000219107975 0.31260291049771927 3.6285370536129724 7.66667398151484
1.5521312703232566 0.3399779508337921 6.048727226926202 5.324561796559248
1.4851296329436807 0.22966492196527874 3.700388788728583 8.61799806724775
1.5512744855470841 0.3572549897704837 5.490744158780023 4.118995036102316
1.4879214046693199 0.2616956928034217 6.728979933632518 15.756458647813222
1.4797359970912412 0.22660913726352844 2.8297846651309424 17.973306660860082
1.5549587794794304 0.27294473646535433 3.3481336771169876 18.41595331840279
1.510384277227624 0.25186960504902534 3.242238708576055 5.964804252753883
1.4709230716202308 0.27719740053759384 7.749014177707548 5.317741951350574
1.5179077445535358 0.2666168627639846 6.417475320024262 10.461717846705028
1.5035022668910067 0.29276915090851513 5.59660730776335 4.319872010012779
1.5417111333285052 0.403059397125466 5.35836893732614 3.1059317713949
1.4644694431430807 0.23391266048932272 6.453308843849829 13.520800861778904
1.5500396266030507 0.2684692105820503 2.8273803865704403 17.108908397309712
1.5540764669956126 0.3035080591946818 6.81964925761271 16.36576659025543
1.5358003639136535 0.2766582636055705 6.086714419095065 12.928445157220263
1.504998144701487 0.29210990004334597 2.2253182104936142 4.306938349898581
1.5547396799534172 0.3125020239040889 3.6932094791749903 7.664409485353627
1.524362468709802 0.28268248636773435 4.064490735561074 18.715642877758857
1.48925183457292 0.26309187626072905 6.108489337270858 5.948325256125898
1.4629436358877985 0.26337064118360953 6.567957179025374 5.389334901924977
1.532548655440133 0.26331000919553743 2.3785041868075774 9.9426675824867
1.4633740281238754 0.25606939944705087 5.9053336022443 5.715099646277229
1.5011124898755073 0.2749505505482297 4.922439048428452 12.507000944125588
1.5478793477356732 0.2685249294867329 2.772784169570719 13.581832815084057
1.5039009824566976 0.2564135964063528 7.308616648366341 12.118645434717044
1.4933523344433306 0.3468550236461117 3.267605892079323 3.252734005705041
1.5302807016031315 0.29307529748510186 7.097825813701241 15.893640603486077
1.52237825756538 0.4031463864014622 4.5595329045746364 3.0591613005372
1.5509930334630955 0.30003035044001247 6.3669981380656315 18.3466019019913
1.5443680790245509 0.4878048369391445 4.269716097374709 2.6093523543355035
1.471895281414457 0.23581705408350007 5.47823954697736 9.975430603621863
1.4958528244702185 0.26501185637852176 2.2683128967087782 4.159303192134006
1.5397506940704875 0.2556165695631076 3.3151219322387933 19.0872510893212
1.545503397984441 0.26477715345656194 2.976490450065146 12.633476707785654
1.5485810597376521 0.30733894892213554 7.262447803279709 12.257780793432644
1.5462118750661655 0.3035889887110187 3.8119036366007544 9.436800369168063
1.4632101115049339 0.2399584834159863 3.876939346721703 6.756637764640951
1.4851354117979856 0.2996059139754737 4.42812446810663 4.483075588647015
1.530336495795245 0.2786423355899083 2.3476881948733803 6.452124709597387
1.5141709474557226 0.28172043125034124 3.679972005873084 11.352681394250105
1.557827558363166 0.30048707483785303 3.3160356525845116 6.88352935856221
1.517399764098552 0.2953166244646087 6.422683912717002 9.236209991809304
1.5384418595119875 0.2753588642331753 2.7004537392333345 17.028677579073715
1.5290510190404212 0.26144679636272083 4.820908586823805 13.848750651129501
1.4962207615687888 0.2512900910488618 7.71249364686525 12.556910918654264
1.4670562808347039 0.24135873208599404 2.6939959454889957 5.338488721481242
1.553273155558861 0.3117174098089099 6.742239502519265 9.392991004905417
1.5301169430962405 0.3192497328380926 6.587854007233609 4.806991533699397
1.5309648913863252 0.3064053251142266 6.273285294752049 8.590991113761046
1.5469984013955513 0.33594087268608136 5.268860753132755 5.279826267874805
1.5129874573293465 0.2762202114311598 7.6117042403665 7.808410879922457
1.5193171632562745 0.24877855230386667 2.589451542727204 7.624308665129394
1.4792500661810903 0.2239170092811545 2.983631805833623 13.99691704355847
1.5537394549167909 0.3063538729488182 7.311076850587476 12.965665001597598
1.5447263509018219 0.3002948917369984 6.405754779717109 15.232831659848909
1.5009934400171265 0.2713514388649866 4.482327728632102 13.841450537200771
1.5359222109129855 0.3765625951943136 3.1288349105267534 2.9629192204485593
1.4639321540814376 0.2532980752450769 3.6429700749624163 5.1977209649807605
1.505252699204989 0.28720062550338044 7.262336743853444 8.942769018483377
1.4682040179418054 0.26655234253153 7.102016707382286 5.901216694971371
1.5095877948546441 0.27939442959210004 3.141934139567481 9.243065115684614
1.5338550049879602 0.30505783572779976 3.5477135017256134 4.197488782450486
1.465374195939782 0.2553331650895152 4.208294466852223 4.802767081247947
1.5247653729558723 0.3029446969718089 2.6528314693909345 5.454279166585636
1.5438068147147326 0.2887441681803701 2.744158072506499 8.914368592980937
1.488435257081203 0.24070899959803377 6.044372148548039 13.984874779481268
1.5453228054403008 0.27117029735443926 3.2027207217863243 9.472313985213846
1.5497038163261878 0.2932286864600241 3.9506810151584038 15.973074673971606
1.5490926952976833 0.3014650364105533 3.96268446519469 10.418245405423832
1.554153162347634 0.3173578894752352 5.0732064568437085 6.477856982991524
1.5419452432537248 0.33935150504839984 4.96003345233386 4.8781970773276155
1.513952351541847 0.29457185132080815 5.0074854244592615 8.147804521382222
1.4819452000360984 0.27542947200954565 5.3029837742954165 4.445760507325339
1.5568201321694084 0.3097839999221537 4.597838572308664 7.978762810426382
1.5380525010127533 0.29688667541896807 6.24695326637288 7.432068861051851
1.513709733771861 0.28305433017155407 3.018354247406822 8.483127478700608
1.51998313139282 0.24401977096227823 3.31159497964593 12.021768141120916
1.504025266672723 0.3297739727807453 3.5671067527084794 3.12399117516196
1.474852760888922 0.22971294196418507 3.547057565038239 16.7534838596601
1.474398103291916 0.24628516825268093 2.4946615473301526 4.649095337351476
1.4825570934808037 0.24246600478883404 6.444829458217285 10.970569643796901
1.5077149174534616 0.32781549461217063 7.565698362294006 4.479674299464669
1.5105319675266689 0.2588957237398148 5.9488273447945526 10.584473112045597
1.550375883020874 0.29036340807382294 4.805208732343342 9.863775998574134
1.472696378259461 0.22890131177928322 3.936006138372098 14.691967789963911
1.5513841400697768 0.2967836256281242 5.2138905243697415 14.990770957905582
1.5514687350239473 0.3025209708556263 5.167489038830758 11.01800201401264
1.5336746069577587 0.26218419876688603 4.3436766284040305 14.266197067241686
1.4735016703779507 0.2352314704600619 4.753154354824987 17.82187463046117
1.5057214253645799 0.2665665674805359 3.450642692847624 17.388797540839523
1.4794870996820615 0.2976917004443625 3.891453259687889 3.419562576165956
1.5224875355751974 0.3077086650969012 3.8901854628128545 6.151183989056737
1.5533275354658747 0.2805950688422531 3.1313435924852597 15.246671760973827
1.5402653651544869 0.2762584306163923 5.204537796000377 13.058449063618141
1.4743468341673414 0.2341823088278201 7.621746243739727 17.88012327886729
1.5059382544635944 0.2751671495454906 5.353089044854453 14.926396709507708
1.5141802982305732 0.26832486251342236 2.7541281510352738 13.590590248981247
1.527314770070244 0.2904469742733693 5.659543748844901 6.039597011940275
1.5359369214090663 0.27704182384604065 2.504068404395107 8.295312857217413
1.5186652364495852 0.2954482821021291 6.685671179764861 5.6289167294216265
1.549659810938416 0.2884039577809832 3.353786025090898 14.605805237450483
1.4676079176534071 0.2421423917092659 4.9480470225959285 8.339018402024898
1.5471585537521673 0.27738713927150904 4.34032684302577 13.196264349024862
1.4966283923601091 0.37149280390574085 3.910260378376245 2.8325484659081175
1.5224649001373076 0.35539264008549815 7.645163729668226 3.9788215023442124
1.5388438650417586 0.25572092600529034 3.110464817134318 18.397311614634273
1.5190097863272363 0.27631913609939723 5.371884777050262 6.557478692156341
1.4695079249246867 0.2386570850214199 5.323326970435882 9.603497995311962
1.5507887641327174 0.3057752987696579 6.929668136858852 10.913476722370612
1.5506818990642341 0.2982787351480351 5.090653649555519 8.74051580553197
1.5143252551462267 0.30206928817237355 2.833437737632346 5.21130550139852
1.4921888840475568 0.2667049480103861 6.05266941950115 12.785439672293862
1.5448484726705805 0.26779501248621373 2.798803855791674 19.69558751542326
1.4961592867470817 0.24336669444017364 5.344121738879806 12.292643109419005
1.4773148487028966 0.2490327645251597 7.4641751667857665 16.062795109878774
1.4706794757364343 0.2545618646842084 6.822041818215125 6.323695753368128
1.497438977179222 0.3267332761538045 2.811716767422477 3.5318257675135367
1.4989907765428616 0.26935859017908914 4.368359354899245 12.833779515577133
1.5271333141558519 0.28555215943810464 2.6570066832966868 7.786079636828104
1.547713605621201 0.278178097017149 2.8958639348002158 13.390225474728958
1.5451310532540035 0.28822767991585924 2.8206839612251455 6.204411163699302
1.5464636967438565 0.3064585542402986 5.579513390339658 9.442741442991021
1.5294684501484634 0.28915741216690743 4.937752825382631 14.821340525674529
1.5547829355341927 0.31291832321330154 4.502166750580493 6.939462478581076
1.4923504203475035 0.24744246497914335 6.518827409875959 12.094145229706397
1.5170461632294263 0.2731420759349644 6.112022485464488 8.043093748155027
1.4855470502287629 0.22522675024381952 3.2444445891859433 15.440620464887518
1.520332338490295 0.36699217117992744 4.122384155712755 3.047322522068618
1.5096058611820575 0.27888058336503574 5.955196128824287 14.076534101510159
1.503221566357003 0.24965242062654142 6.583407140191466 18.56046435498725
1.4776196922052738 0.23259625316249818 4.892447294163567 16.577963538942864
1.5193563624631505 0.258097717766903 5.40333705468097 14.385065461095412
1.5531026661229044 0.3566207539273998 4.219030280472123 3.8998765950356953
1.4743624094223842 0.2597462142518772 3.0658807117740885 5.654476175372595
1.5305586803747686 0.25319977166758006 2.7037750673714243 11.759400911343326
1.5533980564831293 0.2904222471436816 3.594446551686821 12.564647458139586
1.4786712023430781 0.31493533555178926 3.5949306434811756 3.2277520299383453
1.4805075802088372 0.22947149245517065 2.770187238300054 10.79384988528769
1.526213297292334 0.2707746669644168 7.998324438102468 18.445383556539074
1.5526763077854713 0.3228141012144107 3.2546142552827035 5.101710770986404
1.4661049244500193 0.25264285489620364 6.95113773571962 6.582537499793011
1.4928656160349076 0.31869374081970875 4.677983373388877 3.9334431416517637
1.4724511691947861 0.23770628544025896 6.468262907874639 18.96312842808328
1.5509251330598817 0.2879708173767043 4.827369660577994 13.828312308681008
1.5114774793799088 0.27515704969432514 4.68675927854085 16.921263411369974
1.5389707598811646 0.345286276268553 5.322873820723549 3.9610299413328205
1.541489259142169 0.28883348602624553 6.447033770077649 12.12817648711844
1.4787275405119034 0.2280660246505063 3.8867177005458684 16.511776039343125
1.4818666944282701 0.24635319387705099 3.195190553719044 11.501698338171025
1.5086582331262726 0.27180716400297494 3.817891925394156 14.408585627160955
1.5365794722064736 0.26919180412259053 4.734943501034973 14.345242014539515
1.4872509024178038 0.23966606410407132 5.3106623703281866 12.188050904876619
1.5207536751106159 0.28218838918986233 4.962359996768434 16.348179812660263
1.541517082554082 0.270359402477132 3.3533825713722965 9.363639157509999
1.541728033773896 0.29658635557206703 5.046593361496537 12.38705579964145
1.5392857005116123 0.3185939162313083 6.207703523372868 6.691662090257751
1.551971538467481 0.29509810945210696 4.013661598694479 11.613861640538236
1.4914895327836417 0.27546342576382793 4.946950452320363 7.8805788258002085
1.4829072172854247 0.2286981003701519 4.0821337990084245 18.28170479075427
1.5461478119322383 0.2832589924113161 5.193164137372391 15.097228438370797
1.5458284950422239 0.3100740482780516 5.22020765025585 7.637186283889523
1.544877218919603 0.2904058870257903 4.256566982954959 15.917619024547742
1.526174317497473 0.3283844655922307 5.8050001231513955 5.031351024741891
1.5478703839794008 0.27572274195329505 3.0209994464504284 12.582237528800093
1.53620451319817 0.2829179857071167 7.561726471855541 14.499889378133194
1.468460424046571 0.2606937185947449 7.913440903294867 6.46736859776925
1.5465427040871442 0.30061542265793817 4.714272869951992 6.758777857737831
1.5213899009946883 0.32110019296658704 5.846275414228936 5.29906411186106
1.5102724285694253 0.2690486879897727 2.3654285570874714 6.670939198434201
1.4900397318276895 0.2587948306533217 3.5616129552095437 11.152617650111548
1.4697691570763007 0.25653471508364833 5.6312870714212435 6.463422464559924
1.5179552941294727 0.2892789673307528 6.217128788922696 10.884908806509285
1.4854766905605215 0.2547004986252311 5.014021961238315 15.162106845496814
1.4879436356632818 0.2556126338141366 5.983879628443458 19.377342454600278
1.5154394232543393 0.2933440281520348 4.815544004236312 8.069457278908994
1.474332279558786 0.2492608239925055 5.101693450651742 10.044928408692373
1.4765652707991759 0.27848138434704833 7.738296666293933 4.84904312667195
1.4835233057784336 0.2612200920064081 6.335494185599784 10.664502775512092
1.5317150631054566 0.279602916982863 2.5711172271033664 7.90397491048085
1.4997590905708416 0.25268128874684537 6.96019723818196 13.376572188381337
1.544937080499702 0.2768519311987156 3.6381580976503543 9.609589004829157
1.5046951223519152 0.24524749576189916 3.7555797132942024 8.223225866659657
1.4933989256522984 0.28430683316154626 5.744076170509996 6.719197668640817
1.5258337399572652 0.2656715293644808 6.058221658412449 18.64590867714241
1.4961239943176334 0.23497049732368935 2.918748694109302 7.82201390241654
1.4903703557098686 0.2710835487738397 3.4156784757208922 7.030739687813746
1.4998439467347349 0.27130525432445535 4.921272115817431 12.194514139335542
1.5133833941232293 0.29110465975498995 5.871727554264093 8.801660052988675
1.5300855938203175 0.26864316375431474 5.586866794709295 15.610272466337127
1.4938117081986506 0.24408614626688616 4.835205921917164 9.39703152806939
1.5009312423446404 0.31426330182122403 3.536073380734101 4.2041446192665965
1.5439365893197312 0.2826564388742788 5.1083569368170245 12.946141769301477
1.5224872608508673 0.2612013261222545 4.181496709511256 8.829293727484451
1.5167459515033914 0.26254300623011106 2.568155295834445 12.923561750597912
1.546612747879919 0.27494247259821203 3.0216944463469213 14.11523158529057
1.5208167010624254 0.34530648917177775 2.7526250307005795 3.513912547349128
1.5249168757577727 0.2617391674623465 3.2603867551422523 6.974088972147937
1.5433654931860743 0.3029462616859395 6.678720395017665 10.949360334214678
1.5185356594137973 0.3200907922459541 5.002874457080696 5.015454906966691
1.5457736075040422 0.274968710006075 3.1121896525036292 19.63093762383394
1.476054579452096 0.2645048998059927 4.969448879294888 5.108705203385629
1.54164473278813 0.36570627505056574 3.1629901446921296 3.219323404561479
1.5437297136604076 0.2703503454403513 3.7797522872370104 14.265806968553841
1.5318364974508087 0.2898147386360144 4.503217780336947 12.570642995292403
1.4770240998773339 0.23558096438301773 3.374450656114056 12.020140950302684
1.4884470465164585 0.24423737042015525 7.253247841714132 15.309011359454672
1.5340724049028096 0.2786126593209131 6.842845030750491 15.778508976778701
1.4767179727695163 0.27992334906839605 6.736268445390219 5.23948383973615
1.505268007456264 0.30300679485308435 5.567223369508817 5.641189660638224
1.4946854027599898 0.2570734680354109 3.8107545954337443 16.49530452556313
1.515211884450261 0.2566650085072904 2.579385944678782 6.144874080363076
1.4754248948668909 0.23441860799767336 2.8903392348183967 7.08861376485255
1.4977383544096416 0.23294635488544885 2.6598541604023307 10.713870757467937
1.5383157056196417 0.3132861763405537 5.391475892014743 5.344403612887855
1.503279260082519 0.2724752513764436 3.969482546324584 4.727484006697072
1.5401004137503898 0.3200219326048394 5.9185323039511175 5.9555899644616055
1.543590610992521 0.2900953069369016 5.283995165835359 16.81971772607351
1.5376050810763904 0.29955926870647204 5.848119267824581 10.619132186645311
1.4861922024895595 0.25681055290561833 6.594865964366874 15.35452532530195
1.502653498643302 0.2516139926738474 5.663902492498105 11.974066783296603
1.522709270064029 0.24518880884576477 3.303707230911979 17.37230674151412
1.5355509446029507 0.3191261674573243 6.992643860671928 6.400172342911562
1.5377695578917405 0.29823924105940547 7.607296766238944 8.666836795439867
1.5447846897721804 0.288244996365065 5.188325758304556 11.981651327185807
1.5358333328160767 0.2789819868882122 6.895920150825971 18.13856566296668
1.4993504262029638 0.26134631660403934 4.41668564619493 19.9467204911802
1.482321521308286 0.23840335030452028 6.81778917326753 19.931869480405545
1.4828950923586208 0.3117535789516115 2.9021649796489477 3.305563307185053
1.539683481723503 0.29835898774254965 4.058584203827525 5.490796071846833
1.5310147459011185 0.25938375730052204 3.029263633967777 9.22769243079657
1.4725610614938214 0.2387674531516875 7.964798367501116 17.432324802445642
1.5088571894403864 0.24756804584037834 5.104597794747523 18.261335715363952
1.5405085631462256 0.2894689891501778 3.880557384994181 12.880698409382054
1.4888441970334938 0.2577545151008264 4.4427684438352335 12.86189234876322
1.4918911940647397 0.2323465662779495 2.688462982865926 12.727205978552867
1.4926847280668896 0.2673167535672925 4.3565436246476645 4.85635609250814
1.516888886765518 0.2846150556347882 7.118935827528736 13.044668773253564
1.4684543349446275 0.2533607042160197 7.351802130930769 7.125690354700657
1.4924763590109105 0.26952034462701563 7.507547335099768 6.51648539252508
1.4684131208883007 0.2455764887651316 7.874601839517254 8.660181477205557
1.5009808672867373 0.2795564567455408 7.4478724095465365 9.515361517572002
1.5034872315625358 0.290371427176906 7.983741976193646 7.307579546966883
1.4995245175830654 0.24667770831225333 5.271548947061025 12.516401419846225
1.5232073374757382 0.3319913955192739 4.967759069970283 3.761134063226524
1.5373774468200976 0.27686049052667017 5.338945416722874 14.050186208020431
1.5011368097133204 0.26843766190210133 7.372327867386575 17.39964365738388
1.5324941323385244 0.31502148196225815 5.0831136519817495 4.6415019080738915
1.530706878992214 0.32993338846814363 6.392320807072953 5.056258261081811
1.487703182937028 0.3039136186799848 6.0980365442917215 4.353426284144504
1.4853425923358916 0.30545483389723743 3.9338206334616013 3.4573498841345853
1.5155233545211675 0.27548096750323997 2.5522416524130933 4.617608563802901
1.5297363631817733 0.2671395917895775 4.252769044171044 9.69548176001994
1.5196370595630997 0.3245084790108609 2.5994064653277227 3.796516772307747
1.53042715015738 0.2813595219679518 5.71307448482966 9.194614390162217
1.538204334346361 0.2858185429255117 4.96102065728884 19.394157089263683
1.4815558908155801 0.26707622325843106 5.8628185110843205 5.623401509673523
1.5368110755640896 0.3098723590665772 5.6633769483291925 7.162792465501482
1.5441607341239303 0.2977566954271163 4.98488467112748 9.501465740452154
1.5234032848606507 0.2688940309122941 2.4828462840452374 7.5741661138036385
1.5239005020856204 0.35860932481266106 2.705475890080444 3.237560375894385
1.523560554141311 0.34944696535453396 4.865762165020178 3.7781478823847356
1.5388985778133348 0.266153977634397 3.863769768520992 15.28058663823878
1.5152253431498184 0.294473043900851 2.6724706653706436 5.217744832871311
1.4960036431550539 0.23404745585098455 3.721174894152636 13.535860236856282
1.4865035650144356 0.28656578052156395 3.699035304918633 4.784703662270308
1.515757938877035 0.29589929439578116 4.108624920993396 4.276265926256908
1.481730331308207 0.28367611553494004 6.347964119424275 5.279906899777982
1.5375677910458676 0.260525734920418 2.9811149127030308 16.96491813384064
1.4824623686122327 0.23908135576315484 2.639830655248054 6.8921958042512586
1.511413271153673 0.25920537437277597 6.394791379094658 14.812202332839723
1.5347681197771728 0.314411630087767 5.72302844596469 6.299646570519405
1.5048190864229531 0.2598325294473691 3.075773475738292 15.222007323898971
1.4886161323724862 0.30207088402068405 5.986526094714969 4.409553478818751
1.5293879647852022 0.2524070143615679 2.890031276766695 15.470593188562665
1.5278287187754156 0.28162644951152344 2.6375783573681653 5.212217039014069
1.533166472320516 0.26244596366708167 3.957494439273995 13.962815588317888
1.5189398407481058 0.30039843425144414 6.251042611707904 7.343180443200772
1.5247032922035273 0.272380808048814 6.053548578088934 12.031436906224362
1.5210646787022375 0.28815004343150535 6.155348140222273 6.6997058599778505
1.4871871086616397 0.297627063631162 3.879223172853031 4.208595274457948
1.4984474221670852 0.3249835468082701 7.452194020749686 4.059849243293559
1.5252878250633066 0.31937899176521783 5.2603955243269 5.251861765387725
1.5407857123818585 0.300964260772724 6.808121569617027 9.40498736857156
1.4766097528958584 0.2434810476827056 4.322409629287219 6.871156911795943
1.5300916530847246 0.28304881531861215 6.739645705761818 10.709730569423765
1.4881341259538283 0.2404036812207691 5.55041172803153 17.737243950943
1.5460131741897758 0.27739409745233257 3.547637681917259 17.405674489543046
1.5390444567644024 0.3537917497185442 4.4841845803102816 3.859467368157471
1.5198016497883933 0.26361730841780767 2.816772421672096 16.605961556161205
1.4869581218864862 0.26806583893163693 5.47009564098231 5.5760901887188234
1.4728027796342795 0.2635393171649474 7.302218316463654 5.989732588936995
1.4890452882370449 0.2575565081989299 4.454617498441493 12.18238407805002
1.505766655745529 0.2700641310505072 3.6967995381636705 11.586749700139965
1.4768954261208713 0.2371965445755966 3.215076224487984 8.661086467475668
1.520995499927991 0.2585031274714387 2.5535169491536696 11.562824913388926
1.5274874783445456 0.2751024656445858 3.305822032507187 16.015496294198226
1.4857630442307037 0.24327913180827493 5.886360500184553 13.304920919253421
1.498656096436778 0.23777339503468228 2.6052226756256114 10.565919274604475
1.4827176250016292 0.25603209935354054 5.497258220799135 6.847385667434667
1.4815890365145528 0.2502194259211935 3.0770570811421476 7.828021712062272
1.5409791195903182 0.29539687518579844 4.6876672787647 9.828757328233472
1.5166138429601785 0.38814308816579235 3.706318667607363 2.884451887742374
1.5094042500041782 0.25548128393282665 5.906373574509173 15.678157668932798
1.4822717300654533 0.24306440612191538 5.371834898317464 19.690101149289273
1.4996830683273905 0.27550485099336736 2.8403409876222856 6.2185095788127445
1.4873832462136451 0.2506172695201113 5.261190444426672 19.647700103171577
1.481103848591212 0.23954768543638164 4.8201392875419105 12.593829516297001
1.481207585549412 0.27032066124496235 2.9953492434743487 3.9496509340864887
1.4858662129853477 0.2679921411613774 2.5307705026613188 4.251722603134478
1.4899176021182399 0.2588944171709106 6.087989901734226 14.9013328981005
1.5216268855082293 0.2790875460375415 2.5298201685390955 6.087946283872835
1.5445338919221383 0.2905669691984388 3.4081365231726153 8.860459090347211
1.5230789236956805 0.2785023337902629 4.691514563129611 17.333306879227603
1.4874275979262772 0.2707162390785311 6.948826569629088 8.084526735301795
1.5315623845548365 0.3250889047226738 7.094572827599224 5.206887174751858
1.503969514551668 0.24278251546185636 3.4132159268475504 8.799713038714312
1.5370076148389709 0.2853276619204704 5.800272850428269 19.649229459506767
1.5057046588849323 0.3266202861598246 4.99642403164806 3.746290534958752
1.5116779053030842 0.3045821098976585 6.15956692491854 4.851223346275806
1.4823034410451115 0.2361935939821367 4.331514076821477 13.403507378936439
1.4890734626692637 0.24368234766169636 6.96723556668473 18.833794547538755
1.520820048719119 0.2662048391181481 2.60832944264168 9.607643370407631
1.542219288303834 0.2959085548564702 3.89488069402841 6.245236478617429
1.5381477683467715 0.27871005339698646 3.6478675145965864 18.371808630543267
1.5074937049713215 0.2643473038670983 6.218539048744497 9.615988519225471
1.5357922865990683 0.268372949109635 3.1480047069896244 9.07271955501016
1.491944234315346 0.2791379393461512 4.686953549765004 6.368321174400091
1.5374894438110385 0.29616831018347983 6.423845770416042 9.807561997935856
1.5251944989430413 0.26648750726741044 4.112057070317002 8.497525227402624
1.5045277693126589 0.2640175277251479 3.6104615690108535 14.18465425938345
1.5205074829545087 0.3020350409129197 7.063268917552039 7.238631976717167
1.5185507111915877 0.3148394941943497 6.144017693907086 5.388687095449592
1.5079010678668756 0.2719571773575006 7.120976111478825 17.982404440767112
1.5259761671672272 0.28910210641712597 7.359858600985289 13.140715138587401
1.4857826654451562 0.24151678365639936 6.52818184295041 19.960422075585807
1.542390900459313 0.2835065469020169 3.8341023106439054 14.151912159887239
1.5454818247182693 0.28935517526547894 3.887401014021044 9.209395087101537
1.5366330543927136 0.3115728179835362 4.048976959475877 5.932526516311292
1.5218266289164957 0.28291646020711125 6.448934497972333 15.599900137406822
1.535783087285885 0.287195975744509 5.677449045189217 15.286001962562066
1.4915060597495018 0.2722948013296518 4.540121428747951 7.344868344392323
1.536637776219449 0.2753186041222439 3.3952535627979574 7.748633799722004
1.4937427629315516 0.33355541958733187 3.129785805519915 3.1824604760220367
1.5361071483114341 0.3102993356327417 7.406590490589782 6.916031324931652
1.5148805801325178 0.27750705049461666 7.209493240342093 17.19299420267441
1.5073930058145606 0.2689875617943505 5.255352616764269 18.276209345296262
1.4890224968069585 0.2848751038094838 6.045231607145059 5.7367487217757365
1.4970655698672048 0.27976979348694214 6.372732327921205 7.856260156812139
1.4912936745854437 0.2450390629849466 3.1673779940662894 14.970230198511798
1.5107861795128352 0.27251016435219055 6.6286042933955756 19.80333851399882
1.4846214833352538 0.24131467784080596 4.608676740808483 9.730316384786741
1.53971591975117 0.29090074507631536 4.894839111713749 10.029169074072119
1.5203676481102364 0.26373357608025216 5.7148057642381564 16.100945915009316
1.536697857910022 0.28294829846936387 7.373784859203369 18.759843554491596
1.5092819859751694 0.2384366535313517 3.331384012301724 19.729058595431614
1.5045178224172355 0.2688868715361441 4.01000905182787 11.72238613842844
1.5155530245768376 0.24607641570801422 2.708650520609094 16.962387089349537
1.541943361029106 0.3309249912967703 3.9760298751897816 4.4512569697563045
1.489613621932452 0.2532693868675679 3.994780865220446 12.558570226748648
1.4790024576289214 0.26890840667617916 7.274223240237695 6.534743658815106
1.5003711191141171 0.26241619081286677 6.750605391814458 9.223949742887548
1.4972378045719825 0.31210080152767594 2.7754504849763 3.6035515364102553
1.5260789424320247 0.31306181786705073 4.913292598287967 5.448325328209858
1.4917600853354067 0.2806050628598136 2.7880605346475424 4.68939060352963
1.4876025600382539 0.2346625326033853 3.701349813665977 11.87923504586224
1.4834720130357377 0.24357768130271637 5.932234332130145 19.610427255300365
1.5351590808040703 0.3386024581461091 4.308397934472867 3.918544948984672
1.5110516435783827 0.2839058344906331 7.843596881670798 6.925659986827199
1.5187358970080895 0.28387608537033526 6.0153608259452405 7.198024930994492
1.5213390135552318 0.32693227622570953 3.0967829780238256 4.008218348411669
1.5329172958322674 0.27916160856944805 3.964427297398079 16.50570961915583
1.525820225096379 0.2807324630442654 6.203543868047309 9.980859370607654
1.5046209888248865 0.2488007576138715 5.347424998799761 19.391706985973446
1.5115986985080352 0.26701937346185284 7.446821476062748 11.799106026422017
1.5154990890510407 0.28947965166110046 5.5107992943111785 5.707141794257075
1.529975732484238 0.265425620273002 4.84168108317027 18.618754295569094
1.5357563903929656 0.26614899506978273 3.0557158118865155 13.760653528197393
1.5062139802902081 0.28693829952508354 4.976673004838756 7.15756465114746
1.5343396995851737 0.2915115714768019 3.735495467848744 5.615001651267928
1.5392276391957584 0.2836452104023473 3.2693068461701187 7.126833452405524
1.5083072762362622 0.29593020433839773 4.279324162210266 4.22054378715944
1.5116264442874678 0.3140129617697745 7.85302110913994 4.7017500295706665
1.4955520815399308 0.2733154252953615 6.448015929136707 9.095971430540274
1.489078312379537 0.24271168244810643 2.7721447657758924 8.752670122374255
1.4987874998207737 0.2387941739357296 3.606826303020811 11.345866450405039
1.4929666822361733 0.25453922279893815 4.958045279793 17.88429103365066
1.5204127624821413 0.2666045520485327 6.925052690088345 19.064185887760722
1.486416527692552 0.25621985863010316 4.667211570798477 10.16230038591218
1.5153939718221054 0.30999641263420896 5.197267094561057 5.183653100332763
1.5247680465127056 0.27587417715789947 4.46807612279135 18.397506232092123
1.5392818978546365 0.2932642849943726 4.504911504707549 8.9621902742229
1.4883408934748505 0.24789473517789382 4.8068820290345275 17.477180155917093
1.5224420390653945 0.254745208198708 3.6815980604483105 12.055727699821508
1.4814882007700587 0.24493628215537444 4.1174980018178875 10.245333815867731
1.534533854693449 0.2901783558751749 5.194096396656458 10.06301941709546
1.4882730517469633 0.2406269930675778 3.0102275300420978 11.150816687653709
1.4947571724843807 0.2566822266364252 6.857754536332094 10.188856975547449
1.4807871306065579 0.24397986703384267 6.755946121688067 15.226803820309684
1.4933449239108367 0.25162009990298734 7.037573863464918 12.87190322059788
1.513902403838499 0.26273976712380337 2.590212841396309 8.258109699326596
1.5342790390254217 0.28548885874966934 5.363744918801505 11.140567373256937
1.5303257864404713 0.29630449961818217 7.492433925409678 8.041382473876256
1.4893819508041268 0.24203737038663373 3.5424379035374853 16.808998846037227
1.487905208606429 0.2412908938301727 2.816990593626144 6.854493152401899
1.4969807863789146 0.25581180473763976 4.13625261895378 16.51053264423477
1.5030488532052546 0.25314592497350413 6.436482536367893 17.60186564412585
1.5060051227045164 0.2615369263424438 3.8981864055815345 17.97431539921774
1.5155088454278633 0.27779865563211575 2.7386897232312553 6.726613051036761
1.4768055662851942 0.2639120436637436 7.769778999042015 6.707168024819188
1.5211562081533923 0.3214510108915313 2.766718346109967 3.838389901508216
1.5028514865038836 0.24931803780683745 4.888449116051768 12.247129775541936
1.4871282184397705 0.23847950100881238 3.5229120465638974 8.383063346276728
1.505005813024298 0.27019515968984537 6.185104076394978 15.15639528452593
1.5063960549431539 0.26073234858506883 3.9081561918222394 19.52086041927
1.492727672152597 0.24604717446393487 5.461175182161182 15.04813353828758
1.5298637596681155 0.29112385180871075 6.711454404751756 11.75315088326351
1.5027989747901704 0.23731112243780095 3.058089814396164 15.33356347709269
1.4876788907034095 0.24415464669363637 4.391123154589329 16.257318051837665
1.4938289411002696 0.2525154244590229 4.082195021171409 15.845530356913853
1.5135208856684503 0.27527679272857425 5.10093783839386 6.570895012476589
1.5340252758706032 0.2656747561300157 4.052178432281888 16.888950078866777
1.4839253235789776 0.2484801721647986 5.80739207391105 14.418890479191626
1.5228339452373336 0.27258037747513186 3.490600702852405 14.746613752776964
1.5268910528048878 0.29474423250115295 3.704770980512987 4.806590339210671
1.5338239952482409 0.31613473750878085 3.069743638411195 4.13921053001687
1.50024025085224 0.2582021747394277 5.63075207551592 9.475809785048419
1.486355889520436 0.2463450589640159 5.7155665312923265 18.816298788889227
1.4968493444766287 0.25755137141257495 5.086787816168131 18.832390267079926
1.4919725202181116 0.2753888500541639 5.815406653119867 5.779268951284807
1.529950143543139 0.25693109352708604 3.4584109795573195 18.215476424097375
1.5244249888617634 0.2719943412687307 7.329700237896776 17.79089749896779
1.5189691213040428 0.27880247677785375 4.333953155029932 11.666937924351751
1.5312478867476806 0.27820607602594194 5.056323653328178 10.4287323922256
1.4843261582344938 0.26293997985469575 3.0784445480655656 4.4678872383391175
1.5239048118677267 0.2667822974835961 5.435127115375687 16.0407406005075
1.5310078692095246 0.27304162296778506 3.295322604419196 14.83750824968358
1.5189135003488135 0.26991413336738235 3.7411100500615166 17.120383621843757
1.5303044224291686 0.2947043748148489 3.719975087060468 5.072602952133025
1.5126036979034385 0.3162936017812276 4.9906590931778725 4.172954366316327
1.520869885509139 0.27949257184399057 7.562083082211162 18.694536138366022
1.5146362758018008 0.24827571664940457 2.7708916626547544 15.63292747212408
1.5236031983701497 0.27515615751320927 6.533204714051333 12.672319612411878
1.5211285942326545 0.2792401014903833 6.822124469852887 9.86991952236535
1.5100492829503058 0.2808699608500503 6.709228718169214 10.59057297231618
1.48503972522525 0.25278441021225306 5.380304089863359 11.393943767206027
1.4854320616238679 0.24945670497240244 5.768202598708228 14.711852399845034
1.4845172230810988 0.25810684691196384 7.196609807137325 10.846452049296028
1.5260746050661362 0.3016480234636402 5.763559111668757 6.594464981460627
1.513770130408797 0.29583769392623205 5.740712948998224 5.519982390456523
1.5128183004281732 0.27858739094992074 5.478596404059169 11.633942353429081
1.5029246920321397 0.30836414257705114 6.778609742744374 4.786750266473145
1.5326407396855213 0.2747530144334264 5.107376768382849 19.975743605989972
1.4835927788410028 0.2621140794188356 6.98400897857573 7.127688181794573
1.4869261518493082 0.26006579157207027 6.046468655765623 10.31103639104657
1.5332932673762047 0.27668856050368523 3.3233056607992943 12.082556131400919
1.50026192660554 0.278092006764853 4.82738199466631 7.5661017896462255
1.5192558448972726 0.27396180594537056 5.495311986857952 9.036993456416498
1.4938754062967772 0.24619663567593075 5.207381356767594 15.040141705186938
1.4866069857400008 0.24844559099827626 4.9771944253360765 9.854811303606022
1.5127747754618288 0.2835271101090614 6.008417713825802 9.816127248098779
1.4933655783315192 0.25034782767127994 2.837167706782906 8.75769740187605
1.5279599748590864 0.26953608247644034 2.880716938131366 10.214847045764298
1.488596789821973 0.2861044619425888 7.9058193796921845 5.172109084462909
1.5282898319180913 0.2866353742078983 6.681002633384478 13.740335233350697
1.5041805303159574 0.25702291783510944 5.372709451299294 10.684188355087244
1.5062556820241704 0.30878904922823985 4.803701136930691 4.469064450890553
1.4928711921185154 0.2688796353288836 5.102355936861016 8.36015522967729
1.4993934961751263 0.2501596316130244 5.56436237172249 15.574867965922863
1.5226772039286525 0.262465121634048 3.4269145006478365 7.9268243178538444
1.491666994797118 0.2608150361154491 7.04045102001101 13.433475211293121
1.5027299547743298 0.291336490579291 5.199940940025647 4.902717739613806
1.498706351675386 0.2634724346114732 3.1635998297303782 4.86503877116942
1.534570700627738 0.2695454254105874 4.211729644458213 15.989936955438026
1.49947692939688 0.26358107441687917 5.905290260522821 16.048122110615072
1.5045978559859803 0.29398230235387596 5.076149980685522 4.718468110722301
1.4906171786154596 0.2630328036590308 5.159452456522787 9.438723781177902
1.4910919725577143 0.24282745105469983 3.883196903311357 18.26450066571764
1.5170001883456585 0.2611079768926642 2.9318684089090694 13.832572441666363
1.5300489468534981 0.2731023135155382 2.8962559748495984 8.411208891567119
1.5192077073030519 0.2712864921984963 5.0749104161018375 8.64003510484133
1.5367594703941072 0.2822338285196076 4.13127230374307 8.910977219113459
1.4844313311612654 0.282239814810825 3.4097024615065785 4.227456412687922
1.5293869121472623 0.30202624286157975 4.36832811146097 6.324215919259993
1.4879656745180638 0.252504107405571 4.897626149670156 11.735415068785722
1.4986591622788366 0.27264742587928853 3.852821336128062 7.465355158296223
1.4896761672537586 0.2655157351554754 3.3278126591741164 6.462305308711857
1.5231959132144652 0.2733401543039151 4.66562167409696 18.882883293939372
1.5360970466100754 0.27210220530089974 3.9186040809505345 19.270100818541557
1.5046319557338035 0.2536201014898036 3.2053224085703755 16.817047527384354
1.507418184761319 0.27152377590440563 4.998323351007301 6.443854594023399
1.4811742217502335 0.2461770241660719 3.8286479538189893 7.960367366212738
1.4864618784281645 0.2468181829242751 6.762039002763306 15.45633887758836
1.4849086641020175 0.251649656822193 7.720253166939337 15.355882607503707
1.523615308661915 0.26865256289947503 3.004563762816272 11.561572592287945
1.5237600333673336 0.2752781702781778 4.154846933578193 14.655572378033092
1.5187483300992706 0.3036727514169922 7.111471645122284 6.404789422609413
1.5352504177941595 0.28968664041338016 3.5403814238893765 6.123879949956947
1.5333212446131688 0.2729244296762329 4.644528815751958 19.873169434813562
1.528830792898334 0.2935251839331111 7.191099721967967 8.72944505572959
1.5187960990254763 0.28397009597974743 5.454130677546896 10.230251671333663
1.535873367605646 0.2753893054230448 3.99703667103125 16.0194533107598
1.5297230860737328 0.26013527460002384 3.702447226010719 17.812815712347213
1.4926327457619215 0.25314323990806303 4.0554799909631924 12.514032403712017
1.5123171514008407 0.269020174882256 5.390258159516789 8.712018637869502
1.5166375116958188 0.3117478217519553 2.7834981638645058 3.764773649023497
1.5024635032168394 0.26174704855684466 5.904483341735856 9.824091911017334
1.5031431569745388 0.2599951247542536 4.116848366120912 6.5624960463835365
1.5268321789623385 0.2801404768580465 5.2715864734009825 9.821543130555947
1.5040165602154465 0.26694730831911495 5.176365226049873 13.82264299741551
1.5302156660443318 0.27315812509735554 4.751799635023588 12.296181656773445
1.4962176277183712 0.25351279933171633 5.372279603751796 10.786992547208122
1.4866988985245366 0.24591505351510556 7.718968731570464 17.642310223606675
1.525821131309755 0.25768571482108404 3.0408683878132523 13.212091167174501
1.4871121245159622 0.2498031847510094 4.672896637665221 8.955975779275475
1.491993499852722 0.24836606184954 5.523414112173926 15.825162055822352
1.5222419333685622 0.25501481647224106 3.2281344319616547 11.365588213611112
1.5327520613353451 0.266204540768885 3.5475817092560895 13.51145529134496
1.5366178197130633 0.2801271547616082 3.634182017971876 9.267897871565403
1.5218137525070776 0.29636379770583415 6.0673984678259325 7.2064949893697765
1.527172894559646 0.2716359791245436 5.198274255045369 16.928158749293026
1.5194136748856688 0.2802631833158573 7.03435034389034 9.53702561658872
1.5271743854395168 0.2686160662543568 3.3468261299947066 15.689642712053802
1.5166548007885832 0.2792900833764241 3.638421762151528 8.760235529213459
1.489534959788199 0.2545282741044997 5.70912852361344 13.116177114751318
1.4892990389728533 0.25208784015726954 5.779371513744029 14.441130409516646
1.5345087330283076 0.2731952736261719 3.7666871844791254 14.721690890427816
1.5355226969399767 0.2975656502406214 4.085687728812281 6.5250142344845266
1.4908947145938183 0.2560889045686617 4.717304553175871 7.17601861892914
1.515791911079917 0.27152374114448635 4.747416033363414 15.140871686696128
1.4950900950712578 0.2661552410025815 4.961609099064061 9.091608546518346
1.5269855642561247 0.27761384384276655 3.530789816143354 10.797843430998958
1.4889136746447398 0.26357878642707866 6.448336218332418 9.384210986423017
1.5198145715763984 0.3054948521668418 4.868606799675081 5.031294935682517
1.4916282849697242 0.25942319408101533 6.278737115409173 12.644927360878908
1.5161396001172407 0.27508064551800937 3.208420600151894 5.192450370581838
1.5042719998180862 0.2643448532057809 3.852599563554384 11.590289117683032
1.5071665986295917 0.3060869443449062 3.2546010879591014 3.6864952156484594
1.5200483864868664 0.26059640866075756 3.2579150429549717 19.79054655085481
1.5049012834006987 0.24448490691339167 3.148283136068105 19.577664658686476
1.5334770718523032 0.27653517171395864 3.3403525062634483 9.515730244736394
1.5301848665316786 0.2825616714439057 7.964184390418441 19.102335148538202
1.511468453287032 0.2972279602640013 6.08098603871181 5.817309996909605
1.5256803449706273 0.28182222605222607 5.161756099517255 10.655691236284074
1.5305283453638383 0.27371943012696853 4.691080196010203 14.619289787091521
1.516232313965805 0.28549181113561223 3.6740765431026774 4.839555107363853
1.4886866910352592 0.2536929008910954 5.839653204588926 12.052281543794077
1.5217022480578124 0.2719253153068722 4.903050041052721 17.9524992572589
1.494439434923048 0.242771642421046 3.352480932432759 13.9672625635898
1.531034577985182 0.2812071750346946 3.1177718088021753 6.7853036120731005
1.5119688422022564 0.27069464926317777 5.646664626142691 16.363215085835257
1.5171687861420557 0.2956944704962675 5.1791760694056554 5.971223172507792
1.5298956817655034 0.2672077482600575 4.379273756598282 17.46027851788121
1.4973818113310542 0.2796859309625177 7.902206995291003 6.293856403454061
1.5043211062173558 0.27734010414680765 5.681541464826084 8.853094560945742
1.511556663120247 0.26300691732127396 5.493924016288593 12.258241307590039
1.498762405698872 0.2735828079709031 4.391777585575496 7.321725509823121
1.5261286405567949 0.2776487207203266 6.343458207277548 17.13407157793175
1.4898541394036928 0.2593818796147037 4.090119235853816 5.783705751367089
1.5058292444298842 0.2634078329951361 5.507806366746134 19.395272811263595
1.5126439247010781 0.26065670026620213 5.423926781043548 15.11514497172666
1.5052590914076207 0.2556947093562536 3.2039312769212738 6.388159780834728
1.5073949117127547 0.2909744110370246 5.375467014035728 5.742400273239824
1.502959133745466 0.26030872103466657 6.320474814068138 12.026813682456686
1.5153989768982838 0.27230172544640874 7.6895438931379365 11.899282116476865
1.5082025849295495 0.26854389219866653 5.185880418227836 13.892709728245634
1.5209577438284756 0.25416768724797417 3.754260763204776 17.128905226965472
1.5311014081564016 0.3049770092953834 4.1728615291764815 5.300979578776019
1.5116551008681545 0.25522993769462143 2.8270331027405895 10.35325376614096
1.4878017507964094 0.2701172007122055 6.867875918178627 6.85730756430544
1.5267326665105405 0.2711236907726739 4.808274478948908 16.13825457463078
1.5222786424423096 0.27024850275305556 5.508669667781302 17.692708041365822
1.5118427339134155 0.2729013289959194 6.489778057444985 15.425713227363532
1.5062341048651853 0.24404037757438873 3.4946814442488088 14.023028722975344
1.487531207312438 0.27700206496088076 3.832756433659256 4.694653972098988
1.5223900570291276 0.2735606625114426 6.582845137294143 15.958767436208694
1.527375984674003 0.2791480607216626 3.6060098361393247 9.80800316892758
1.5104924344922988 0.27333501022717777 5.635668877963365 12.335182221508594
1.5307354402326965 0.2971748255757165 3.3221216741754045 5.277605265801039
1.518581004630988 0.2674316542450903 5.988850885309742 17.795375605021242
1.4888207627287418 0.24742464521930116 3.244965455114206 8.13662554894835
1.5061327900161454 0.25966168544719087 3.078445371447402 10.21441698129338
1.5172521066935776 0.2728660046058153 6.2557539606796 18.53487746343002
1.506065359176462 0.2688531878841238 4.4548314136584795 10.512011676103535
1.5213413919426935 0.27205397927669506 5.377479803828336 14.311661817387552
1.5123243953721845 0.2725918693888276 4.535769672687474 11.009910922700326
1.5073828160238585 0.2619259659886867 3.2996137217551005 11.081961444074295
1.5132060563836134 0.2620270512525734 5.7845545354534735 18.101367130556554
1.4923096110505765 0.24428697075139175 3.947326136803212 12.82950980605985
1.512425107755794 0.2674221030253425 5.708529378406055 11.493990439498695
1.513085243950564 0.2565836456320956 3.335010244680008 18.35798923194655
1.5023464929971155 0.25413306898489785 5.637017514756276 18.630983749751675
1.4894291674685252 0.26359781123014886 4.197928105752147 6.736452869692238
1.505111568009716 0.2496730881431565 4.254984469493465 12.351866063738576
1.4892908662620818 0.2486695890686874 4.0535879607244985 10.06011115330873
1.531098687975136 0.2830708865292895 4.134362181707094 9.087394166872423
1.5064216910354462 0.28884243544765587 7.478480622485772 7.045553954628621
1.5087799844620997 0.276442731787881 3.6422766375308173 7.619730977568798
1.499536570566037 0.24289791151963386 3.609994270425587 14.985733556896717
1.4990672725762195 0.28220058527866615 6.5743246857030915 6.811826869161157
1.501058910391192 0.2521899102300593 4.968731291928073 17.57108977378595
1.5096946143223169 0.26716209757432324 2.751660657596326 6.008753518927357
1.5102874953305312 0.26235519836251836 7.398005596481055 17.673602310595218
1.4987370013800527 0.24501339811352202 3.9285185277899473 12.152352884765088
1.5147389109858374 0.24936747709904908 3.4200514569053615 17.520910812268557
1.504449885533172 0.28181007190100055 4.905264368008945 6.4782501487350626
1.499181153955012 0.25042216609425055 4.663244827604502 12.767167317375277
1.5109356626224513 0.26188377552050907 6.807155688606604 18.947852336451067
1.5218984454185636 0.2743352269764152 4.9241432760456725 11.722453351669976
1.5061948797252276 0.2633231703931089 4.9921073267585365 8.901439394331518
1.5033569610047395 0.2538124768284748 4.050640310928869 8.50553786291846
1.5125211280365212 0.277246615672607 4.750928289209011 6.4038107786435905
1.511062023997222 0.2667498413563783 2.80794807853579 5.957259133574073
1.5035159507073272 0.26667545783906027 6.946279100722654 15.187183675975545
1.5006068523111753 0.24765857308411746 3.243248105276257 12.94216919472201
1.5022770906350376 0.2622638951319932 6.28666107654957 17.479107631604727
1.5064957237374172 0.26525465445140306 3.8776204508044447 10.978874939001969
1.513787130964622 0.2951236216664362 7.344549721967374 6.4735077254546844
1.50390913058733 0.2582780443205198 4.396932996075131 15.164638240687527
1.5170278415524627 0.2531022797867086 3.8879138026358153 18.704725889428907
1.5041576710652729 0.2536524986178041 4.32594581517673 19.697154670397772
1.5017196081791964 0.28392358599630196 7.378292938144172 7.1106793762281875
1.489457144550157 0.26144218753719567 3.8484322745613624 6.790306069509143
1.5104658072408443 0.2498248754665619 4.154694286534065 19.975144377390773
1.4916571419906557 0.25964987987149973 4.238210719002206 7.845396976591578
1.5018242180477601 0.24939654233436326 4.353438249199208 12.471867260734266
1.51313975232951 0.2872737088558105 4.8377339794625955 6.299926294806031
1.4903657234070793 0.25547113995038967 7.228974236843495 13.51733814871213
1.5021350009967405 0.2629239994304617 5.532450209720512 13.168087935610682
1.5009029006864512 0.2621750756885802 6.659141893623926 16.67530883250173
1.5241468624210808 0.2634311211470834 3.7873983853169317 18.748135403858164
1.521759083925458 0.2632692285984597 4.415568674393913 14.627795185465938
1.5047371550285873 0.2587924388839549 5.052973263930412 15.815052428030699
1.5014926299703952 0.2545056158668166 3.469883152881588 12.149308051392683
1.5000103956015147 0.2604532727810637 5.234863322428155 11.62794451405859
1.5087858945945147 0.24773706450583285 3.3881322500260143 13.518888568078493
1.519304987538892 0.2768762574356411 6.795847134496777 12.44040972051891
1.5091684277781265 0.25173548706695054 3.2727643359774587 9.13316227515579
1.501245523758611 0.26147443930385106 4.859940786809838 8.533914787882475
1.5226551472616978 0.2651898669488643 3.9320808980151574 18.003313057875104
1.5244495694009728 0.2726555873249586 3.6972439942091113 11.30331228754547
1.5099733685897077 0.269374506462628 6.009265879972437 14.235503447239333
1.507637281556962 0.28131411554825125 4.4637547605163235 6.702428286770838
1.5204119045808575 0.30217334874261664 4.140689234025407 5.176189269012887
1.5224630818623095 0.25946526797367925 3.6006127382904345 16.13948919691374
1.5274562652428874 0.27364490312239254 3.629951797135625 8.694570574160325
1.5013207050307986 0.2802118755340571 3.0334105280035226 5.02266850243484
1.5090246641108434 0.25611997969849554 4.7539422821674755 17.33995572889666
1.5159471193860918 0.27169012740550275 7.8101983724856625 13.625689052867392
1.5163247480728799 0.26461901114854786 4.844371937518787 14.737235468456564
1.5112528909722842 0.2507413749848635 3.7788975087166854 15.03163625602098
1.5165208544471431 0.2903498198734681 4.295608032662085 6.190009554288652
1.5052114873640812 0.2683381907852161 5.400278291330055 9.855616326914973
1.4964852059069789 0.253925693888028 4.038271347039364 11.16693196810937
1.5136035821129301 0.25422480984188733 4.179991191227185 16.648722333811985
1.52406865542205 0.2683684929033297 4.032922518576397 14.457747990739419
1.5220937378407247 0.3047359403277288 3.747140368859446 4.811990125439416
1.5049221677766593 0.27626378046918265 4.8115723636985095 6.818824822426677
1.5020008579327297 0.2606765009182146 6.928353229688168 13.42882032275592
1.516403395958732 0.25811835614801504 4.398619673344117 17.295491450783295
1.5146368022838996 0.2677119518968553 4.381736704056516 8.131037645757662
1.5174941904859387 0.2867164480977346 4.08473113633859 6.755519232123927
1.513616234586729 0.26280923153628116 3.6497608399973767 13.391302219142869
1.5206876196778958 0.2961179642337485 3.644393550907425 4.836669924423244
1.5117316559552034 0.25863369161668504 4.593321218086569 17.08342330853558
1.4973945195332552 0.25831053504638585 7.964168668687537 18.638125506902103
1.5136731290509862 0.27695363938030454 4.47930029299414 8.371482490395156
1.4979097531583516 0.2696010931018568 4.539271979562337 6.467215085550837
1.5078703595713525 0.2720836000990774 6.483940910268427 9.897013929354365
1.5004398290316847 0.2641323264648455 4.675153289702984 7.652017557171295
1.5113606628240883 0.27118933314007193 6.459377644616517 11.973875118475235
1.5085142997601686 0.2704776319262878 6.392034634470045 10.984363605453556
1.517994914822388 0.26393929655387954 3.29518390513351 8.011463141253458
1.5035777111333049 0.25891152632399556 4.577306061487737 9.250658709740156
1.5085783435587738 0.25868682494342626 3.0060399377745606 7.486832492145277
1.5104360640713128 0.26023613914882704 4.67599554924289 12.66494375087585
1.5032865340597699 0.2739364958394288 7.131271138937607 8.386972107485866
1.4963433805665503 0.2552125414706064 7.939173137812268 16.2064040937143
1.5143672172432603 0.28344352546163826 4.265259016497606 5.718205379911301
1.5214663809053248 0.27139379943437997 4.030228747981242 8.566116249009792
1.5097501619924594 0.26991864848188085 6.504316536007666 12.732532926374375
1.5106330659470364 0.27688012288695363 7.768984739869044 11.166472542195214
1.4964272879016007 0.25587993617496446 7.893288349405303 19.174671538810024
1.4996790824955717 0.2635796915517049 4.53639072000252 8.056129049039878
1.5001530953551199 0.255370415424492 3.372021568760143 9.34671765250993
1.5206692830333566 0.28387162521850184 3.280918350029825 5.629984692082181
1.5211692694397034 0.2847773347362874 4.253210443585236 6.50111152411165
1.5174220905644953 0.28507002542955984 3.577271167253601 5.265424844668185
1.4955939114706034 0.2594313760241871 7.228513906430556 12.718798766639873
1.515358121235972 0.278596899568779 7.721979175933012 10.296782064219881
1.5206422928973686 0.2938481121300625 3.45894226864798 5.1349799475423055
1.4945487657036547 0.2593324144022539 7.865089845312273 13.505191408166473
1.5074612987823728 0.2800414653920049 7.849330693958062 8.872656345433235
1.5156644915998734 0.26736030657057397 3.1678526402898735 8.161255075419
1.5066897063669902 0.26533646008488876 6.896438648154881 15.84730160877405
1.5096047361542777 0.2642246706921576 3.7208424703976566 7.032197244599686
1.4974210867404878 0.26102844750763926 7.566485780720311 13.088282169264938
1.5047247735990577 0.26924109135728785 3.5628752923041196 7.3590494486154086
1.5174473304153804 0.27040534714062553 3.62345125265893 9.168887812536427
1.511226565831345 0.27076939217492146 4.518462400808962 8.352401835934419
1.5170974573553961 0.2763741930342393 3.9224061536034744 6.7590561216554015
1.5077012630406732 0.2596658819930462 4.157883888451321 11.67265067389953
1.5065171686076784 0.2676105335447684 3.527608394140671 7.701045208120755
1.5006202374508486 0.26090043433923965 4.142468673297776 8.445476226392573
1.502548874025039 0.26975714098707243 3.640384645290839 5.759140177559537
1.5075159320891618 0.27633696650298845 3.8686769124089264 6.564191929620634
