alpha mmin delta_m
11.945703480177798 1.1168906454165104 0.4387287863494137
8.704248886990989 0.9454048939566122 0.693350361598257
13.820744566381887 1.0195312649396195 0.4677614533850767
16.953533644798615 1.0624368557909276 0.4185267062556845
24.532325510475157 1.0460672280313557 0.8842647844450208
23.45914304250851 1.026388242090649 0.9581655679650943
12.885202282442638 1.0155356796444959 0.9341084176727532
21.24723321499993 1.1219968429845981 0.42547008294989924
8.38620851029656 0.9801865041045308 0.4907820780631877
12.596760263141299 0.991894908176672 0.5767727921074198
20.551776223760886 1.066665200157318 0.5723752664011157
22.886176926295473 1.0718848574153965 0.6605974154068277
17.07697932225776 1.0960110041678817 0.6555365063970326
21.700727846328668 1.074786045762545 0.987220901239344
9.140034083073246 0.983459165313933 0.629366673701154
14.069954955603983 1.0155395647663512 0.5362199424973755
20.845693381677947 1.1164626936302766 0.4486655937797583
19.66736765050328 1.1156598390992032 0.5141619715828932
9.77137534124487 1.028698228879277 0.5985328431220901
14.862334932861021 1.1058894692868193 0.5172539956594424
13.467542044215797 0.9754076309580803 0.7468740418910356
15.652916368116124 1.0958632999550626 0.2838992378987685
10.722567122498123 1.1083624865702535 0.14752578151754725
15.985327140083438 0.9697467093720985 0.9344049692998909
8.259495263048278 0.9969712631993022 0.47123416060104145
10.570876894421453 0.984284634394362 0.5671337595386216
9.152535516180393 0.9884944040479813 0.5800737391989231
12.209224044535873 1.0083343063069174 0.5053402472904829
14.392249278002282 1.1198156047562944 0.19417899121197388
14.9716105142239 1.0773393095485102 0.6797472433619878
7.577893040191736 1.1339073983848253 0.21297449204283758
15.12830968920484 1.0034489729164202 0.6776176391061803
14.245453409373145 1.0764698536228194 0.6522524762218854
18.12317206111157 1.0909086890958577 0.6946867530180021
6.86654115528281 1.088746168226039 0.1922256271023344
11.075756049692384 0.9788556458943193 0.6466592566550016
18.79600346033122 1.0119209524609063 0.829759782800888
10.058095318141136 1.0504148744626045 0.2901104181677115
9.176474699023483 1.090353002268086 0.39574112963560415
23.877511243603713 1.0736913822538663 0.9793296163549164
24.883042383636628 1.0703595552803535 0.8862752589407388
14.40681066473546 1.0116358935871785 0.6049874053953832
13.109444002346482 1.0196064541443963 0.8642637397296811
14.120658745875971 1.098234774898914 0.52553591946806
24.881487403895065 1.0698784749931722 0.8912286718833035
14.513195341059827 0.9993649945770565 0.6809612204801535
13.70990487318922 1.1165307340917305 0.4233556686584764
23.83023489284665 1.0612526315518904 0.8377103636320181
16.491483787660044 1.1159321468334398 0.468496133509957
10.65897527856676 0.9872167601557075 0.7158675113096572
11.532106852826008 0.9905843291093548 0.8156126541083148
12.729848628695535 1.1535157539123881 0.21610348346763214
10.319474804399029 1.1318421414376925 0.2965587251612849
17.969414972757576 1.1160140036868582 0.477146733843031
13.650871468300561 1.1269488724550414 0.3702496780420177
21.780579281646027 1.0626721071666119 0.7070553743129588
19.445037514060328 1.0028328998955074 0.9474517745138469
21.111032886577423 1.1007940606518771 0.5452378718571842
12.30843120684884 0.9632987406283499 0.9154946944750373
14.850847346313827 1.1370103121874497 0.1765286441995608
7.179098698443919 1.1123598544887012 0.23972872667229125
17.554332874500936 1.0501180017223162 0.5639989573734501
18.998219963303853 1.1160800536172155 0.37654266332819253
19.468853578040648 1.0932944700608687 0.6786112454142375
20.169664031765258 1.0745208691055648 0.8703869777056077
11.928022794606282 0.982783601376653 0.8415591907657838
18.175841031511794 1.0554239135663506 0.5715696075442289
18.884237324047117 1.1114095022468293 0.497008915640262
15.40954021818336 1.1471092681709973 0.19645175490823194
14.416670290624417 1.0161981141254623 0.5986245435166376
15.145013005018019 1.026612282127045 0.9696258459423083
15.145013005018019 1.026612282127045 0.9696258459423083
16.061928908056984 0.9881394099501837 0.8564029259669316
20.350780265077667 1.0436136427407043 0.7467188074436291
17.233150627661924 0.98273164080072 0.9676167902916564
8.64572845489501 1.0128439274244116 0.41963777333924396
18.734115109848496 1.1057248582628596 0.39180555135146555
19.58633764583088 1.093900794061059 0.4767690427778935
17.18021697921487 1.072657068517874 0.7710768729984284
17.33240817383188 1.1105538740365934 0.4965646436704318
15.178971127241727 0.9761709099665327 0.899054499504866
10.156522114457111 1.0055064929316961 0.6124571860323196
16.495806711899114 1.0277094336828516 0.6429008890448125
7.40192368940955 1.1093571742285535 0.13978812919388797
17.151300739333596 1.1141979181684942 0.2960742422390434
15.921876040500678 1.116487152413568 0.2522233882497093
14.734386042929312 1.116581992861362 0.22251434691337968
10.028607581321152 1.0635248438916791 0.2644929341219751
14.284246940691059 1.1010794338347685 0.49741784359470137
7.763288119863994 1.0795409084522563 0.20982558126225637
10.882267376245068 0.9942678659397401 0.6135388106024766
14.819290754162616 1.1413793235677614 0.28424141572672734
10.87731749515206 1.006303831945054 0.5080785740788402
18.889903475140954 1.0082732174126487 0.9025743160720234
21.84568734364271 1.0699590623386994 0.9328228639496252
19.826392389479388 1.1004718263438902 0.5743745967471575
23.443732968126486 1.0673189281187552 0.9660168438880355
8.291631016460641 1.022735974279548 0.42594584165431654
8.057645192100983 1.1388459355282627 0.19796507036034855
11.39147672212172 1.1555191783807492 0.18075226694097601
12.924097930654547 1.002932522816998 0.8685261856102254
16.45834201839176 0.9898852602706488 0.8913499304967869
21.115299104538433 1.0328846867308477 0.8814531020695447
8.695340240271602 1.1419860666842867 0.2070333739889722
15.818348040564906 1.0195466665756592 0.6686099503750471
22.755804576009616 1.042875170410371 0.9310350705224334
9.963838534703134 1.0971337246081423 0.17989662331913098
14.967105016705624 1.0795089542202954 0.6260217422805578
23.077723572954664 1.0703372496542107 0.8482968128818393
10.313239029034078 1.1227205117769112 0.12545233060488822
22.271317070113703 1.0744360389372782 0.8513500676459652
23.420702128864555 1.0645680981392698 0.9668490948175581
16.510212627172397 1.0250047267285436 0.6754973438415431
21.33545387390778 1.0667013857659517 0.9394045973721027
16.283497710595185 1.1087800584938814 0.2909147165152528
10.06939678759789 1.1339944772507247 0.2707438495246973
15.75140283439642 1.1268779908342215 0.23182120851948534
15.482010869372985 1.1162271677597555 0.426705598885291
13.114227985176342 1.0936610004799714 0.2506486031371308
20.249417096771804 1.0940771935489397 0.604802637233985
7.19990026477727 1.0898852297142976 0.22476348984581865
14.08735282493732 1.0702552042510738 0.34996508675035354
12.350753727758327 1.0335014520743948 0.6963658872084015
7.7194900095948515 1.0625227463916713 0.27335257922276734
10.549051366830422 1.0455437445166518 0.3357132954935159
12.077521808681414 1.0024214303306223 0.7576638372658008
9.146470864744392 1.1543773668662891 0.047994953326554866
16.57120114747623 1.0606782093711131 0.8020682898779472
7.961369357282367 1.1143373461965287 0.13091843807136577
9.883813194946164 1.0742391593981477 0.24104502536407038
20.46812469158289 1.0620878910347287 0.9520533637930758
11.066541949716047 1.05090419101273 0.3318217453254468
14.892219307588967 1.0454394165151406 0.4945924654361463
15.527222218059702 0.983863845560098 0.9050492033046565
21.631827745863603 1.0790219722275856 0.7370756707042879
16.57450882129693 1.0047287461588925 0.8161315525173095
13.723339250503237 1.0459220545554038 0.7268624200880975
14.324028439455574 1.0190363765997732 0.6142545109035642
8.779133343356085 1.0300189332757839 0.37376005720454497
15.529352814226325 1.0282557193945683 0.9445153871104228
19.327023948401774 1.0440664680643277 0.7266438751577987
19.327023948401774 1.0440664680643277 0.7266438751577987
7.820393033977041 1.0583222453710264 0.2924276018350295
12.519195649998437 1.0603936111157635 0.5983087008615877
12.005929866409708 0.9989560251304085 0.6753460461829802
13.82886257753431 1.0230562009725255 0.5691814150398021
16.959634960722262 1.126992550063729 0.3399539563258621
13.35681586651 1.0494281849381863 0.41180791109114134
20.304296910666157 1.0262526608831284 0.8981636449930758
16.389970792482156 1.1121284583570026 0.4490635378007775
13.371669911327515 0.9918043768429449 0.7652961552355283
12.336606214023071 1.0197150478648147 0.5199304872650317
13.997546069665162 0.9752527727382229 0.9487626345091456
12.770065427029866 1.0226183187495619 0.7509968183735325
18.815895846193673 1.0466005950723893 0.6878846209743036
9.866379133748957 1.1307756920125527 0.106490978242981
14.158008951449219 1.0024847624130477 0.9551303562796781
12.037438966936563 1.0008198014799823 0.7009875365839481
13.325323436815257 1.1523823154843686 0.16413641068819707
16.59387260225791 1.086559522977601 0.6185811568079275
13.563634137914228 1.0815027356181457 0.550279840252131
11.131777910253778 1.0975233493467316 0.41391779063839473
12.738841606615967 0.9996402781739757 0.7984482686029671
18.465832032552782 1.092808248755732 0.6057342759048079
21.860078609766404 1.0613169931610278 0.8062661109190832
15.62064376628729 1.0800995077493867 0.3761968101939893
13.598225709627346 1.0349412066214903 0.7590213523477557
14.682512984070168 1.0101456934196762 0.9655751984354958
15.912130544089258 1.1065196949576597 0.2947398601208927
12.792570691055097 1.1472596829264081 0.13216051440738014
21.00971257480621 1.0730073381818745 0.7004589397224227
15.172266438845618 1.0162754600359152 0.9750154406621697
20.521116986311256 1.0834478662726035 0.6700632203054184
14.65794738700681 1.0667462790795572 0.39416411372281224
9.38836810026059 1.0225313580725912 0.48310770735949055
14.645359411752203 1.0358125778623455 0.5460409122794108
13.815530326179186 0.9902707242038898 0.8143977063271874
9.060320899750543 1.1612017073651055 0.049439621418532816
16.38970467757149 1.0229097001448693 0.7064144082550333
21.324835252829008 1.0732111726720415 0.7475319722743212
7.8084448173373655 1.0958532830169572 0.18686945105914102
16.43560022794612 1.100324058874385 0.5168252763731903
14.098085145744637 0.9800981848310578 0.946844366225762
16.75531836707939 1.056918609284158 0.5401653230673239
9.974868398722071 1.0183085819424238 0.5166207146512173
15.090020064973551 1.0420865696340316 0.5365619808486849
15.773259882620305 1.009597082635765 0.760986160067532
19.995347366578926 1.0637859481002538 0.8909165589362207
19.044279878999923 1.0488843379506707 0.698842645228438
10.61798643854505 1.061626424588492 0.2960632100525292
9.892309166239714 1.1496767783690056 0.07171878436158488
13.725003327169059 1.0776207879685902 0.32283790217858604
11.68750632707723 1.0420201433410772 0.6032793049323788
13.156664525569923 0.9958358583624796 0.8145380174503687
18.437118522742622 1.0868307577458576 0.6448172610202091
9.346443654337003 1.0558407956193825 0.2951154943038493
14.216947421758217 0.9907792580834763 0.9815118352980297
14.221693569031373 1.0060512121004113 0.9245883146621405
12.45555319873283 1.0089102523868163 0.7312694004987769
14.036212001973116 1.1343912011307622 0.3066446230305678
18.44061068419758 1.0716516580566897 0.7696990367055083
12.224054344052579 1.0059841644903604 0.6885753109033125
11.502170956011494 1.0189879475311647 0.6340301989727943
20.255012622445786 1.0704305610054488 0.6733123527295328
16.793785429476554 1.0494728706097045 0.8633552325612736
12.729488002752966 1.00768421834036 0.753886824360463
15.833734670205388 1.0824241461135717 0.6100866802225527
14.983885186140888 1.0469032417707766 0.5111255683512843
13.618875829397929 0.9989070921342511 0.8687478651695957
16.727091313189174 1.125098154813777 0.2954467138511154
13.41468301433104 1.0178177504935468 0.7951322467481331
19.47676899158393 1.0766980893474745 0.6039128142303731
17.307688497321568 1.1169787672374898 0.3596384016486541
16.255582905042804 1.075163594973454 0.4362346559782777
16.87362129691246 1.1227762453032226 0.3449469562629883
16.334843349179003 1.0986276881404233 0.34427841102803536
13.603814725088743 0.9952706549086214 0.8453579251059864
21.349934187220942 1.0508340739312894 0.84928065081482
10.28417145525694 1.064767941253866 0.28416422773735994
18.04712654930231 1.0735867140254602 0.5361211679331727
17.65624049725544 1.0915735338411736 0.5840615612315189
17.681727625406904 1.103433219249568 0.48114202017315344
11.799234596463876 1.0855387191267192 0.46571413198744405
15.532372647672975 1.1378621197800403 0.2372226684744821
14.345588576323692 0.9931057752330357 0.9661214956207247
16.7257207763738 1.0018913125397386 0.8797480236522421
17.235861601302272 1.0575729746801137 0.5711287697224676
13.078316560518406 1.1028849594151997 0.23558505685673736
16.892670342070254 1.0408670815549668 0.6424664212196601
15.49184278970245 1.1018577121254083 0.3030012357186911
20.886313965505995 1.0416922182763497 0.8729571441713042
20.50683102747501 1.0709459059488708 0.7909869435405937
16.4220141984557 1.055164024482421 0.5453519762243632
20.76371472962169 1.0709505879955297 0.7704730601460112
8.037184772084933 1.0777565018404167 0.24171529996501792
8.037184772084933 1.0777565018404167 0.24171529996501792
18.170875591259556 1.0656560688681294 0.7949621366222213
10.866117905020035 1.1487968313879067 0.2027203504367073
16.58949658522884 1.0763928271996883 0.6634669545392945
8.720093784081122 1.0359274030442636 0.3958013349040518
21.597220046424393 1.0607408307506403 0.8621539170900422
17.243510161368203 0.9988590202769483 0.9375921949273553
21.15893811248134 1.0420436127487447 0.895294124670663
16.166261766139385 1.0368376058824853 0.6327319174910464
17.70863181039679 1.0094209091484294 0.8889329238402228
17.98026320441442 1.0701336130015524 0.7509385811622667
12.919170163393236 1.0409819556516413 0.45333817704549456
16.878070335253984 0.9899273628756684 0.9882205331392734
21.184403003166526 1.0623347353990868 0.8783844202809856
7.630477577405145 1.1087367875925076 0.17138240898843982
9.490549506185218 1.093955718555146 0.19657832094781064
20.30835658952672 1.0715650874697173 0.7093367978721205
13.29357847391977 1.0271052383435897 0.554377408191654
9.795920328360712 1.035191317803114 0.3821265369031347
16.263772366071798 1.0729491694074627 0.6709858130849324
16.82393159629985 1.1139803676870086 0.3288248278441523
14.530848938025741 1.0285870255230405 0.6056937524781891
7.677455486247952 1.1081589829231535 0.17225853644382538
11.02245695474463 1.0198080772739986 0.5294814453915104
11.2795999873501 1.155838093862856 0.10768561740093396
18.576836873095182 1.0292570400387995 0.8126549185695985
12.614397535245761 1.0899771216451042 0.4694317126344613
15.325538066208253 1.0195791063982607 0.928498593874977
13.595933677127398 1.0407985192103477 0.4908011997130437
8.303343872212185 1.0497327217035726 0.35410253514950757
15.205554903144634 0.9966233761118152 0.8661270215756982
13.539823719547137 1.0125009206473392 0.6776356153175981
17.577217797189444 1.0943590047517366 0.44332701967199284
17.044583462442603 0.9934209868922255 0.9797520535778885
12.770755477889587 1.0279901706093084 0.5293362390602643
18.759206743075183 1.0715234063587005 0.7503981763360977
13.745772454077954 1.014676385885369 0.8052128474763468
20.20592942009188 1.0673705499545472 0.8070735896498302
21.311995106533377 1.0501634797674553 0.8811070930418085
12.389080781896588 1.149437782122726 0.13410060226721665
21.505883628064495 1.056101667136834 0.9273832956866566
21.584501912332072 1.0529519686838456 0.9762394803318072
11.423889272402779 1.128243502183582 0.30274099535751287
16.673359438360986 1.0479726385116952 0.8450431945156116
17.27045158613479 1.0162635311563333 0.827245819366065
20.664694086460052 1.0659113109141904 0.7963893647476374
12.426833468988693 1.1167513839545617 0.36272099011548875
21.011506510863416 1.0616686246721159 0.8521285123261516
16.293332309217384 1.1231813013884917 0.28695917515396363
11.683529991434714 1.1398757686840237 0.2562664594325332
15.293477527887557 1.002269067937039 0.8292820321899055
15.857577496144163 1.0441623992991311 0.8210377836376502
16.80279541267085 1.0059131030828286 0.8762961044125301
9.485936137731295 1.0969320271473264 0.19148943830856452
9.417668988461072 1.151968532761532 0.0716530695331069
17.087388012315312 1.1098889949946595 0.36951126452274413
20.89375802845707 1.0530245965798926 0.8397988666180529
14.65202831271652 0.9963418410336504 0.871949617629799
14.849313085668193 1.1142872739354872 0.40194902238832064
18.42299440134135 1.0810580025816918 0.6527178499098852
12.337485279650828 1.0227280633045186 0.653368984181202
12.524209995410018 1.0338601286824458 0.4850577431685577
12.983636222255274 1.0905448770707624 0.47392673728205814
15.94798234931357 1.0084526624214287 0.817318048997363
16.38603171343246 1.1107147729733546 0.4228618131977606
14.556862379476364 0.9970422407266843 0.9129866108897621
15.51113370266205 1.0523006176878869 0.7516219139995423
16.637934007060526 1.0073456963273437 0.8618781924006182
16.266667275431114 1.0296884960918167 0.9324243583440333
20.30857579140434 1.0658656126249368 0.7991475415455621
20.10660444898185 1.0408946511997677 0.8493300711924594
8.128805949006534 1.0895896507489518 0.2137316334520981
8.124405458209297 1.0772911254615094 0.25093260120314165
14.346905233278946 1.023337589685042 0.8161118795749654
20.91519704372384 1.0436678267216772 0.8954936888381635
12.53759833359026 1.0944504785988038 0.25157375211805993
16.944070517497966 1.1007197471371375 0.4815539638304212
13.726742988024977 1.0251940327253917 0.7573660508920199
12.949051480975008 1.1395782373008632 0.15809728575664023
12.887613391302821 1.0729524859763977 0.5359264528600249
18.19635551051591 1.0855986112334404 0.5352041335143937
10.082496260150048 1.030644431079998 0.48713414933640836
8.970874903125189 1.03938398679606 0.40983681522768256
11.335032321424066 1.0300040284630503 0.568325647127336
16.064121700620642 1.0162139000877017 0.9945248082479927
21.226907744539027 1.0371477597093017 0.9620245916643503
12.387257401517843 1.0411820901859972 0.616416581284092
15.159282259112533 0.9929678555181195 0.9367929972121085
15.887537962757314 1.0738032982935906 0.44262142858611936
15.320467268394623 1.039289467029111 0.5951613237051068
9.031917344459977 1.038592492542834 0.4102431257723325
16.743420691065158 1.0898892613026838 0.4179251424938761
16.059799344682446 1.021931988554494 0.9566519554216556
13.530960396897775 1.0354655781214679 0.5317326442128066
15.85158580952821 1.0007441998120887 0.8846683164172007
20.504884755364856 1.044866019430651 0.8665247891264956
20.049057860987944 1.0517048666740494 0.945577230486433
12.401327989435003 1.0435937522896377 0.4315534317845461
15.065723717970961 0.995135537438792 0.9309406570045319
13.802663575197052 1.016413366266254 0.6830853199660719
19.35361883948861 1.0262405198061557 0.9012032934085238
14.16643542077961 1.0305100197257822 0.5954552903767372
17.07428953173865 1.0585647579138366 0.778370179425875
14.554160153235497 1.0227267351192812 0.6649013933578048
16.903856353352527 1.0787604773918695 0.6336128204573309
15.487694453550578 1.0942669405638301 0.5079609955163226
17.79931628867135 1.072035928522541 0.5599870010509689
9.925465970531638 1.1558911638548455 0.12959662372338357
17.629886648119037 1.0436348766368588 0.9112058329547766
8.116825685814213 1.0993500692464542 0.2825935002595959
18.305176622144398 1.0476772862715136 0.7072597752256602
17.908879723691157 1.0566417853473946 0.8246922362299522
15.41204705559063 1.020192549241183 0.9074308785797406
12.597977870152587 1.021420676897862 0.6145509793987374
8.739940463828383 1.0453101082344411 0.3659497408189938
8.276841392676735 1.0914157568014826 0.30802978944114967
15.891737274341782 1.0378388750902838 0.6368821246860393
14.775786698870174 1.0766440497348353 0.3809443335256384
12.264475185591113 1.0941049444473467 0.24861984885148483
15.19776599056987 1.0910367084287533 0.3412133106619873
20.46229685409013 1.0536097674132208 0.9213850274085226
14.91272350465109 1.0060736667462316 0.9132220136671182
15.765151567763265 1.0816957186692235 0.5827533515105692
10.460251297250275 1.111074941006225 0.33809102577508304
12.670056880701814 1.1427518802442589 0.2432669060854459
18.890385072331778 1.0649497329939155 0.7817984157970509
13.695127897231337 1.0588484424203195 0.4151811649682033
15.192837513787701 1.0583776627966306 0.6903628286373844
14.69172567714266 1.0047417203709745 0.867525058602019
12.13479547378218 1.0271668286768403 0.5364602368331964
18.57836655535062 1.047033618794354 0.7318956015229909
16.30373730128495 1.035431358457566 0.8822490498931296
13.268285876436757 1.06648749265135 0.5687791151383447
13.027608685129245 1.0710654363259076 0.5421009905839356
16.300556453989714 1.0204391968946305 0.9741153315144786
20.265983718528137 1.0590811116308605 0.828895600745882
20.597224556916874 1.0500468641320062 0.9560054279261324
12.725773873988938 1.0412626819935231 0.4634827682671686
19.63144787832902 1.021602185431098 0.9607244900106411
18.44785258141841 1.0798563002099408 0.6219308727354331
13.978274725218427 1.0256965810023053 0.7577450777475274
12.524978711142225 1.106686597346591 0.39673796859802035
10.872874971360769 1.0486252751449645 0.36220097155916114
17.883453316123283 1.0520333591897377 0.852532443945553
20.11232801581527 1.0519549418478207 0.8157729025051813
11.353673767532424 1.0329502035000744 0.4563146176243493
11.81995120945971 1.0460068287701136 0.5630014893573487
15.673601313302516 1.0988266172578047 0.33458849189831924
16.035259913766676 1.0115725012079992 0.9992574618195367
17.082366525386927 1.096165003638136 0.4307506313752803
8.188044489928043 1.067510040474806 0.29573608969821147
17.87576013157292 1.0722813435890497 0.6935778480340578
8.65826998133122 1.1034382094728774 0.29954863159566053
12.942935250923714 1.0220699175795018 0.6418437438427589
17.335397269380657 1.074497933492447 0.6645960364771355
7.723109831761999 1.1024769329152657 0.21107246378283012
18.12665149904257 1.0452267435521738 0.9143747274066258
8.42795922992099 1.066905167629639 0.28552006468063895
13.103451061149656 1.0779843271651741 0.31908104206872284
8.862067691978371 1.0904155712886257 0.21092988226261955
15.906052368899566 1.0339505588481568 0.6679682438453675
21.136341725307663 1.044604376749737 0.991594133589036
19.009075829875567 1.046448147921057 0.9410665846309544
17.752974411403486 1.0510144912334405 0.6680537329440828
13.90803998459969 1.0187657683142963 0.6937993959410987
13.405391577157928 1.0575446804670494 0.41217392128366365
14.930509176220177 1.0060605014136927 0.8784204861005042
19.167219356493156 1.0622189228463184 0.7064841246046698
7.879896880256386 1.0853931926741076 0.26517086381303046
14.928905862584116 1.0131946304210906 0.7730982985055865
13.828001935349555 1.0319360859042486 0.7193186596623067
12.680621367697206 1.0388123974682517 0.48098192445110566
15.738477314767408 1.0269217791130216 0.706667621920425
20.00918331158436 1.0533446773614794 0.8971605390232522
14.251764496581629 1.0949255317410544 0.4753992270845965
20.470798117769753 1.027517238581479 0.9917720482096272
15.885040380779998 1.0361246732204799 0.8422041312653128
17.317142910490986 1.041920886249186 0.6974031483663246
19.257586272318886 1.0362905729784013 0.8493782724910205
13.704561765883057 1.1224084233416445 0.3460972958510736
20.31784873134405 1.0476523857565256 0.9579993921329557
17.901689384182756 1.0562998863054374 0.8109435897367393
8.471323689441626 1.1355930267911718 0.1945149232277824
16.890997840763365 1.0601301981493745 0.7445421317153191
13.178709177097971 1.0390914075542415 0.5061687230930857
16.155647823758702 1.052158493560376 0.5808533336188364
13.895955567722368 1.0191323053173689 0.7051364832977004
19.93747843153932 1.0336170448766744 0.9152661125256866
13.4687542191913 1.0397480644503678 0.6673240826128862
10.604232866244898 1.0308580782476704 0.4692321443255759
20.147362792499568 1.0541537091289748 0.8590334252929172
19.386109601019747 1.0601083957733246 0.8088744810638678
14.006312840417511 1.0503501648310982 0.4810262738692884
19.417890040569006 1.0233827496680883 0.946937223910801
16.78127979857964 1.0438715170113477 0.6610811889984014
10.747354273482518 1.0754023496840939 0.2742986739163254
16.888025436736605 1.0606263716452693 0.737998821816671
13.670313653445245 1.1194626588067822 0.21888927682097883
14.695858804711076 1.0135173967124658 0.7852354208995931
17.437140997974655 1.0749581211091148 0.6512933564174961
17.78704799934998 1.0469556630871197 0.8726014000068407
15.967391707213977 1.0613245516624104 0.696187320582028
11.978822334139906 1.0305879887635823 0.5221812425198117
20.08580290262752 1.0518731655316909 0.8535095610283369
8.563179135478192 1.0798925426720385 0.339199732168647
8.765997094287732 1.1541640828910205 0.08917254057876363
8.379546624271585 1.1181178755038914 0.14629466371878533
18.140619066384644 1.0555355730997857 0.6773383867976575
18.608302890026295 1.0534343192537887 0.7180451911847024
18.608302890026295 1.0534343192537887 0.7180451911847024
9.108715226165026 1.0462045345648343 0.36146667397274657
17.03301021899927 1.0951688592583404 0.4715803528515601
15.05645790113547 1.0102402391005751 0.8498978540991474
17.30145352933094 1.0786653679754674 0.6171101983130379
11.345706011438633 1.0340840723808657 0.5353768608243198
16.548351328396347 1.1104050963060885 0.37808180117627654
20.36320525293027 1.0297093919363607 0.9835890757034994
15.317022946588878 1.0075369156020044 0.8918525970779325
10.886135791387856 1.0433603641613654 0.39192319068325543
16.451783567718156 1.0778008952083618 0.6082906621523697
16.033757250031908 0.9974005174956254 0.997405119566285
18.68030952849273 1.0207533966514948 0.9238578179062239
12.552840209945476 1.0706284783296696 0.5180557709937799
14.60974025835339 1.0661254748377853 0.4312291901600549
11.164085464645446 1.0372894425479755 0.5257568617435358
14.856783528045039 1.0134929428980621 0.8159641696684495
15.301219403315773 1.036832236578815 0.789368381515428
16.72295837407664 1.0879234517220904 0.44830133338878464
20.408618041364278 1.0431707879483503 0.9216354730880888
9.873563509065095 1.035939005754535 0.4322012864744382
12.084917001020766 1.1054383378814636 0.21894945974460223
9.371688797872352 1.0411411369439512 0.39214915907766523
17.712901873556312 1.0252139336299109 0.835603373849774
9.501716384706674 1.0394497259833422 0.416985450232634
16.666273775828113 1.0465025566519266 0.8141552456786643
16.749734913979054 1.0207858703225565 0.9825905927433742
13.333393443565168 1.0708074219173458 0.3567549237054287
8.912622226900508 1.0935918215069786 0.20627052820358316
13.077700736486875 1.0774130785004097 0.5116755637578763
16.243661916262766 1.036602819291258 0.6825336497642887
15.584393814320133 1.007961942672108 0.8799117024802561
17.513058366024236 1.050818422222953 0.8229748681605363
12.398854176252637 1.0361932822222464 0.49866646144247323
14.20277940073116 1.0253295471090331 0.7422240239402784
18.26843342363273 1.0719734214742864 0.6505098684977166
16.046438037137943 1.0005300779134665 0.9865220327833669
14.305663687110659 1.077019050018519 0.5503856377790621
19.71394218012698 1.0286667661294804 0.947337522833765
16.14589500045287 1.087765826630378 0.5355501853045296
13.290154010599004 1.028776178369051 0.6174562327841794
14.096592194233153 1.04280440539973 0.6832583372309167
20.221029949778117 1.0453289661672638 0.9236293375986563
15.425939686012342 1.0520114893276136 0.5545082771491494
10.953963751452385 1.041214386474911 0.5088910468770282
13.282660701375427 1.09722184287943 0.268941118342803
12.766230512259181 1.0304622288168415 0.5940819768368639
18.030424384829406 1.0271191986501673 0.8483941287561523
11.855553030605911 1.0595282977116423 0.5199739785277964
15.276292966109814 1.0306124192598558 0.6800280057201766
16.69061365007627 1.0724378264000127 0.5208918925357399
10.220243226985138 1.047878842657832 0.46609618041384204
7.84130127923841 1.1160078686485266 0.2035581054407336
13.823556440977686 1.0310546217332854 0.6172174366411912
13.979157822038957 1.0473106378976174 0.6570662627729408
13.347681984067084 1.029528421553398 0.623042342334628
15.884657651412198 1.0089172553407135 0.8916144294027684
19.074592491141626 1.056417539415692 0.7664832917773855
18.30805757905519 1.0668977219617506 0.7009773742349507
14.160774348945512 1.0326295695735124 0.7139153491231881
14.064604572765198 1.0290232574550897 0.7120052909146067
17.831789664345216 1.0740069001880768 0.627975275485705
14.779760125575173 1.1135677065657255 0.3872186356770106
18.39253164263735 1.0592050520985445 0.6954142162715742
19.927398923923587 1.0419983925343155 0.9670512366651541
20.16121848709268 1.0401315060637015 0.9870807492207416
19.36953475570041 1.0253297899546205 0.9538656181278775
14.390930863927974 1.1127491800768368 0.2567970865373032
16.528990839194172 1.100973550824493 0.3978660084676381
14.140842848515799 1.07041176088891 0.5699597618184395
16.434033107697708 1.0391374178612944 0.8351200482655956
17.224612617108196 1.0378338026838154 0.7377392348904291
20.34067366393768 1.0326482451360461 0.9932246764508095
19.997437522031927 1.0364633927785278 0.9408899955081664
16.191248463289735 1.083071286491618 0.5581494699409962
12.668742499656503 1.1477167983619254 0.18134774670448853
12.313029060517302 1.0629852138836724 0.5262374305421902
17.882098752849977 1.0421734430473382 0.7535367150362019
19.69503384178029 1.045136141239331 0.9035210350143548
14.318664521915181 1.1356878945089715 0.2695759150467576
18.173061818274007 1.0466052199585267 0.8655293860018494
12.805698128339998 1.1233249529337634 0.3283280062385737
18.294638540799177 1.0637727163341266 0.7015031133778361
15.607503045565053 1.0819542675893654 0.5517504154910375
11.441876360578867 1.0357381239767354 0.4772368763418891
13.702962077749373 1.1273961961432901 0.3165014902123375
16.56983959688553 1.0839250745048417 0.4713914945063073
16.43555977776117 1.100322309682308 0.4364479170146941
18.390991079884166 1.06157039648348 0.7131476837735802
10.483120208955556 1.0665607508695503 0.4447403816431986
15.54860588377938 1.0183702978656357 0.8205235490524757
8.793907198856687 1.0728742724070932 0.35590769171292347
13.059824789334787 1.1440395203606548 0.21965022140574011
15.090079341726042 1.0770388649702731 0.5644735810602333
17.122214154858554 1.0400428723082429 0.8596698415858837
15.24194352084546 1.0981211257157542 0.33191312541782386
13.901433900680136 1.0739377273686332 0.5428745426615134
15.423059734745387 1.0314018156194171 0.7965513512587477
14.860403162898809 1.0674950071962133 0.4477983587328729
18.261736011332196 1.0242505618463533 0.9003793214410447
19.468252064967032 1.0415076338709517 0.9362170900688267
12.683498367584509 1.079083202252039 0.48640755621587906
14.997672660025017 1.0663653505828832 0.6125053680893442
16.621420218138223 1.0328005430212257 0.7486565641752346
18.283814577681426 1.0601170802109916 0.7294664590808297
14.043134027217235 1.0636365023347676 0.5879961830691781
8.047742589454021 1.0907019559197866 0.2619495718663392
15.270628791204128 1.0270273309537112 0.7916325638397751
18.53896515448496 1.0434905721194723 0.8038678465609989
17.703568258465722 1.065300596090139 0.6436523524533618
16.590569898555028 1.0124225084198015 0.9699475229283961
16.21818256982171 1.0765904516573928 0.48493956494241236
18.664166197594373 1.0439394523327523 0.8127972743093506
13.216201787456018 1.0408673441328036 0.5264105605503729
14.968967754332457 1.051259372590495 0.5495054066842447
12.703437386107659 1.03600482623978 0.559886247822595
18.60296838081446 1.038507133437916 0.9353558272011564
16.362626117319223 1.0191032548743109 0.9160790191235694
17.688966460451333 1.0085327741146362 0.9956421752278783
14.520118297903572 1.0423124915661863 0.584350842844323
14.509264239940986 1.0491981123878225 0.6633113932036501
8.271466676483538 1.0800688144399158 0.302632647485622
14.622636017180568 1.1342272791002552 0.23452832207470753
11.033119169632148 1.0383867385683627 0.48886549780055927
18.096922802964784 1.0591805373610297 0.7155601926200268
17.602879449787963 1.0531881472270848 0.6917102275242824
15.289150681780423 1.0727825431292668 0.4482326920813482
10.71683562571598 1.0755386518859111 0.431181845087987
17.31963045113017 1.0712312599963043 0.6087781895913345
18.117967264716942 1.0171999354648475 0.9553524675089523
17.358033453137423 1.0105279721817064 0.9703495298269903
16.59290183350614 1.0160797318456718 0.9405796393970534
14.222454477416345 1.0591526892637129 0.46356393781625355
13.853697856559254 1.1382227930612072 0.253414958708116
15.476975115594584 1.0319507836514412 0.7838022320387351
13.820955510437994 1.0547052895637654 0.4681385201009965
12.938884923493113 1.0370548896225151 0.5760500033377283
18.06963111331482 1.0187677530204662 0.9431017495719319
15.700544564039312 1.0244346018451977 0.7971552520090004
19.36934123526947 1.0283708168246204 0.971904442430413
11.73842532742352 1.0625508416777736 0.34583296509600975
16.63184165945106 1.0712935753935757 0.6224292909904251
10.540308013554165 1.0390366728999623 0.45454011210005335
9.614159679220005 1.0863173593875985 0.3662946408540573
18.430447144181404 1.0483398205404617 0.7951880227945526
19.546031199257733 1.0283296446290862 0.9961046269581619
9.673707532910882 1.0725724409384383 0.39604576019238735
16.392753632778813 1.0676692999632864 0.6398574009214921
11.03884787260274 1.038067683466307 0.4703166941196805
16.08144513374851 1.0895365478491539 0.5001056452164879
13.769425063464134 1.0510144043466625 0.4904972085724595
17.803366188107805 1.030624398552019 0.8467614499997659
9.874428308375704 1.0823634409164102 0.3843672667028672
12.168071961594713 1.1465326057792018 0.19906688570380668
8.171752351595263 1.1082595339097394 0.24554987344548762
17.05126323504633 1.0551981497120355 0.6533710674465969
11.39813015467702 1.091601229986303 0.4087189043384855
16.372518218614008 1.0257291089803904 0.8099724316378185
17.029552553477853 1.0673214605503263 0.6492969624888125
19.066474459167488 1.025664112538341 0.971868566316414
18.677822995314077 1.0301089459186283 0.9131925630174512
15.011127029951062 1.0494999656580195 0.5710184523217535
9.933030821363037 1.0620952913038502 0.312419183802109
18.342251946149304 1.0477461971973498 0.803127060306212
16.439042244539113 1.0660239850389817 0.5618382928004549
17.100674049580345 1.0150620029970399 0.9404498149175462
14.723143787810546 1.1320602525088634 0.24120307941806887
17.689852430697023 1.0397782456218077 0.8656228083056429
17.6836518522089 1.0252677523953175 0.9672824074262676
16.025057503588066 1.0273685828357555 0.7896067649160011
16.803779937398907 1.075758361820513 0.558819026274947
16.915175405497777 1.0664713876770238 0.6497020154305724
16.058632116489136 1.0448860071064232 0.7514863281439629
13.011992836951435 1.053943872565999 0.5675259294960042
14.794389388949405 1.110518144967211 0.2808068419149226
18.169375072426924 1.027939050806508 0.8986265484689193
14.04344421548426 1.0915332055511093 0.31431856924516693
10.098608841666701 1.0419044885980604 0.4209182805849694
17.395707981238793 1.0441853347016 0.7429569682388731
10.655884221431885 1.039805785145057 0.44349813394206905
17.407533863138664 1.015592541669795 0.9949184931364426
16.982322837099407 1.041710403618643 0.8138939387625878
16.3765649841012 1.038126340776234 0.7229845535776707
10.295596301458072 1.095426792248378 0.21965953823479842
17.64986291753489 1.0494974725927362 0.783553956943204
13.884031531832601 1.0385459584929773 0.6164535923441801
17.082219753635087 1.0227325843066315 0.8829333979693028
14.081006455522274 1.0865329210060468 0.48780208610542386
17.960084801816684 1.0426616591017646 0.80462605941844
10.640673878263756 1.144820861879663 0.11627871285464608
17.290192065802827 1.038232257355745 0.7814511447688212
16.114810333847014 1.0411221244810518 0.6937646960596836
15.561853702850353 1.1156663448028998 0.35603844580487626
17.284829086167136 1.0349422166712325 0.8644135318860887
17.768036307143394 1.0476385575700453 0.7690348777478164
18.176228131455307 1.0252162037395962 0.9805024309571994
9.38701182075727 1.1290640222978952 0.24147456707296275
16.01377757201715 1.0362748236907535 0.7255667461511897
8.962166442098392 1.135455177809713 0.11593716216902768
17.69591486264797 1.0318588057279263 0.8550536868595785
16.309542743387556 1.0545017274137227 0.6230840027291886
18.163264535945174 1.0326410414370581 0.9184111585229175
15.687126523968356 1.1056872993095375 0.40741846353075956
17.852051716021137 1.0196911501606893 0.9710824784767814
16.93283206243809 1.0580041016869026 0.6960311713983349
17.78798910947493 1.0216038997010473 0.9620333010341741
16.747094590825327 1.054835296857067 0.7114031341671603
15.922877614611703 1.0347648884247334 0.7622592112912431
17.437166924806355 1.0293883188093333 0.8895561043662714
17.92471376089729 1.0296438644626607 0.9063011046037642
13.846276068523132 1.047167360492697 0.6142590644243424
17.24844073484944 1.050350060221001 0.7469602062513816
14.826298843815383 1.0432980305027837 0.6750862314339887
15.90254648050064 1.090738447789936 0.4812162834552899
17.053676586052756 1.0333368318637568 0.8395378941672713
13.739368281390924 1.0492034972908395 0.6042124431636486
8.624818101785273 1.072134202571482 0.3326360395053607
9.986162792051134 1.0686226973334023 0.41207135402371026
14.564223004219123 1.0458968495127379 0.6517379374650576
12.109107089900576 1.1368798219826317 0.2569684859273173
8.364080214391906 1.0815622176160073 0.2979425888190732
16.198241919875144 1.0599872468759612 0.6598258259006209
9.367636667411137 1.1378986368169905 0.2050345666733533
17.040895262792006 1.0378994871088703 0.8044053620366045
15.887306486828194 1.038734186601112 0.7400211853641061
10.087619505790997 1.0823573121719552 0.2546694146079214
9.734965258013302 1.0768256864877062 0.2672707760578355
8.680850749697838 1.0684970348449911 0.3053592158269825
15.705894384739455 1.0394262408110906 0.7226360780828552
14.336475747514388 1.0573627029613342 0.6044398738022535
14.967444763411144 1.1268592878155888 0.3002319211402943
15.845501291637007 1.1083008702990207 0.35031082712065437
15.076535074645737 1.0423454887820303 0.6787125988024675
15.321576475440803 1.0625120803932897 0.6184895776908789
14.456991889375434 1.132194374936727 0.2351168625813629
10.505688801046864 1.0440811827405472 0.4110917692119631
13.05057719771251 1.0455794964574914 0.5085141336588783
13.779225105621396 1.0447661972172213 0.6028727652397734
16.202907039064613 1.081009905121492 0.5041036130956532
14.361959991033245 1.0508735953907522 0.6235119195112172
12.279952926440686 1.118183075409982 0.1998792031601393
12.822769583949881 1.0756351937220088 0.33466776299587586
15.757228697951568 1.0692771702534085 0.5179281997669782
14.73668574022241 1.0465907313926024 0.6494859821229613
14.577027933433389 1.0532032564923202 0.5419751458062473
13.18860962255922 1.0452387469827842 0.5687649894939293
8.235404725012362 1.1354939295322628 0.1345941428056493
9.050508141461712 1.1053616805295876 0.18687101808840514
11.240783225923128 1.073392755127137 0.44697844535995845
15.781139086849915 1.044554425709414 0.685003881346354
14.428218344562126 1.0592164818247054 0.596690885302069
9.192339611652569 1.1334328714626065 0.216241791021938
14.123122592672107 1.0476389561534685 0.6132571621937463
9.339017372611305 1.1422151307330364 0.1078016728551342
16.269112686909327 1.063186739116566 0.5982768333632438
14.295647852192797 1.1277567972635942 0.3038084846463531
15.85781214072863 1.0772653896345108 0.48655239464044847
12.652851191087457 1.0841517915989052 0.45810650275763887
15.947356270148994 1.100774864687526 0.39835453472496857
12.920913657998113 1.0613188677447425 0.4007584949733581
11.485114857260452 1.0558645819980075 0.373688346160655
15.660441800952874 1.0962657620388168 0.3790454372096937
13.233965768367174 1.0755657861123205 0.34994275440564193
16.10376783951247 1.071658255155013 0.5718695899224631
16.09275840977077 1.0666129912011701 0.5706235327458977
8.898479952657919 1.1066486363280015 0.28580327240492176
12.55739633877442 1.0662024714562586 0.5068420871599201
11.008707309313444 1.1416956446108248 0.21885712060461426
13.12754170688255 1.0592157592894906 0.544474179817314
9.47544412649288 1.1425215564774525 0.1839971252690093
12.540908075528591 1.0460225160923484 0.5329641091185802
8.256455145243153 1.136387709343174 0.14044122728424277
10.989917935006716 1.1186622408357625 0.17534247599329922
9.898803790175084 1.1083029362582166 0.18542767277146055
12.413631687283736 1.0609435382987327 0.3837709270494467
10.333503269305293 1.047244420420121 0.39385944240708975
15.414314029097866 1.0706655728233063 0.5697759611789786
15.95290859787249 1.0705920512601848 0.5471707401912185
15.48094735249089 1.0911975580982853 0.46993982950007424
8.502923109815606 1.0907635727393272 0.23708873840475958
14.111774675664556 1.061737239400405 0.569547558741337
11.138724662833585 1.1484071060733152 0.17062820066859252
15.545594487274144 1.115291334643315 0.323565096865048
14.365096955892692 1.049218744282414 0.5894464840484617
11.935423244257965 1.0669577393650345 0.3433822329701053
12.69534323357987 1.045857543836402 0.5135874004537315
15.16040800951459 1.0529063127235543 0.603676871399505
11.212737889087656 1.0449158038390383 0.47004091469009684
14.566723611812495 1.1244699882788658 0.31556975456807246
15.02456352251519 1.0935833887309903 0.45812981836263555
13.919502362278575 1.062311940606642 0.45029586335080574
11.814578221000236 1.0488281434758855 0.5017781955805157
10.182860207357884 1.1183844000731975 0.16509898041432633
14.842521615110762 1.0652278189013789 0.5762288081657877
15.814468735164624 1.089149272506281 0.4613386117960317
14.715331671454749 1.069998429923052 0.45387320675901455
9.216130685621748 1.128198439096772 0.2337192043027149
15.375150614437736 1.0711858438025856 0.5583170471546097
8.688197667690018 1.092213602908772 0.22943368542460632
15.78775359304074 1.0911968254491975 0.4295619386727821
15.28249334445388 1.0663311020616781 0.5779591121219971
13.074187345294405 1.0754418385177433 0.3482508001512474
15.159554388866407 1.0865642984354809 0.39779399987790676
13.181211737188633 1.0816538321748153 0.47356426329634826
14.362835700721561 1.0698396216109352 0.5419623534658039
13.466131139046034 1.098483517859814 0.2821372494568685
14.937786808916716 1.0575223758243393 0.5903876805910012
8.510401532783698 1.1373254157479062 0.1275716834499206
12.966930599046933 1.086661024534684 0.30506301541388914
11.470002017357768 1.046282966198167 0.44451506013065484
15.417156517574359 1.0796205401998558 0.5128364194229376
13.745125680060237 1.101154189195357 0.2826352775909449
11.979609745325838 1.0489008596709883 0.4982196762802728
14.305774901540289 1.05579712805741 0.5367824821110728
10.461928309648886 1.1213385399034157 0.1634327904026088
14.43074148924644 1.0603592593013924 0.5691532925830586
12.445504246244827 1.1332285530288742 0.27122073087249776
13.448211318877586 1.1345490192273355 0.26552117075403736
12.032890041156378 1.1454550796505547 0.16625911314222683
13.749382014489555 1.0791379516861637 0.3611100440700215
15.122170909185101 1.06818186476455 0.5546049305506588
12.820070573542374 1.125189414493962 0.2009317889213412
13.819383612204671 1.069035071171998 0.5262662828467379
10.251433539233831 1.060119210696941 0.4237110472116221
8.662471248111709 1.1194089913554552 0.16116414610621133
9.014164197517026 1.0927279133208812 0.3162884459618152
8.493482597098826 1.119326691048118 0.16524798968820084
14.346904747352148 1.057772316374361 0.553356673309498
12.008289395128461 1.1456763532704786 0.17730312121656902
12.389592344364107 1.0863568624433908 0.43684732132736426
8.285046342051158 1.1275166369047984 0.16483210246106642
13.531256861434489 1.1260224795025982 0.3069849612270843
12.405656213494158 1.050834680915273 0.46067216531085886
11.154252351870209 1.0831813676506217 0.27570392682131883
15.227188226043555 1.1152419845189356 0.30932915589872584
13.390209013325563 1.092316550825898 0.4371810113690231
8.606431530154529 1.0897850463556797 0.2950712182459391
13.39051684183952 1.133198407780538 0.27065090771575034
12.28267516160134 1.086290986401139 0.2909793130405573
13.910847274598126 1.0573828031160488 0.511977402339224
11.23823195826025 1.0542823111837176 0.38711883994661267
8.668786165236924 1.1372225351545873 0.1288483302615216
14.014639866771766 1.1236627716949348 0.23845505395665315
9.056036502088872 1.0704921906537483 0.3469230999597291
14.982130556018475 1.0771099917052889 0.4513857504508143
10.81521072862442 1.068419350638699 0.31761342520179325
15.280960232102917 1.0835638450739782 0.47435539320584263
14.573213754090126 1.1270757466014762 0.25856619257988883
13.383337392993162 1.1295659538773273 0.2882509783940992
9.036874176227379 1.1009632323810845 0.2978691947041006
11.412989761761835 1.1014705091407577 0.3679466763748485
12.332230398368747 1.0548012701938165 0.4970574833602534
9.740744175679708 1.0822713088649998 0.36489850476409125
9.606384467114266 1.1233359651080754 0.2580127068783191
8.514039201590949 1.135484359594646 0.1558736275474576
8.718612463283044 1.0777588370295 0.2982102370848391
12.447839569642202 1.0520623220014154 0.47220917753439756
13.927375240665754 1.1202295779005813 0.3300342846029717
14.381465301861176 1.0715466689622515 0.44525718602497794
14.084491343854857 1.0615006307637422 0.5080633442706073
8.34251322479698 1.1224362423078533 0.1867952031637497
12.558520216793273 1.1348675932215824 0.2592704565868393
13.67609105856231 1.0963684930543416 0.4228287642009769
11.991875829531121 1.0910137176132506 0.2721814726590114
13.104518692610721 1.13727106930662 0.24314228972630228
14.495619450984051 1.0690771339847585 0.4789542789732458
12.571627572899466 1.0651132163283583 0.48913164414685206
9.91653012926384 1.055037341357202 0.3838900360680776
8.92034218270928 1.137915782856879 0.17297694352161916
9.124293336143928 1.083403630409707 0.3325495967120228
15.15321099069704 1.096930426221492 0.37211164980119454
14.000051926052912 1.107330254764693 0.3822286366863508
13.152762007953353 1.0572056814373885 0.49998977016858837
8.706624890031001 1.105705492050689 0.20178985131585142
9.829340449619204 1.0801013674101139 0.36991447175953296
10.046409908175228 1.0703081903490779 0.30367234082797717
9.964421668109921 1.1443102798677574 0.17387615899346764
9.442914531085531 1.1358249907887696 0.12914484836131548
15.089790494554649 1.0953429056664181 0.3749655055952321
11.48595380803712 1.0536538798236448 0.41126773764123176
10.639736048952617 1.0958529183761412 0.23447776291570846
13.749862746381329 1.0645252705757806 0.5116410828149076
8.710466617066 1.1030560171635673 0.20990738116749302
13.824726917623924 1.0841637842724916 0.353093693744588
13.753580680796734 1.1087284845917675 0.3744744885523834
9.533791444351877 1.1330289779439549 0.13499037375049253
14.712501155389795 1.0748803208699191 0.48648167363119815
14.90524993438699 1.1092226515591743 0.3130669935975585
13.559602848344671 1.0654118385339089 0.5057165114138382
14.924905272947314 1.0875357137288117 0.45099106689006196
10.030141910650078 1.1026265928830508 0.20978687021955097
8.523304292682438 1.1260904485211238 0.16201355062110953
14.808814628238505 1.1211540355843042 0.29229276715855523
9.917425372120142 1.0714306767896316 0.3007089337658409
13.812796958303341 1.1334748938505554 0.23468652564966114
9.516002676114253 1.079824253505878 0.27200143019856
12.33845485887327 1.0570694521932478 0.4803433206957258
15.093155030834104 1.1096103619891262 0.33164096411281146
14.642415906487212 1.1223233781530493 0.3024084427178018
15.088813303267912 1.0995803576354848 0.39701016608610057
12.731223387124832 1.1353490936374115 0.19109439585326463
10.399095384526007 1.0737139380155187 0.40006521010075846
10.079028052757858 1.0635739962479303 0.33233214450904663
14.855633413687222 1.0877158217133613 0.4468501340719387
14.422362652303445 1.0771026538599051 0.48309781590477263
13.715722079738619 1.0895981097434435 0.3293828573155617
9.594760833344527 1.0729034109928484 0.29651354457789186
14.898792540900672 1.1102172471828498 0.35591111133133635
9.972415941080346 1.0578026222746757 0.36870981372261824
10.27362115775061 1.0699406882732518 0.31069290931481763
11.941127192803656 1.1226079915741503 0.19324589680621682
13.228007939358417 1.0711452297318063 0.39090907458189955
15.089649665319822 1.105650571683882 0.3507339141327754
14.373276425805745 1.0736346646891617 0.4815973014833744
9.664890562484004 1.0825676956993957 0.3551408562835955
11.772828874868509 1.0588934088506328 0.3952524443155099
13.157307597345895 1.0628530569568229 0.4416247410603165
10.765444975133352 1.0747663721907073 0.4091852401907706
13.6025991330173 1.132088062781742 0.22479501888584744
9.383170235953852 1.1089267895151282 0.19154206923303715
14.352249853856215 1.0752456143974436 0.47789133941831285
9.179918301604712 1.1391722652293965 0.17169389986701472
13.640043733788403 1.0654012949648646 0.4836435400620431
13.178916060722635 1.0929330396330272 0.3010466311995957
12.089862076990265 1.0630489070917548 0.3856415272952411
14.038828654274901 1.0703405554536702 0.4576718298680578
14.915754331871103 1.0930179174006158 0.4170060265848619
14.638973651235176 1.0997973591612604 0.3359034727283083
13.186245043771144 1.1137709941548135 0.3474282277178348
10.651378473687231 1.1237855995380963 0.16830859507929408
9.232514703887919 1.0716212485833192 0.33908149152748684
13.882508664128391 1.0864991444123735 0.35248136848475575
11.350708648972805 1.0563583045233091 0.40308489115168195
13.096015855089526 1.0733779941791441 0.471666585072724
13.835464912349284 1.0753246919183024 0.4063092409499918
14.194677260547856 1.1101499791236173 0.2835833202309835
14.203579316219482 1.0832410960121706 0.38618768703580497
14.767699879644407 1.1123963800236505 0.3082368651958204
10.949320249495578 1.1271802601132235 0.1668189669549146
14.610090144966751 1.1210575421456086 0.2948398263014736
13.98134823166723 1.100645438554623 0.3046416193984745
10.682557487243091 1.0914279560129108 0.2515530860419774
13.730937439056088 1.101863959419977 0.3932293005716395
14.124410250444942 1.1266587000744237 0.25253587883459927
11.404244578459746 1.0600191017131229 0.3818879565385504
11.157986858674278 1.1446985988930085 0.161111680165128
10.629945626090405 1.118628765375614 0.18100769335926956
10.550533075627659 1.0608258212483306 0.411033347951943
12.41393558928225 1.0966601418622637 0.27112777582348135
10.097128218403826 1.0823779505013766 0.2716325408729073
8.809681217544354 1.113414591388857 0.1884843242437593
11.074433523802952 1.0983114661394076 0.3610714098457743
13.639967041561867 1.087236597565255 0.34143244029613395
13.275660171985272 1.0722629082916795 0.39586640972598264
11.306704984951313 1.0567301745165756 0.4094823602608915
12.960440060458648 1.0978131000421718 0.39799842707595445
9.261784903214139 1.1420684774991519 0.14692765083576143
12.738445820715661 1.0731447902836706 0.4605000584754677
14.670286929387498 1.0971630215683112 0.3563182100585187
12.893756869506849 1.0827920254908496 0.33117706219509135
11.02237902675644 1.079445760215106 0.2946308879150785
14.60125512127539 1.089468524224702 0.423944714995079
12.00143663707366 1.0656336832869695 0.45295066807782436
14.384993766056425 1.0818533203170617 0.44236324131874977
13.391120241234589 1.0732636223173253 0.4674289789667583
12.22440880840934 1.059735178266595 0.43800032814689754
14.455311231966672 1.0882989249072927 0.38819955362049674
14.687977901935412 1.109517794052955 0.3472422492822299
10.292584585814485 1.0690367846013378 0.32192485417414207
12.730829027190936 1.0638040552583083 0.45712826735780926
9.608405207256329 1.142312103182116 0.1601002632318951
8.624363118522929 1.106700262108597 0.23164507030918732
12.255685204052142 1.0929204978700993 0.28038984404907147
13.147403897807195 1.125343368999917 0.22205801137033726
9.731752547277932 1.1249320498386908 0.15960381342091184
11.631818047469132 1.0811643181741932 0.3032656555928387
9.95358504388583 1.063451642054075 0.37040166859550894
8.894879845900178 1.1282330600316397 0.15870613235608222
9.730274795176019 1.1291294886376293 0.1513258740638582
11.020220934258408 1.074245718998638 0.41005691645821446
8.939086220538448 1.0847794296753341 0.2906152411180528
8.780559399893665 1.1301939115704522 0.16918963159801956
14.348529823242487 1.0881346030195944 0.38478647003391886
14.001573471511708 1.1094976003521562 0.3589965953399215
12.851552151905729 1.0814891450180375 0.4385708951119475
12.257572156033348 1.0894518476781823 0.4070148610404115
13.936852846023385 1.124702266329945 0.2522209199231203
10.986802841676857 1.0600494921948858 0.41191274998004557
10.687344423304731 1.1414317173678068 0.14745642275984455
11.075192493598227 1.1127950399774382 0.31673310793204473
13.710895248597673 1.108678871834744 0.36155821597722504
14.246043899337469 1.0839283302907794 0.40741890191391256
9.387512090117683 1.1287744373634188 0.21907511976736835
11.672722369383546 1.0861690045292738 0.289283184457324
12.970460480068208 1.1351659447188385 0.23764046884502124
13.40646643036191 1.0848383145926364 0.348103273627475
12.329643413823245 1.0857465934963455 0.30719683336177056
12.50119320895147 1.1362798941504328 0.23534753256403687
13.463858062463679 1.0751268068145405 0.40355538739237773
12.61634620474808 1.1082765389634681 0.24796996527746376
11.257422201044996 1.1427511564216357 0.17715425365256088
10.719261105254018 1.0719924097839542 0.4004462044449617
12.234095777100634 1.10458455262393 0.24891520523629507
12.493678577059502 1.065967702383755 0.4478977863041928
11.605301819421108 1.062124387236012 0.42868170091930485
10.762627781352126 1.0967031621460646 0.2427898105949719
12.754549898815746 1.0801861225055978 0.34304239650148977
14.111447498575373 1.097048380113264 0.39830322332193574
9.454674871273376 1.096327647863705 0.3106266548018245
11.654886531393654 1.100608586681178 0.36216098564110977
13.436926872166389 1.1010262766053769 0.38481370986346636
12.432228431115703 1.0719219217636162 0.36972591758086315
13.836740925497711 1.1267709598738451 0.25236444806272895
14.099533314049076 1.1097874150119706 0.35205791168512407
11.041756938895855 1.0748955361112396 0.40492334526361967
13.459212709225767 1.1130217969641607 0.2598963173331406
9.226007289855145 1.0847710412151568 0.2762276207736604
12.301939433965536 1.1247002579806646 0.2048950906298678
9.15980571067084 1.12120211490148 0.1732928051324979
8.804002322764926 1.1012186205322751 0.25091008105743773
12.424533070183841 1.065764373089703 0.4191130787246366
13.853394942201156 1.0800283615982678 0.4237456590086523
12.44215698260361 1.1075186874848026 0.24761536670300538
13.80165410334525 1.1255447019872868 0.2813419904323697
11.483881790984888 1.066353426968527 0.42371497550273984
10.464955355407426 1.107996769141829 0.31441613810744423
13.512537849756583 1.0886570142070018 0.4203660421146833
14.522569653974752 1.1085968888120104 0.33291946899634384
10.33920221565291 1.0699716782978133 0.3264629460281194
11.307104108540987 1.068506129853567 0.35043085925466966
11.382191448868092 1.091939595345318 0.3777670689492905
11.830942197458839 1.0632065646494524 0.4189843043888988
12.34531719090208 1.112614029471087 0.3343344187690593
12.29324841310714 1.1106961976990435 0.34007758259814097
10.966666200468408 1.0621807530429515 0.3975075125865335
10.817537487367304 1.0670633712875468 0.40200930385672196
9.0694168501054 1.133048654885703 0.16049661557864664
8.999777732061004 1.1191766185694647 0.22788614481091457
12.131107315740532 1.092701823080486 0.2825392810015371
10.73623532213575 1.090408217557995 0.262491084472975
9.949990950259233 1.112871974746325 0.19382620713829368
11.512230816602777 1.137297975419558 0.17213353876510737
10.975035512772678 1.0650794737886489 0.4046543481614734
13.645429820528733 1.078457720117081 0.422273132133904
12.589704551344603 1.08870852103384 0.40823248679640567
13.998122132156738 1.1227186090410528 0.26871861446198386
14.412945474537821 1.108233938733407 0.3236215452484577
9.316272420395288 1.0855872123107417 0.2747353855095599
10.142862362494572 1.103030284781172 0.3169719612449011
9.809595097297478 1.1038214912699682 0.3044232431226496
10.185263362797244 1.0723317966978967 0.31835838644766384
9.596994962359215 1.1113116525195894 0.19733233861767133
9.034331116401312 1.0981182328222576 0.2414797153113693
9.152882878199854 1.087523196672105 0.29952914520850504
9.405751639817298 1.134156425636239 0.15209292851194972
11.468285035683568 1.0637816850889386 0.397928477698644
9.584448391768474 1.075497480989157 0.31262936438687877
14.30367379666746 1.1095279884330087 0.31241313269682225
10.276830960964048 1.1239844323936266 0.25912632389132756
10.73017100350471 1.0838347565978954 0.28445564856829153
13.284077391891728 1.1311024398365062 0.24593671482661808
9.507436335186533 1.1264740475569712 0.16389769138249474
9.339774113265623 1.1289364478001522 0.1607949973590345
12.069811994741801 1.1164086474436308 0.21998666696671867
9.73762254134873 1.088359081318572 0.3317234159703962
12.862798865676417 1.080393300839464 0.35489406861331924
13.61805836150452 1.0986988674177138 0.3121590208816664
14.28303486913838 1.0993783969753603 0.36181313666598564
12.60316681209985 1.0875264184730395 0.40778498681770203
11.447359430424896 1.0805796875133968 0.3094837303979601
10.914481820435158 1.1210831688160487 0.2817929537635304
11.482840459232968 1.0710678406053784 0.34999648121510707
9.54471678529886 1.1045276924785834 0.21723574656105105
12.025382985311548 1.1087479526309127 0.33926805118201836
13.54688439071505 1.0840212500328437 0.41734208753469215
8.945082486347854 1.1146307596346139 0.22870249879222032
9.293040552429746 1.1175013416726516 0.18641757153455926
11.982761097021825 1.1251364785549058 0.2814617066760963
10.042639183922512 1.1148349938560962 0.2803529893831308
8.991207217382676 1.118033889461699 0.19442393386376122
14.203944546261116 1.1022755983439272 0.3590228264176187
10.320958060221251 1.135883989077055 0.1554611981024717
10.386431732088987 1.072538729565985 0.3241852255569754
11.326702854754238 1.0766501756579383 0.40101258287486813
9.548610188115454 1.0815497962666243 0.3271536453155254
11.644566598291487 1.077054275066838 0.329505974055474
14.094687684439052 1.098235900512427 0.34704373902925106
12.749994845567912 1.1046463255866779 0.26757369179495344
13.899915061967747 1.1128170880609347 0.3294232065711946
11.646708247572597 1.1051341024230972 0.34283363916890025
11.420696700902457 1.0663964850551937 0.39637647503206513
9.371237889654685 1.131970002700615 0.19014748797209027
12.997427838132502 1.122558498132959 0.295506288985668
13.104972010709755 1.097741334841311 0.2991172254539676
10.577428881767863 1.0674005391064787 0.36272994170090705
13.461309095873073 1.108901518763253 0.3475917494116623
12.131063585617163 1.1135862148016744 0.23023356289267385
10.371439383125399 1.0804368010448941 0.29499616898013686
10.58778493432468 1.069216239838886 0.34652431039084663
10.534941259539545 1.1351127024110113 0.16069307810403388
9.337224466443663 1.1295621036944412 0.19919612871175482
10.429028549995516 1.120716965913741 0.27082234073236444
9.833993885340066 1.1108273134737006 0.20356131186999488
11.43192822591346 1.1379627123769995 0.18138839734339537
13.895064207245895 1.0927562125350796 0.36472860092275555
9.573187955840638 1.0831075757037245 0.32295995299865304
12.130358021913917 1.1027237379989292 0.2590333041011937
9.696491567767941 1.0948716487526424 0.3135363718953284
10.015406062850174 1.0727268220433883 0.34565256389858634
11.679853631575075 1.0793127379972027 0.3243930101990483
10.888199780603284 1.1240634895049277 0.18490786093155875
13.44745835375236 1.1247873058844609 0.25043470188811773
9.324338464476707 1.1298552040291294 0.17022286657148997
11.322139686401236 1.081363484478866 0.3083546460929543
13.693299090292648 1.0988508146573155 0.3746117124572622
12.844598455545057 1.0821485530422827 0.35472092173782543
9.683635062925173 1.1291058918004535 0.16537124572901357
10.329938653943739 1.1167672561238187 0.19393070521434308
12.145683177230211 1.080813656444304 0.4066654937430149
10.594569154431015 1.1221775596700825 0.26819907315816593
10.898020821973843 1.0682488909136312 0.37566285160439583
11.914057658880683 1.0763644608488312 0.4078657174250016
10.295531803386979 1.088126084957295 0.27153579201378336
9.835484407618573 1.09414638007047 0.31915610361908275
10.599224799372637 1.0692777511319649 0.36243371144994785
9.436416173751622 1.0874943350724828 0.306981018851881
13.129192236109084 1.114584945787682 0.32371077057400305
13.38618944657356 1.0844739360859377 0.39852386262030537
9.542219774813443 1.097854526613024 0.2989872785985506
10.272197550982975 1.138224008485278 0.1655903846582547
10.995936854262101 1.090362167229673 0.27422814406318685
11.637255226344639 1.0715358362577798 0.40003291837419014
13.408056316339778 1.1011686279625486 0.3673528224008456
12.205314244199858 1.097708473464928 0.2770922365322111
13.892673350992137 1.1035902653125595 0.35153743916234126
12.657619841484117 1.1279915608233801 0.26635701795243094
12.934921913711282 1.0789620509872726 0.3993341167695467
13.788049776967775 1.103784260973452 0.3540500455275691
11.962569857932845 1.1293588252590876 0.2582152187474424
13.327987159891475 1.0986064441455674 0.37408754362271635
11.14887696293821 1.113396552375605 0.3058968220541885
12.75492517554363 1.1259202923037557 0.2757558427856331
12.812859491818365 1.109342005167477 0.26085517266234093
11.622121070293428 1.0729647624324063 0.3987767030223757
9.202239070860504 1.1200350300612814 0.1944843104798979
9.378466778054962 1.0892913275737965 0.2943906696819848
11.85581527210929 1.0747320674549043 0.35724780193476124
13.002757238090386 1.0968101349458763 0.30434776952312015
13.00438475613786 1.087488328557762 0.39787518937209426
13.281250993750973 1.0954452649201476 0.3805563914942232
12.775567576449674 1.0796773626385354 0.3743300726146733
13.90794654483917 1.1060793598226963 0.319290998849959
10.392735384992655 1.1288573947718659 0.23562196196456667
12.069075860941147 1.1347425391044632 0.21858769933907127
10.051722196927685 1.0859969068429525 0.33773837011596586
10.23522049852147 1.0827001635385625 0.3489404712187779
10.153579866396722 1.0792914131370626 0.3480492598799215
13.444203949454081 1.1076576131162317 0.34324737355300095
13.729142924828107 1.1045147868204417 0.34839938732601605
13.168155581687945 1.093486188181651 0.3838702579408059
10.911710539335411 1.080570121280738 0.373741564205917
9.21364101645738 1.12195161238025 0.19755228361238225
12.81567875284475 1.1291553174741469 0.2538712511131635
12.461013904205956 1.1109482849101715 0.2491495268924644
9.485261158471186 1.119543580207939 0.1904323328378989
9.972805196496111 1.1049844023189104 0.29738861519694465
11.460376448456664 1.1187157370796532 0.20948867310751412
13.872257398570238 1.1049227953433787 0.3266050172957585
13.5787249929536 1.0950358351615606 0.3436463194745693
11.84115373034308 1.1339358199827925 0.2278071251971521
11.745682692739404 1.0753133609893608 0.3955821302948441
12.814993984698905 1.081851630629274 0.3983123726303355
12.15018511014787 1.1228652382144186 0.21621215159321258
11.09720872775782 1.1096296332133324 0.31399520356187643
10.22274540411605 1.0769414298939006 0.34870834818832686
10.384934097001086 1.095271757173006 0.33171209995864154
11.090859267995864 1.135767142139397 0.2097573144657127
12.353062785036933 1.1189097271092645 0.2292150277674925
10.509837346283717 1.1302121980762803 0.17397762654358445
13.171199551412805 1.0852581607209335 0.37743606977873667
13.275665679356614 1.088021630814401 0.38519477493779863
11.885387218213683 1.0863409331968916 0.30958577994883546
10.55398444564297 1.0753489891883372 0.3621440883474232
11.998374354054281 1.07949287807174 0.342262508357375
9.741197853284419 1.1328827306599727 0.17643612382949306
10.818072922211766 1.0766865128546614 0.3259798569567677
10.028100371751407 1.1163471636865758 0.19770947838140668
10.786645778627307 1.103672386835208 0.23667404701038672
13.660165707483735 1.0985960439969156 0.3395844665960725
12.60196352215722 1.1288912710880004 0.25486579983843954
12.600953506357705 1.0797028229007684 0.3871050608373897
10.622010125166504 1.0822042002708416 0.30174349993058647
9.993308003802507 1.0820959316295558 0.33227772670395017
12.690685433969065 1.1073007102828005 0.3402853752263199
13.026170776195652 1.1072150217818804 0.2773967759067583
9.465525105963142 1.1097877275860375 0.21773116658841085
12.938285455145415 1.1105847785039344 0.26610930713433384
13.584590788510376 1.1068278061664174 0.30479255927218246
10.789672715827303 1.0744626474376013 0.3595321808428638
12.318271672920815 1.1272632601782897 0.2184455541632806
13.41336962614082 1.119384504915369 0.2871401363652804
13.253948111960622 1.1129083529443229 0.31913512119725124
12.336387978446794 1.1174546532783358 0.3026119953332455
12.559241668730387 1.1189693424348703 0.2378532529629643
9.849471204563324 1.0914980697635053 0.27009073411798135
10.998660828692756 1.079407457507073 0.3217598662008129
12.242266849418513 1.0959318271314926 0.2901255483092027
11.043985950871516 1.0744795304952657 0.3593615171120395
10.956018843948366 1.081436203615604 0.31239839458988283
13.114802322404493 1.1217133091435059 0.2816929436971885
11.623188544281746 1.133696314024109 0.2182538746724835
9.978336604702353 1.0927138599557207 0.26595081631462547
9.593864403775815 1.123717448529013 0.21892776315041163
11.469921511277018 1.0856091160052979 0.37262118838172004
12.669881648096759 1.1124590168898334 0.255746175782351
12.89366006759224 1.1175831386569373 0.25161728503977576
9.599190779482681 1.118816630828506 0.19847045659981744
10.39071111606848 1.0792361459595268 0.3189220325468104
11.650272482319878 1.0996655116373362 0.26551331944732215
11.835480022970756 1.118131547751374 0.2945974549623355
12.450017939218547 1.0819405479637543 0.38213475629283605
11.367241739362363 1.0763174134337277 0.3507416999051134
13.499301841499111 1.1046231368450363 0.3371126398326167
13.03500181310054 1.1245943959744906 0.2604506656726965
10.082965167268375 1.1173288648548807 0.20030363205033458
10.01989680942241 1.1227587535761874 0.24077098630296156
13.095853109051404 1.097509514080167 0.31715327279606736
11.552296303453513 1.1279179008499367 0.20066021458036132
12.21220979491326 1.0977392336110496 0.2851687020429533
11.040871107236804 1.0757157559796393 0.35379883970581216
11.853149733755384 1.1165774425175528 0.29933842371639025
13.248252051115681 1.1099739376351985 0.2831960218922181
10.407062311770256 1.0798378353277156 0.3184609481562958
11.439625838146195 1.0766600378334907 0.3710373139798013
10.072196843178682 1.0817180148550976 0.32017534868632647
9.43226159706173 1.1169491916858008 0.2277148279185808
9.707580079458088 1.102259761988721 0.24114472772178583
9.467393316803303 1.111012310846457 0.24896874086281
10.997105606646338 1.095840573320001 0.3403170865119974
13.38882755814269 1.1018037717294416 0.32102033624472476
12.800222362856434 1.1226786503985744 0.24426021210233484
12.363520163037837 1.110269882602585 0.32331967950119955
12.98254892744514 1.09133900267196 0.3673216010219346
13.105734584875243 1.1167921897941293 0.26453615221316457
12.501575548155262 1.105111510089632 0.3393977809947623
13.235849683985975 1.1193722648659534 0.27271681679101667
11.414162743106353 1.1027261228947 0.3319041825685594
11.051405482749331 1.1043409722398223 0.32029444090595893
9.544175341576514 1.099980594484703 0.2716887383817198
12.644267993487325 1.1021986367949212 0.2865487703903748
13.094612203671662 1.114759897991137 0.3050637098063073
13.164726379247334 1.1198147770877633 0.276092672642049
10.771346592657135 1.1285409892760698 0.23378696943024466
13.151691043767897 1.1059348593502694 0.332911071602688
9.589584705936105 1.100785139466516 0.2737795255489413
11.815563246851827 1.0877240245248359 0.31346625200994715
11.140954261812201 1.0985435490537485 0.3349157799382998
11.867255637245503 1.0896973114651525 0.3080574266557769
12.066750147853984 1.117893666164866 0.29295512444162247
10.245626961112945 1.0835091754770203 0.3132563185508962
10.22683670900686 1.0975952810120515 0.2572596202304318
10.875070832522901 1.1221557320522813 0.2018844666808448
11.430131094941324 1.087643025934786 0.3053532160906802
12.630891501033183 1.0912046562388216 0.3647261569697737
11.770639665353116 1.0840314246738427 0.3310392582549306
13.320075588239167 1.1086970291847118 0.3063209753036453
13.273243331225043 1.1133602136447163 0.2937030741756077
11.65263880666928 1.123593334184789 0.2142301992525245
13.021065711545656 1.1143078504520714 0.30346939798602485
10.878734772132791 1.0813735987800968 0.34848570392761946
12.41157612132113 1.092855581325363 0.3620350356654761
10.616301798797668 1.1001864164711028 0.2531315160995206
9.726150846701197 1.1199515751952798 0.22707915163945383
13.148826601481435 1.1002419663638294 0.3275089997133035
11.546900610911777 1.1116957186488459 0.305662286043175
11.84864243658824 1.1298528794818097 0.2231373436926787
12.693725503105217 1.100390152658145 0.29879551453421244
11.409356279210183 1.1133847155262173 0.23065972104103508
9.64630175007753 1.1123878540628045 0.22554159005867308
11.22955110321298 1.1298709067027508 0.2014098714036715
10.942608575890825 1.0956956628402306 0.33369071342993073
13.173655202361484 1.1065231690657513 0.32245206419495553
12.565428763069132 1.0893268607990805 0.3580922071458633
11.894463627004605 1.1271358079443523 0.2502312445046208
11.686400742740926 1.1281978142030011 0.21318405926826356
10.56530532102603 1.0952205230673489 0.26898039340620944
12.209649502141744 1.0860828749184919 0.3607752179853348
12.221118682566594 1.1223089327705549 0.23300955251740374
12.297292407067868 1.088971903299282 0.33236755751842606
12.592488072856028 1.122208460496897 0.27145493205555643
12.892369814321892 1.1003432299748985 0.34189759381851187
12.550946508009499 1.110198938755368 0.26637128219418055
11.278896829629101 1.0901864172284303 0.2960853072833983
12.45457855812478 1.0921842609470311 0.3240771243505636
9.989578780124825 1.1210397809659125 0.20287379717664167
12.143017944993215 1.0871747135226253 0.3368070433534602
10.750469358970085 1.1103942830196458 0.29310297990205014
11.398287134443414 1.1305732569734048 0.21838635991511068
12.274931349136313 1.1141403946469737 0.24981180876128847
11.489341121301852 1.0922048790469139 0.2939004137284889
10.316091260908921 1.1204357850009075 0.2037582022403414
12.068844058509782 1.0877752840413297 0.35922987076413726
10.134231014419719 1.1116185500727382 0.2710030466424219
12.283158234794715 1.1087972597930031 0.3187805831242336
12.143447849294553 1.1192625422054938 0.23776477180622688
11.097408712460936 1.1288701791424331 0.20404926167099252
12.247796164473474 1.092421187985824 0.3176566274892243
10.80690334966858 1.0898378786817757 0.3354683844054088
12.963272008563301 1.1050884504647598 0.3240213229298542
12.959354905092184 1.1160684526295581 0.27688799554346627
12.67149211086381 1.1015519878825837 0.2994758742177694
11.974849799352484 1.092498102949691 0.3526839651976392
11.82384625396341 1.09180809337587 0.30646307352933716
12.428483730925585 1.1164173036294769 0.25201167431017274
11.32618716740759 1.1013017274692807 0.2640196345139809
12.156517438470466 1.091113298923734 0.3540111781965084
12.210317597640888 1.0890375805610422 0.3520057456594529
12.16651961523662 1.0910128712324592 0.323208202478923
11.802053406604895 1.0911409916954389 0.35196992824698203
12.91376637046967 1.1162687335916526 0.27814727710404746
11.05438779471621 1.1293879701561447 0.20979750980983167
11.3240695035139 1.0848405286628062 0.34478811898144035
12.886647508580666 1.1014431662572592 0.3263769002235109
12.212492987261296 1.1116454054801965 0.3073591211205341
10.593805916047229 1.098921990371331 0.3125096119917747
12.469784796219326 1.0928666698746565 0.3375200444377639
12.598326810874703 1.1138105726599932 0.29951967053934037
10.98862031358814 1.1287508263964474 0.21885858231948097
11.541549509981795 1.088740209702574 0.3478713001311203
11.109388415561664 1.1191934746633478 0.2185072359786658
12.756839072150346 1.1148175473248694 0.29095556046937143
11.613923925438101 1.0915762188773255 0.3053442885870664
11.586605814342963 1.0901317244143847 0.31129303643675954
10.409720003168907 1.0989534490693869 0.2639963963000471
12.635504012039512 1.118998784887994 0.27009421097498776
9.856555160068474 1.1088264669798653 0.2474564931364901
9.974103492270354 1.1186782658279921 0.2285007836480772
11.051524354409256 1.0979709490525151 0.27291272282443946
10.600650108828297 1.1166968532943333 0.26507470804143757
12.06892252202993 1.0914914065847008 0.34345422891821653
11.63257941442441 1.1215397641732312 0.22708036184850774
11.336322487924377 1.1055345021360559 0.3117264999961046
12.758575858838139 1.1040797545917633 0.31618204660004845
12.746619081204368 1.1072249352861074 0.29467550120315883
12.071196957369267 1.0998429927089302 0.33246213831279264
11.599248713759224 1.107062909114191 0.25792576264600225
10.492573612121674 1.1194940835965947 0.21534487127755333
11.406425759663584 1.1072356543116568 0.25388702428379334
10.895432919499783 1.1078113267296326 0.2449211902603807
10.16107790874996 1.097458491063704 0.2868696131686007
12.617514814137877 1.112130323882611 0.29632929740184794
11.659807682602349 1.1239011761384274 0.22930332311185658
10.250241950880953 1.096542204252838 0.2941083716028032
11.015569917973018 1.0897238975273282 0.30792670591350507
12.69991513008448 1.1074157152616046 0.3054145128442956
10.284376190813978 1.0990667079593486 0.2937326415173925
11.389552155847955 1.112188387734655 0.2422158057471614
10.245145591653369 1.1193970237421744 0.23551458525505908
10.804944578612242 1.0896982408826061 0.3125813056240869
11.0761072053606 1.1243759290626347 0.2400723994798795
12.242562129081218 1.097693066599689 0.3310022470764657
10.33349433147965 1.1214043776875866 0.22328304823004505
11.202411683085476 1.0951940921391425 0.28987459627605233
12.0764029288646 1.0965916909629907 0.33101842073520893
11.525159670853576 1.0939471002700418 0.3027855387811839
12.144051714243734 1.0988896316782222 0.30331592072185454
11.321929704470637 1.1166207177609762 0.2339704157896609
10.189602683555325 1.1094693337514814 0.2450700778453041
11.101170961076168 1.0906881306172171 0.3175879388829561
10.24178210842086 1.1019097277276755 0.26755313480886367
12.022997026667198 1.111999716847575 0.29593648010356327
12.154486590129405 1.099852918520388 0.3236999286436744
10.715314306883704 1.0978547633698605 0.30675873838186035
11.135838196653761 1.1241709138542089 0.23152798069092895
11.590123303238123 1.1120879426727959 0.2501365320329889
12.377443735547594 1.115189513717381 0.2772062157567423
11.87327904173603 1.118753648183502 0.2693458686589621
10.350065960517849 1.1147612946442869 0.23379610824434255
10.406451290710116 1.1189340297784642 0.23145768575563402
10.53392068185897 1.114562147009419 0.23292693814187726
11.935747230939793 1.098647718135517 0.3229128073280974
10.319870667325725 1.1147391910743984 0.23802563632067134
11.609310173153467 1.1057200768856028 0.3070036140388889
11.23729738376261 1.0986620394129136 0.31545241182011297
10.38969711902637 1.1020427277094236 0.2719569166369021
11.491519063025972 1.1214088593676579 0.23976807897122365
12.30318876022788 1.107981642944421 0.2879481908421687
11.176524961789152 1.111142047839854 0.24792391824869844
11.157335304949314 1.0940750990830133 0.31023747607854196
10.677247516827366 1.1057607820079716 0.2573180188817189
11.416436421769731 1.0947526203184172 0.3165520075974075
11.045670096505678 1.0945203806246426 0.30665389034994905
11.275114679143147 1.1019672331353074 0.30792685107236595
11.43955463410655 1.1208812865751607 0.2427996410554711
10.616793392558513 1.1016478959417428 0.28958490243646096
11.98915423279118 1.1168203725343568 0.2637022266376914
11.95779255492625 1.1023399262181264 0.29499426692164765
10.68257576860399 1.1128616483250688 0.24248920762947698
11.097281595971221 1.1185274543128694 0.23664366499567963
12.04045112504362 1.113490507905602 0.2673979402777343
12.008023370668575 1.1148426432589456 0.2648728015365468
11.954451187689187 1.1159750630290517 0.2697431337830855
10.588280229577961 1.102426510816178 0.28387318801080436
12.04013324384518 1.1058776270249508 0.2991703649673982
10.851333981700535 1.0988571722158205 0.28905270450272214
10.560612236020836 1.109984602061075 0.2632748574974815
10.978822785458238 1.0988238528164125 0.29085304753056757
11.156894609515511 1.118101362286945 0.2519907027857489
10.90581686322871 1.1086496588939376 0.28026376373240647
10.860530247211447 1.109781863379213 0.2749093513279066
11.502000233151346 1.1114025225340514 0.2821187910530166
10.942745736177546 1.1026793512455813 0.2897620921572128
11.205452814227868 1.1048622743561787 0.2733537007645261
10.99545705862546 1.1154493562137622 0.2545710682388374
11.42621054649456 1.1150918921981574 0.2561634606999211
11.102136029278451 1.103464418741333 0.2907845956837866
10.930613433878577 1.1093593946320235 0.2630574729964747
11.16880489070428 1.113010041895609 0.25841748309569357
11.530378208582363 1.1100411537405406 0.2718605752799602
11.188545408399811 1.1065739026931944 0.27512631193392134
11.196017482683573 1.1111795482700537 0.2662801919939326
