mlo mup
1.0041816286210021 2.1830922416742515
0.9572796759157001 2.1208316623845844
0.9681053039300511 2.1305381857729553
0.9010968402968149 1.9360447492342123
1.1322905001857264 2.139465024792824
0.9707536476574834 1.8870686930802176
1.0850520611050702 2.149633640513061
0.9309840905811197 1.9312728366134444
1.1244632630716995 2.1236043164760057
1.010477245163933 2.1172861924721778
1.1839559413132816 1.9913221789678022
1.1801416368254616 1.9048657871733292
1.100579731307435 1.85212288619774
0.9274168120943139 1.9609390240581512
0.9657405904227969 1.9065589237158296
0.9725311879940954 1.902609692198651
0.9834524965898139 1.894550530869131
1.134549626490256 2.102937906866562
1.1489544198884736 1.8615825811885116
1.0016143814318499 1.8852426233512247
0.9333790840401067 2.0059970436325574
1.026791682134883 2.1141868190178617
0.9355134510502356 2.0056213822576088
1.097757712244695 2.1207581001431333
1.0267721260500797 1.8749670971572576
1.0549971134691838 1.863455581708022
0.9349690727454074 1.987890514686842
0.9367830723362318 1.964628803288192
1.1395367930160276 2.0872310233795925
0.9723274893920967 1.911054390882748
1.0141165910783543 2.0962187333821105
1.165159414960553 1.8874736164198387
1.0473252415023115 2.112378120934117
1.0282514783775467 1.8780678591268891
1.1801419572882141 1.9730610694487625
1.0313280956758792 2.1022958802148937
1.0304679357288586 2.09991307933983
0.9949287498201309 2.0730961348789694
0.9668427282942543 1.9243547012244837
0.9536398044044935 1.94244760090161
1.0339443274372837 1.879479474948278
0.9965592722641876 1.9013192598568613
0.9598831496804566 2.0214026260025255
1.0468478353614545 1.8745839240373623
1.095638348978707 2.1048919120635876
0.9765087653886301 1.9174629748195637
1.0969481459895867 2.1035455099969442
0.9848807752368464 2.056174514780572
1.0207453073417183 2.087219931794922
1.1611332660078169 1.8908545055414487
0.962653054386135 1.9368694280738628
1.1600635891153366 1.8910055549903597
1.172358251625915 1.9149490569589518
1.006220920295233 2.0727690662167326
0.989092794447822 2.0547195142633203
1.0935630348962615 1.866741500275921
1.0550904657488183 2.096752221077301
0.9825001625489711 2.042774620861818
1.1617194657015464 1.8977781075488545
0.9779207743719408 1.9255296010638197
1.0263586656849049 1.8905589256643216
1.1356514231267918 2.0682668592747744
0.9593778683333017 1.9877025200620895
0.9606419520899085 1.992828341226815
0.9690190695443553 1.9384801970649734
1.1739127057729597 1.9379961345307202
1.0791668124413607 1.8705252878987633
0.9731182888347512 2.020913681043556
1.1078556743931431 1.8701918242706
1.0884888618644069 2.09075819296319
1.1133704953143657 2.08049920048562
1.1043862992444047 1.8716362253124708
0.9689682106565607 1.9566957270116012
1.169959019341157 1.9727501531276312
1.0843496842689566 2.087729396080877
1.167905846718286 1.9257208856571753
0.9709875567460792 1.9530646756316865
1.126036010483099 2.0688825554317325
1.109457527513483 2.0795547447098732
1.1071043220251546 2.080550257158063
1.1256473355870609 2.0685937998550714
1.16707629594285 1.9859983722545373
0.9881940532530089 2.0289541255683905
1.0919610945716018 1.8753907745938656
1.0264067417224023 2.065136600535183
0.9768252761689604 2.0058742854947305
1.0485500406385062 2.07715396345384
0.9838217506759456 1.9348438931155068
1.1307065785659658 1.8798723012602399
1.0545405363370226 2.078613332954255
1.1692201371996256 1.9427183805664952
1.002303261139204 1.915254079136669
1.0306096767502202 1.8974124728485473
1.0165958331237155 2.05540334981499
1.0623316941680658 1.8839473924211747
1.133531756695802 2.0560491932619405
1.0906072291286981 2.0801988730283916
1.0069165519124383 1.912204738771941
1.1009738466434313 2.077290139387372
0.9954781419773079 1.92480132012788
1.1348161628039297 2.0525303839989757
0.9968348560975792 1.9234690648712482
1.1677445062602234 1.9521272942948045
1.1379940327392533 2.0464118677620955
1.0704538606312863 2.0775628881306183
0.9948427522299116 2.025789910882979
1.066614320415935 1.8850360642362862
0.9869744656240546 1.9391722385153716
0.98462702420343 2.007431191443615
1.1649437602404134 1.9307933336340422
1.13261941200418 1.886134750274819
1.1504234155778188 2.0223804844433126
1.1518587146246837 2.0186375163147208
1.05603150781558 2.0708269599712295
1.1545399317495104 2.012475131940719
1.1375771856327386 1.8894540168248368
1.0943432584721389 2.072080877480751
1.0333716634379722 1.9022049213852772
1.1066664167862772 1.8807507119594256
1.0903341509694728 2.0718044184443203
1.1029433146670566 2.068272592223467
1.0767309299069887 1.885533416874677
1.0112072603388071 1.9174295873555665
1.1395027808310607 2.0365161386081265
1.0011723918120015 1.9293211430162311
1.0045342120695757 1.924371758397336
0.996542591292327 1.9343587925941073
0.992444741774607 1.94004608444936
1.0250268111382224 1.908440001873068
1.020146637051342 2.041272598185675
0.9913557420490993 2.003874125280643
1.0004489585295053 2.0185994530817184
1.0025205457752024 1.93000992910921
1.0054859984832083 2.0254682957216397
1.0545014780398663 1.8951427324183063
0.9919436573504549 1.9433703597314145
1.0905997350628336 1.885457632251959
0.9925445372786853 1.9428472029685162
0.9983075027527021 2.0138529542053525
1.1144817119289403 1.8859774959979438
1.10134791066543 2.063332595533873
1.163115679059478 1.9619702627199311
1.0172518858534327 2.0353584891447922
1.1382897450849208 2.033442526280522
0.9890057715418034 1.9587812486238896
1.080610226942738 2.0660937956498793
1.0008548904293413 2.01469063005756
1.019783282934188 1.9147187930168712
0.9885493143348598 1.9650640456829358
1.0393026327826596 2.050572403325999
1.0724407667096636 2.0637260795986694
1.0496588571162178 2.056327975392334
1.1446001395357202 2.0193707636274425
1.070241729700164 2.0629809731366224
1.1556924178335533 1.920380503797157
1.0815075330313022 2.0630104784124423
1.1617446086773457 1.9497799853577276
1.1491274487414345 2.0092483056582155
1.0404364952924683 1.905127176491293
1.0329927451819856 1.9095487119631744
1.1602085074236264 1.9630126725923789
1.0100401930679277 1.9303458016926465
1.020797319767902 2.0316687888058915
1.1555503097059576 1.9227493549855206
1.0553961804228662 2.05574884792228
1.0625460487832294 2.05835145859865
1.1213313624886654 1.8913970798005817
1.027354024386384 1.9140994486304777
1.0129922071237345 2.0211587059426246
1.1328652381162994 1.8962694968075198
1.0881207881993815 1.890477978562911
1.1040278140198607 2.0541049740070707
1.0094703212207041 2.0147829961858674
1.0471124572348989 2.048314730135277
1.1472200981705263 2.0090182502760534
1.0021816006263742 2.001140240062103
1.056504681654684 1.9010055886449528
1.0381886769408635 2.041076078286874
1.1503933069656127 1.9158932769918444
1.0004847047000056 1.9909604251249449
1.0087552464100953 2.0104470708601214
1.0925469398500849 2.054499819714532
1.0128020363721442 1.9330751317487962
1.0346800939711789 2.035528415557547
1.0496706010197254 2.0456782233843684
1.1193706502901852 1.8935679374873655
0.9978913305182391 1.9669543283660649
1.0659896329244218 1.8985045070979645
1.0930209778315871 2.0529753976337966
1.092508211170733 2.0530912732889948
1.0951661411541695 1.8929760965667868
1.1189793930828882 1.8946284859001796
1.1365559976913149 1.903091819601282
1.12515357424004 2.035620751226326
1.009564307596595 2.0057345938417708
1.138533317581593 1.9048975698346091
1.0194427801667176 1.9298399024602877
1.0727071237932044 2.0513879144749283
1.1530681861430294 1.9314732724320913
1.0561564887698633 2.0458245014971146
1.130426210830878 2.029026297310148
1.0142226473407252 1.9355364349993618
1.019194289582976 2.01600317084843
1.0038283875519252 1.9874433452521414
1.0222856362320571 2.018972331225046
1.1143382183415969 2.041342724842132
1.061536402432971 2.0476838746559096
1.0364356117735831 1.9148224518158528
1.1554341659861163 1.940413989965426
1.133911891913492 1.9030476304696609
1.083155000244596 1.8960761880745576
1.0013522334874834 1.9699075264487076
1.0952985302378462 2.048481557671662
1.0257262947039556 2.0209888504459403
1.1393850535635903 1.9075944594686658
1.0031248563459036 1.9642145720940205
1.1369782405188307 2.0179789369772125
1.0375817480811247 2.0322366243085037
1.0533866515913697 2.0418624589344905
1.0095142487308892 1.9976332481663726
1.0759499548233473 2.04869405209097
1.0712154864981862 2.048654459855608
1.037758582227038 2.0318683022657127
1.0255034442041564 1.9269186724208343
1.0631529690575132 2.046054514217582
1.04536912109844 2.036335841788664
1.1186412975018192 2.035939796138912
1.1452838684536313 1.999279903910581
1.1493988738112382 1.9255310596605733
1.0742413472955972 2.0472515335297223
1.0034553669341009 1.9697893757402059
1.0438311675729033 2.034385212736457
1.0073426362472548 1.987744065704546
1.0483957262351875 1.909974566851287
1.127610983732502 2.0286303202079434
1.1498078834037486 1.9866655209156998
1.0501968827548462 2.037758651783617
1.1269970298867515 1.9016025495922484
1.0139924296812837 2.003367625179514
1.1520083775692362 1.934236515131568
1.0626255658172867 2.0439458945150735
1.0574912118277304 1.905765973160852
1.0213238008745118 1.933125516523988
1.0051106170993598 1.9675954981783406
1.0199745147710573 2.0109482966019954
1.1227123724104056 2.031161035088492
1.0457603279576821 1.912148894350436
1.0077602585342493 1.9840494903542905
1.0914777179071617 1.897430246514879
1.0059787038278238 1.9783744599295279
1.0074140542686012 1.9626888625511965
1.0189265661915914 2.0063127292149674
1.075768699826022 2.043852860796785
1.0138857949685756 1.994966040711391
1.0821784251330828 2.0445761069354638
1.0167454775033253 1.940599678693646
1.1525547601159403 1.9642359198427881
1.0239161043864105 2.0115392569294617
1.1098502736556204 1.8989304868583707
1.1527102294714897 1.943779249429336
1.0352115459229423 2.02230042511542
1.0553360165184027 2.036634653850845
1.1525808950902872 1.9435627673273315
1.0161661538656392 1.9987200135328045
1.0984220956119581 1.8988258821906583
1.1527286432725037 1.9538579640554896
1.0783468598785948 1.9024622528400537
1.0087218875162567 1.9658187378136203
1.0140178068333312 1.9930496185796607
1.0462147134476023 2.031004137332332
1.021200395517509 2.0047226465349297
1.1496963555473687 1.9352794088307017
1.14230045616852 1.9981224852401858
1.0249490116634081 1.9345420073543098
1.150249357050599 1.937663193020428
1.0983466768812684 1.899932840102347
1.0248616396729362 2.0090905415730314
1.044736115441791 1.9171766851466177
1.1289125100753865 1.9052816723272894
1.1115284455085748 2.0334552847563274
1.0208641841692738 1.9398239471740237
1.1014821358912277 2.0375746518656084
1.0380432376317943 1.922344931860539
1.1034371417765028 1.9010046512858974
1.151727418651698 1.9499679350716779
1.083994114849478 2.0407031808442873
1.123768200786695 2.024459801036778
1.0336124189634508 2.0163568683058535
1.0116431174298242 1.9775633470563032
1.012217826386688 1.9758335570943513
1.014460223748971 1.9847132489282788
1.0905205385434664 2.0390178637585263
1.1430093699776611 1.9930176680261076
1.036074090254133 1.926002372892193
1.022237121335715 2.000708931917226
1.012267747072385 1.9678493749177173
1.1494398288210248 1.9710172266777357
1.0398488124908913 1.9231563001313463
1.0138710098141108 1.9752240740082527
1.0494976852424869 2.0276647016593787
1.015182752373581 1.982033588284849
1.1157683534356335 2.0281453000170306
1.0319260498441345 1.9326998252630139
1.0140647241732574 1.9743387686623022
1.027749765841018 2.0064721521198865
1.1383261762580252 2.000957636669532
1.0334657043451274 2.0128947160473265
1.0250557428564475 2.0016821338403465
1.025377126491585 2.0025164908965625
1.0394062990898347 1.925077774452866
1.0153871638498329 1.9632047505305952
1.0819363271821836 2.0370567269099564
1.0254573949345231 1.9997978919002715
1.1018582481919543 2.0334451622496026
1.0202242388215417 1.989104444015746
1.0788552533409472 2.0357483111824735
1.0256638763049026 1.9993872569447813
1.0485471089950844 2.024033263581128
1.120843361574631 2.0219334122567765
1.0793223287600804 1.9053684154454844
1.0172496564005502 1.9751526208882202
1.117379981084407 2.02446650058839
1.0215988550757835 1.989149571917121
1.1483600645876766 1.9622680234762004
1.1468729705802263 1.973869434619468
1.1460842295536966 1.936503706314999
1.1308911205610954 2.0113252820799814
1.1462216277661403 1.9747270705449869
1.1064251528002895 2.030057841333579
1.1323336135504765 1.9130970840266779
1.112341906738713 1.905268945354319
1.1008954690021526 1.9046997345258787
1.1339700855192787 1.9165111643309207
1.0423664036717617 1.928262309431597
1.0425630290420014 1.9282847285984919
1.0570390444329012 1.915797463974806
1.1082372832186735 2.0264802249838665
1.14048810052239 1.9293002017653842
1.0436002189614133 1.927976500296476
1.1119938990173244 2.023747729327861
1.0528732118866693 2.0210028413011196
1.1452332359389978 1.9713770273487095
1.0547930196347781 2.0220444422043085
1.059743015249572 1.9154401536217573
1.0726894985971083 2.030076229202261
1.026351303202062 1.988624945510321
1.0262175510653195 1.9882535501064837
1.0847423926329807 1.9074382017711384
1.02518663263743 1.9849252238586708
1.0945608835191292 2.029447573879589
1.1217754353014717 1.9099614453325435
1.1069939589025488 2.025250544785624
1.076449880430962 2.029150850145939
1.0246732092208826 1.9587175169405113
1.0490212215313273 1.9242519127681703
1.1277907576602755 1.91266371765373
1.0768880268993362 1.9098770771976885
1.1191271694462221 2.0172130153186654
1.0546640994629901 1.9197507751859317
1.1243175656449613 2.0132917044768384
1.14167127971855 1.9343112134806393
1.066441959197718 1.9130115932494298
1.0356245871146696 2.0027485082815755
1.1122748050920084 2.020888953851475
1.039859939961314 2.0086162624322492
1.0383682799772762 1.9343389681857601
1.086872913784491 2.029696677629984
1.026874855688236 1.9857142533660421
1.0339485841908187 1.998860645760858
1.1189852519790167 1.9095865769589335
1.084148094602388 2.0294167465299964
1.0293849904688945 1.9896448403066356
1.028382491706 1.9468129075866643
1.0307748751498738 1.9914214202685545
1.1266613373256402 2.0098976345154016
1.1361252037033147 1.992777861051228
1.1439606730030962 1.9612841412991462
1.0319351148648035 1.941993569911837
1.0260077029769938 1.9807465319083102
1.0796242245775522 1.909981907495038
1.1289289522634645 2.0066806120962006
1.063314442494985 2.024093883355498
1.1114826144322991 2.019955528740126
1.081282764655555 2.027987632498547
1.0538954979775002 1.9217552078361773
1.1385452715884696 1.9859319068050951
1.1074961710222198 1.9083599447779183
1.0538807691985952 1.9220267924639032
1.074144900158748 1.911772411492868
1.0910541871441295 2.0270560398034903
1.0323845091438386 1.9432219984687134
1.0270404284124486 1.9599197039226757
1.110592611096778 2.0197181539514633
1.0613258920514257 1.918419903267789
1.1289713155561671 1.9167043402435044
1.1346483041543456 1.9240311356312116
1.0445879630055077 2.009901367325382
1.1022033285067472 2.023779523295271
1.1314118639003001 1.9199759598338264
1.1331563255880137 1.921280793265359
1.101767770012636 2.0233545113546887
1.0684885015088563 2.0237480399301653
1.118855940771593 1.9115975573532447
1.0310037849373284 1.9471305866703164
1.1237679528922104 2.009488957332416
1.1426294531566814 1.9633380666138445
1.1406617695693044 1.9761575645323555
1.039438752776424 2.00000108154522
1.037768838330453 1.9975876151256977
1.094752097182485 1.9097259083546767
1.0408616078584356 1.936640711003137
1.1412647052123273 1.973701707288587
1.0531356313821065 2.0138897192139753
1.0585495360728254 2.017471704898062
1.0287222754893948 1.9769107024636765
1.1378844776270287 1.9334300629528547
1.1006462897141835 1.910221629084823
1.0623144477646176 2.0187069939934883
1.0283460310540824 1.9726955483651327
1.0464919877590668 2.008000368842965
1.0491095121741052 2.010282106774314
1.0284520768952037 1.972660002941074
1.029812511904436 1.9629223530707254
1.041415657817539 1.9380216951108624
1.0297404009921531 1.9778211473081129
1.0927840943492526 2.0226908993843438
1.0635670915890116 2.018599191426742
1.1044882733483445 1.9109475037101624
1.0437098607586386 2.00293434666357
1.0395193909280624 1.9399684627532698
1.032194806523906 1.9565797547824744
1.035146865743898 1.9875229344622007
1.0429087201047187 2.000166904901276
1.141935612492933 1.9474125023382904
1.135189078395649 1.986680053341964
1.033413107410013 1.9829074237923487
1.1408067684241483 1.9665347875916313
1.089538692038824 2.0217074919122116
1.0489517244059718 2.0071023713669898
1.0334327320356282 1.9558252371014666
1.0342902006982297 1.9503643024206374
1.0633402536400582 2.016944045818473
1.0998825399583279 2.0189604423712084
1.1248568973865092 2.0037568140936672
1.0745888510112196 1.9161645128798062
1.1268465969053052 1.919842870571361
1.0573091071599299 2.0134470969884983
1.0523159339363075 1.9304172408252098
1.085656284852156 1.9125364092778985
1.1305004771643663 1.9237605757419927
1.0831561843461188 1.9132677003099867
1.1077967541154004 2.01579912606889
1.1095422670519461 2.014710950880236
1.126330346353095 1.9197987569638255
1.115355336854401 1.9142927658761364
1.1329178687236485 1.9892734283349365
1.0644159059362042 2.0160993082149723
1.036823459158304 1.986687574595964
1.0390133979804375 1.9432237907225667
1.0652399545563125 2.016505974379058
1.0920178062247945 2.0195498223052013
1.0497966575789468 2.0056217180944933
1.0344588388214895 1.9577456234696002
1.1183773899877871 1.9167354102150957
1.1383789077483146 1.9403411168402787
1.068028696093903 2.0166281339878482
1.0877101899958075 2.0191704878960706
1.0334519838529204 1.9686141191678201
1.0341757796802151 1.9749876603712568
1.0502694200174871 2.0047004822473005
1.0763544009099886 2.017950240099147
1.064638825332291 2.014915084648587
1.1310320174735293 1.9908376842574953
1.1398418831798287 1.956127572603824
1.0765314144302656 2.0179447561319503
1.1207339677854544 1.9187213394887426
1.0359723459685035 1.9593215812121043
1.0502881019403871 2.0042617833522987
1.1185531709571093 1.9184070293917046
1.0574112345692441 1.9289604808401952
1.0606307219798679 1.9258837708662166
1.0680469598848572 2.015615036614559
1.139256289304774 1.9551792201151308
1.0993369861756257 2.0165915667057166
1.0835402683631126 1.9150895221945836
1.0785251091869066 2.0179297972858725
1.0879681699611763 2.0183049643208095
1.1359809485381602 1.9791401895828133
1.08062777345363 1.9168221107545755
1.0521108806650816 2.004811215384461
1.0510614245161694 2.0039743976718043
1.0420003065477195 1.990177048656444
1.1308838930275016 1.9297764452940045
1.0390713154462141 1.9855239730018441
1.1145654123620008 1.9171711325107135
1.1266375718211121 1.9960423932377058
1.123043099835899 1.9999910541190327
1.137915425577348 1.971510430063147
1.0513012796475407 2.0035207612109436
1.0576565606534154 2.009804306634489
1.0380611057246705 1.9532534094287497
1.0360109536010822 1.975464191317393
1.1248839258266419 1.9982352853864407
1.083914802744963 1.915548873456499
1.135712011411682 1.9371408504011547
1.1386456691584326 1.9525934658419746
1.0350294016700594 1.9715046203089353
1.120661430797479 1.9198050653536278
1.050859411923577 2.002086840123539
1.0525316215625002 1.9341651240103115
1.0847620860951697 1.9159709439202228
1.1128973036490897 2.008702854344885
1.0400678996319723 1.9846172480166118
1.0617553958970603 2.0114680507162284
1.0987535834102025 1.9151581827130066
1.127369134833524 1.9942291724870893
1.056564144482361 2.0073169021819672
1.086061026774712 1.9155893223619382
1.1204504889693658 1.9204386749037643
1.0381799994157368 1.979717556696329
1.1290783948344316 1.9901480893576973
1.1157700459012392 2.0060791573828918
1.0679925420904417 2.0131748658651367
1.0877129754184454 1.9169604148265837
1.1005804933312535 2.0138848152687614
1.0838759831244786 2.0164050575115633
1.058219556267964 2.0077696784049897
1.0593169665892574 2.0089651301258558
1.0408651376771174 1.9835588816146583
1.0642930049968764 2.0113111600097104
1.0932369397598178 1.9155807233193063
1.1146527737059961 1.919470059608106
1.1127512932224386 2.00641254296525
1.081821088279516 1.9192173765470382
1.0666417067311151 1.925763972701481
1.0585198318053912 2.006949265316556
1.1277518939225228 1.9905179288284105
1.04760983951816 1.9404059776534328
1.0623561648453848 2.0093060835546903
1.0459025095087504 1.941838475003512
1.1350215650874984 1.9740962314667563
1.1367088882664484 1.95884236811753
1.074390161574754 2.0129927731674586
1.0387443933702138 1.9653856674271248
1.03830697627856 1.9673732779767126
1.0412419028003523 1.981135352344223
1.0910061088983716 2.014038113839824
1.0736685892347315 2.012518517382767
1.0468860573778251 1.9910361661043412
1.0386296272385094 1.9727778603562485
1.1050846284334659 1.9184753497182174
1.0576722443358442 2.0045165472828703
1.044004790998019 1.9857190382475867
1.1052878111646858 1.9186235223191517
1.1170402032406435 1.9210379370521489
1.0765557426618022 2.0124537295535747
1.038989089356799 1.9707508418700503
1.0455789840102208 1.9875534272881141
1.1323641441957877 1.9370754011181752
1.1267642740407644 1.9897688499246042
1.0407125324711852 1.9621422200275247
1.0430975676888903 1.9826746297692277
1.0652580713965356 2.008647890705635
1.0574571055936237 1.9340063259164737
1.1320635616890555 1.9370852837486192
1.05906266524856 2.004056518255095
1.043352242227382 1.954522105388192
1.0583067314183388 2.0030281908004532
1.0720312932569838 2.0109516706089328
1.0519691315262727 1.994868251599207
1.0604037648828977 1.9325066869095708
1.064694436914377 2.0077220369668245
1.1293569526763405 1.9337413159608796
1.1326287272256796 1.97645711690302
1.1151418186162863 2.0017532629581796
1.1196395913578507 1.92417142613446
1.0408684607547671 1.9684950677888253
1.0407139785653323 1.9738131438350337
1.1177460187623893 1.9231240590064058
1.0679456070924773 2.0090344279848438
1.043115539178801 1.956682453815771
1.1065703663644764 2.0078481727859345
1.0963579904201517 2.010837488438522
1.076200468439264 2.01073487967771
1.06371001742779 2.006241407473607
1.0632161840310397 1.9315496148530988
1.0536248454312036 1.9953734488253239
1.0882496906518162 1.919733991305049
1.117098397443209 1.9988905982372713
1.1315559349357498 1.9784494988679704
1.10520403748892 1.91964615885689
1.065274568266368 2.006942783149938
1.108370537195691 2.005942486549775
1.0765810777473455 1.9242653860736931
1.0516963495012952 1.9926482884171892
1.1098798820093594 2.004657073893327
1.0486782386738007 1.9882050465936563
1.063564277955273 2.0050741356340374
1.0448610159145457 1.9507057045767813
1.118178579529416 1.9968855210229275
1.0448632831751123 1.9818642370387463
1.0928320755486742 2.010948918951609
1.0879098773164602 2.0113105601777144
1.094759915265213 1.9202843137585965
1.123063778939766 1.9900951948632781
1.0423524306494603 1.9676573156247907
1.046267787086862 1.9528777975004932
1.0776543774003813 1.9250552354518713
1.0974763748200322 2.00851905522141
1.073771247672331 1.9278513261681898
1.1164649011299355 1.9973641585398147
1.0433054128270154 1.9658280025699197
1.0993010427703396 2.007954784648373
1.0613372956778415 2.0007231277233712
1.0910460964900577 1.9209677839796557
1.0816732099482533 1.9236159582129937
1.1077987749569638 2.003762939363113
1.1264560810572957 1.9849253344633648
1.0864019381365162 1.9216365412988092
1.111116631117439 1.92330253375833
1.1325284664373474 1.9440882805472472
1.113308357722516 1.9984711725168085
1.085776433019757 2.0102089296981447
1.0437476334373788 1.9671318161801747
1.0460765012874058 1.9569458105745647
1.07012947836775 1.9299900951750777
1.130708896963831 1.9754577349962334
1.1092875427992681 2.001997424866487
1.0816508363955029 2.0089109190486756
1.0441360022740562 1.9717338537664066
1.0484260044993436 1.9827959605415897
1.0862142077250905 2.0094695775609708
1.112271167803104 1.9987794008188242
1.0956382978127464 2.007663646116336
1.0618342211263354 1.934456413943797
1.0896254037889932 2.0090981884019996
1.095088604709383 1.9217439730026975
1.116073863087619 1.9953762442212593
1.080777707409472 2.008240771149196
1.0756239661134244 1.9286643697333345
1.0587039991864697 1.9964794237286616
1.1334314677833373 1.9471758742799439
1.1226836009613037 1.987694490699548
1.0828140304790477 2.00842962048634
1.044740535256166 1.9676311445695418
1.048230822827443 1.954907738405406
1.1138437161461978 1.9270652225133706
1.0644768245057095 2.001088960598389
1.1081773445821839 2.001080255931834
1.1227618935376265 1.9872421338906558
1.079657250358622 2.0076567659195614
1.066988564494632 2.002428734498921
1.1109623291542405 1.925543456179052
1.0550623573434907 1.9410449807240728
1.10399984644249 1.9239256485817362
1.0833180715486561 1.9251828631212917
1.1206917919267592 1.9321154106464826
1.1306954234897524 1.9728188721975788
1.131289899054625 1.9627029551582473
1.069336633003575 2.0021351152601445
1.07865248424644 1.9285822475810734
1.0517211513665976 1.9842835339793359
1.0470425920648032 1.9740536141025042
1.1243805266262532 1.9837780054948733
1.0972807874493198 1.9247341880511475
1.048173992658353 1.962770914596367
1.0505176348842828 1.9535546106594754
1.0493417714400315 1.9595637765140226
1.0901564974953966 2.0061375559926944
1.0468542164889592 1.9709615826449443
1.1229905879775481 1.9343844678211923
1.053845934325902 1.9859024495444615
1.067162297115681 1.9994101558193298
1.0976018856264689 2.003546233210776
1.0523228706649406 1.9466382658484374
1.0473431399146425 1.9701747118619304
1.0997447533962017 1.9255909953632377
1.0495642899230675 1.9761179428115205
1.0480414417143626 1.9687415957684353
1.085472401364282 1.9264484242625817
1.0833843691691563 2.005571275466777
1.0544331729721026 1.9448825695693734
1.0811811636921638 1.928804182841545
1.0737495851246204 2.0015013706190876
1.0497171950973083 1.960745223051786
1.1226955626609285 1.935173070594017
1.1293411277446657 1.9730718585170444
1.0485995928194263 1.969132174554364
1.059890361255037 1.9922358315126
1.0589101446689895 1.990902953498635
1.0866544237349973 2.004488868974989
1.1248609078238605 1.9370037115086074
1.1142139781708382 1.9307108261872892
1.0681141545029365 1.9980036909716945
1.0876016538670248 2.0040977197595513
1.1022111514119484 1.9262698685242297
1.052423461592186 1.9520509577617546
1.0549395023212953 1.9454991649664994
1.1000443062867011 2.000742962139896
1.1189174940122952 1.9334210245726104
1.089398981540493 2.004146514775889
1.0969933298928076 2.001273847092118
1.052900010385987 1.9534410597580423
1.1266331171857222 1.9766744118020332
1.09986404374692 1.9279668709894227
1.0626161852698812 1.993847896909408
1.0509830128410504 1.9604870326103303
1.1152585499845162 1.9901146984773135
1.0604333561753472 1.9905297827506216
1.0780831955275485 2.001252904973304
1.055867479047376 1.984372407247045
1.0828981719294395 2.0027396357023095
1.0536619885255616 1.981108354505888
1.1279445784481705 1.9726091140509692
1.1114938179664686 1.9925132246609814
1.056400329143177 1.9457877233710368
1.084430484784181 1.9297854580158227
1.113000501080071 1.9906899376740517
1.0982582207811045 1.928773893771397
1.1215494880183612 1.982696668093071
1.0693803179763524 1.9349906089359645
1.0653500736190575 1.9377794782900533
1.0674479982967624 1.9949397151007187
1.0551447064827724 1.9827551509570003
1.081576324540802 2.001374498966967
1.109144047155529 1.9945282459399745
1.0509800422954954 1.968859046906752
1.1289350038622041 1.9529038813690534
1.0505076021792978 1.9708411493350444
1.0905618258638812 2.0007378015364465
1.0541700908573477 1.9798575548219868
1.0508841103271473 1.971431927643805
1.0530506081424893 1.9750406067448751
1.0544201907091297 1.954942504281582
1.1151440100402363 1.9329398826729705
1.0812672629691036 2.0003279911481484
1.088564485697533 1.9294798960101438
1.117699593777356 1.9857664660727676
1.0585495588176266 1.9441363111327483
1.0530551038013387 1.9765964848199735
1.0947819033317567 1.9995301504342098
1.0841307597176704 2.000568061151853
1.1147359988092926 1.9333005032516555
1.079046188184254 1.9990781621310958
1.1179023645609234 1.9347467134375251
1.0521933393374419 1.9663389070733606
1.0538355279673057 1.9599299052161543
1.0948027323747307 1.929837438594108
1.0709939244418931 1.9954012260956335
1.1069964491118942 1.9308682732230886
1.1289328292821736 1.947784432812769
1.1267370087001067 1.944573651353501
1.1218481612114053 1.9802385882667235
1.119377381298101 1.9830007264983975
1.0980540313653078 1.9972895293107609
1.0677180777345525 1.9385748901594813
1.0548193372889738 1.9599092268707587
1.127216032677792 1.9649400632637237
1.093955569615644 1.9303429589599932
1.0979155711771453 1.9313331244211842
1.0558041065015404 1.9591159860142364
1.0535864887612478 1.9666035234827008
1.0977542157813207 1.9961584417834617
1.1264511154313503 1.9679550778243833
1.0686186614630169 1.9919680346335986
1.11432794794393 1.934452731288557
1.0966608316200566 1.9963624897102603
1.0536103537459198 1.9672811095042364
1.0571545662789492 1.951093662155658
1.0542506398747098 1.9652881514635252
1.1087837586236553 1.9901700242816043
1.0845764964695321 1.997597466112122
1.1219585299192367 1.9775545122928253
1.0621993268588679 1.9437197330040343
1.1216291715811006 1.9764732119999437
1.060705101855836 1.9841376248307176
1.0726179819483723 1.9933267873643907
1.0940509499195064 1.9965919647789836
1.1014879431237872 1.9943928827152348
1.1151423687391273 1.9843856954871721
1.0672399701257744 1.9894897534857492
1.0814111862028895 1.9957994534990795
1.1050558988770502 1.9917078909713815
1.0581461480292076 1.9519757180616684
1.1259860102779244 1.956162143227273
1.1209752406444269 1.978092319053229
1.1075761017714962 1.9898256296207948
1.0927042226395098 1.9955507984325047
1.0991838308812796 1.994173699076484
1.0820970173578766 1.9338976292918995
1.122754108417887 1.972757751769299
1.05904118384491 1.953609013886095
1.086578051466115 1.9956318941322448
1.0813920589666075 1.9947636371300963
1.1133644814093409 1.984291006463159
1.065297686962799 1.9866786852472702
1.1136208338487088 1.983892056799244
1.1208059917340552 1.9410953050936082
1.1248993278113777 1.9518890076898598
1.0813786448143339 1.994530142599563
1.1164300068027557 1.9813037193482028
1.1031724439136545 1.991242359204462
1.0798292237153164 1.9945126641469937
1.1129637942384487 1.9837987938820532
1.1115417805751437 1.9854827569369164
1.0619521088829225 1.9826234484153833
1.0594425426885832 1.9517400731597727
1.0836802643627739 1.9947292050957715
1.0892280550764513 1.995049730630124
1.1139192341318398 1.9379268199224366
1.1001063237929563 1.9329860559095702
1.1232740354998612 1.9543300082161166
1.0574072157295675 1.9687061910440709
1.1154776235576414 1.981294528719593
1.1112052496575462 1.9362397218705416
1.124252195590031 1.9494912725199198
1.095975459120204 1.9337400057319345
1.0601563891636894 1.951592097778924
1.0603587719625223 1.953323782810863
1.09463416360197 1.933604303052848
1.1216950954693161 1.9718532938834339
1.093650612796583 1.9332812172136091
1.0653155460614727 1.9837827317563936
1.118651193790071 1.9766611835235344
1.121276416343614 1.9450199374136226
1.0594250569881445 1.959883700963607
1.0579493187920506 1.9721541442342463
1.1064356480013542 1.9882756161408557
1.061979829112748 1.9798533549652089
1.0780079412912151 1.9907774530426505
1.0698249134540343 1.986874948854448
1.068428130675208 1.9850165923476564
1.0810833976001413 1.9913188113690066
1.0612456779530155 1.9552796521385196
1.112571598932025 1.9821006232002567
1.1072882236677655 1.9862510492320342
1.0892747261372153 1.992918796753906
1.1212926894653112 1.968245744492231
1.1175656707064165 1.9755330709282077
1.062580095243518 1.9536554024203596
1.061436264650069 1.9594550263460366
1.1211495241060498 1.9701907967204129
1.0690678760004046 1.9427492536278865
1.121189378941772 1.9582479465429734
1.0676672508600065 1.9443836046536045
1.0900088804032408 1.9912301082566375
1.0846405671215336 1.9912130441346712
1.061734849556186 1.9576209943038947
1.0609189562719161 1.9613449644107086
1.081533306621034 1.936829638515167
1.06209446630491 1.9766437815348707
1.0697420442295167 1.9428772620765475
1.1207478282797456 1.9655815126223435
1.0720301018498162 1.9416167632814216
1.1101591113755283 1.9390033922372027
1.1121853433333013 1.9805500534677398
1.1200632936376589 1.9543739697776044
1.1055784020594155 1.9854259699015773
1.0673128659351228 1.9823604590817374
1.062801000998563 1.9781258917120281
1.1176577340164129 1.9434565142715194
1.060696220484957 1.9644891076980082
1.0671306530410039 1.9813276452171051
1.1032615759780915 1.9869894811584587
1.0970296868088787 1.9361739842956753
1.0636237546010479 1.978479818801772
1.0641833290141065 1.9518004465528849
1.0731179090903793 1.9415424771938434
1.0996463139890276 1.9883202833024998
1.097770250109774 1.9881082020458096
1.110785763272046 1.9393597321877336
1.0798043882044863 1.9893754220615771
1.0939556452690704 1.935465577293141
1.118352476590566 1.9722631043611747
1.0802391523762418 1.9389822281676579
1.0606291196286546 1.9678964991773278
1.0950725521653646 1.9888361466112383
1.1196188262477818 1.9656806008682504
1.0641964824025663 1.9775921210609015
1.0617889293241751 1.969030478234584
1.0621697423559524 1.9722308678819862
1.1182062250786085 1.9584255875320962
1.0875764860339254 1.936918762978245
1.0616362506790045 1.9702331251900507
1.069785926119206 1.9821414312046812
1.0889309300929326 1.9891208233827822
1.0620442294118912 1.9708668196861108
1.115427959298423 1.9434553476181384
1.1182417451658135 1.953222418019474
1.0760060391519872 1.9842787448441395
1.099353568328582 1.9862132634229217
1.118278784818395 1.9620206363815913
1.0737132046242535 1.9431445224537116
1.083748955956669 1.9388377968990744
1.0645975116790223 1.9618223805951132
1.0661081093251796 1.9760377205056643
1.100625544785547 1.9375168235167082
1.0882491313700784 1.9886398296151577
1.0714554294852918 1.944920413412079
1.0681307537557483 1.9470569257584804
1.0840585640634943 1.9885010383822825
1.117843182454179 1.955468886048972
1.1135472566759852 1.943649131441561
1.0797887998451015 1.9870090735148462
1.085533531021543 1.9385014261257092
1.093747106622407 1.9874396871171454
1.099286459047116 1.9851868773976822
1.0725684372300817 1.9823064243737232
1.0733401367434752 1.9446039904114498
1.0952864637730375 1.9860396456332916
1.105665299219635 1.9828461378804398
1.066528220248155 1.9596527242872301
1.0827808134016328 1.9396321749617247
1.0659390854605943 1.9743095749021622
1.094390738251436 1.9860185892784745
1.1170249979607314 1.9579671574116624
1.0827658587706828 1.9869161388330308
1.0650284452550562 1.9732546540560547
1.0952318590673695 1.9857371738799934
1.088516481732739 1.9390065106443513
1.1153127469261068 1.9719253741557692
1.1144327037284132 1.9455521708455865
1.1067945968475508 1.9400713275628474
1.0783838610587435 1.9838973622427059
1.093364370140985 1.9862918102128189
1.0689251776844495 1.9510303633361117
1.06829875319359 1.9566158734123453
1.0676618501264608 1.9744331239565676
1.1160292752071026 1.9517502463781178
1.0755017450282718 1.9448465443825271
1.1077167020670793 1.9405815532657398
1.0698982774324703 1.9497106882070645
1.108730150239825 1.9413063286754215
1.0992691135511334 1.9394711407200376
1.0693110252125624 1.9774993559516092
1.093284036695554 1.9851200550917012
1.084924174794134 1.9854629056332649
1.0811240493349321 1.983691702578216
1.1129690393492968 1.9713168765029319
1.0884844662469215 1.9849417403803724
1.0685190546182781 1.9606743729402019
1.112857154881905 1.9536682630399103
1.1005000890665673 1.9828061945783007
1.1070973625022953 1.978588937615141
1.1130336111666985 1.9547478454633316
1.0680315961041682 1.9645160167552274
1.0709099458381706 1.9487069501809602
1.114004377012049 1.9659073146911439
1.1131409788108009 1.9634401503729173
1.1125359148682827 1.954443589573303
1.068340312511381 1.9665693463785607
1.1121492944755167 1.9608473150317598
1.0798753789790367 1.9440163029111956
1.1099345429842886 1.9738711359409467
1.0704505024154891 1.9628856202269613
1.0829746848949133 1.9419514499734802
1.1122522512674295 1.956355793039696
1.07387517144632 1.9747045278059723
1.0700762667073267 1.972309328556088
1.093468697055011 1.982682968788059
1.0888009241681256 1.9830204680876298
1.0757943895646735 1.9777209826769013
1.083117247935025 1.942788499987548
1.110952271757966 1.9524271269183662
1.0757976364586406 1.9490202856595131
1.0841086932716166 1.9821554238532255
1.0762603470604728 1.949272543508137
1.1034175805562876 1.9423423701182183
1.0850354616583653 1.9821947744851076
1.070133138028177 1.9698498817260115
1.0703785308559857 1.9701910707886081
1.075181968143328 1.9565010435625527
1.107980937362245 1.9737131671947665
1.1112154140634765 1.948443855293628
1.1102345134051257 1.9681100834564647
1.1108063692168781 1.9515692309008879
1.0722333087573948 1.969015222557971
1.110766092280264 1.956360640932236
1.0996863166263424 1.9788311162343608
1.0772827126188196 1.9502600792756264
1.0978246814297117 1.943700195635449
1.1060623041615316 1.9454588129269434
1.102808435893563 1.9434358127634948
1.108775081780689 1.9550606301767213
1.1029303092844926 1.9441992527979488
1.075194852746098 1.9727383901134543
1.082668280430269 1.9795677996753849
1.0936389144325438 1.9419159336980008
1.0936884148658201 1.9423268614593479
1.0776704095589529 1.9506840534590073
1.0783306660879062 1.9513062797862237
1.096573622543605 1.9784922285510802
1.08478916957355 1.9800645954526055
1.093990391068956 1.9429298666771222
1.0836890172011813 1.945327255215283
1.085202185572116 1.980195485926158
1.10884700512621 1.9607826483281214
1.0733967926387558 1.9673087294443197
1.0744494937790414 1.965209926537952
1.0973305428107285 1.9780884831328323
1.076896070988667 1.9621228859614779
1.089393558638551 1.9435179025656113
1.0971937914526961 1.9763754382927265
1.1080788689212286 1.9623694792479083
1.107236912846436 1.9597381290595914
1.0925123080562682 1.944255020223012
1.089087021212153 1.9441902625954337
1.1023740296065416 1.9453971834268038
1.085441391485942 1.978863266338441
1.0792209376521777 1.9478260685048465
1.078993132564849 1.956668541092448
1.081921117210185 1.9753460810191965
1.0943843305062597 1.9761832563124224
1.0799509551013535 1.950328495429926
1.0944741491529564 1.97558767534944
1.0781320117688191 1.9623248206891009
1.0887575919127104 1.9455524962091837
1.091448828018373 1.9779142145941058
1.104661578652599 1.9687063667430542
1.0814469081340277 1.9497408779108283
1.0778832102087148 1.9648385574562424
1.0979987366277932 1.9462129212494987
1.0784624559550853 1.9668065095784661
1.0845741477667614 1.9750347239334436
1.0922277089171366 1.9777665911589264
1.0851900077113814 1.9762683407176023
1.0850040015645945 1.9773045451631883
1.07849711847788 1.9690746849801577
1.1027898644504779 1.9731455795415789
1.1058547751865553 1.9631323605196767
1.0867758176241635 1.9750030198563695
1.1000908070350772 1.9738009155541487
1.1024388166708763 1.9529886816594961
1.1043793667071844 1.9497903733398418
1.0981264957800192 1.9737530466661506
1.1032926687431204 1.9690316865255513
1.1048349550550105 1.9664207014430466
1.1048211350686576 1.9486898037169773
1.1006658555040842 1.946813032824907
1.0820961450716835 1.9580777713232989
1.1004128130684083 1.9535042329218975
1.0866313789611917 1.9529029624966858
1.1034634424096588 1.9476687402071182
1.0869584996484773 1.9526477187935556
1.0853881730410888 1.9546197716573972
1.0963200012201395 1.958982012278268
1.101038482259972 1.9713516111501261
1.0942663607084473 1.9522876839909697
1.0848588009478226 1.9594848047136741
1.084183857154188 1.9578174737551042
1.0968457123800197 1.9615164162637357
1.0968998287581597 1.9578865105318508
1.093728678679447 1.9542065013948133
1.0962006554908816 1.9518038258009272
1.0849488926696165 1.9738827368606442
1.086594017159689 1.958280232198835
1.0911535478184855 1.9596621396019545
1.0896489131468494 1.9530641624769296
1.0962439936357868 1.9718128276771967
1.0877370127099093 1.97328353312826
1.083530664243295 1.961067561177892
1.0860198622953823 1.956173766218452
1.0944684079577127 1.9558655368213205
1.0822715480967042 1.9666483906702377
1.0980324658002074 1.9679685428410025
1.0951496672634966 1.9601149369861557
1.09942892734233 1.9631146852594483
1.0906100324559689 1.9729594023237542
1.0895984282368996 1.958277718224647
1.0847597045031478 1.96429708180328
1.0871091931782517 1.9724160256565777
1.1006321741901104 1.967279921498942
1.0913238051571055 1.9721359187280687
1.089873563919587 1.9489974624463595
1.0906682559560532 1.9709931617166456
1.0956310428132674 1.9697904721164476
1.0884278048543468 1.9602816207015337
1.0840981760877624 1.9707226900601815
1.0848580803666779 1.9664901997540722
1.0836718621435142 1.9703839583631988
1.0935156760206262 1.9715262226489678
1.088935834998088 1.9635134210372007
1.0928747284371731 1.9683561058025687
1.0847388102422177 1.9652552560903838
1.0892613896535792 1.9719747858810779
1.0898361998458568 1.9701849428256066
