k theta
31.40703283837268 0.049464982744049625
69.08784210263596 0.021190026081564235
43.5484200482566 0.03523238096175542
65.94920082801208 0.022199410379753134
66.48798923951155 0.021316222106803666
22.44314653234417 0.06625490539016322
23.93250824326926 0.057993073503503266
36.10243087520041 0.042485266140104824
22.217265924831455 0.06400946650364939
28.016774585199293 0.04888999238818077
22.008083397113573 0.06551786016384885
22.135485920843013 0.06560077968097873
29.939095826427362 0.045653885499686006
28.99542799837354 0.047218741124593656
42.81698321761341 0.031930859973529235
26.094944654129293 0.057989396585222876
50.60751519100266 0.02725797555527621
24.35639807945674 0.05754601310918612
29.958652260768357 0.05080981896661431
39.743502286725644 0.034413776885737234
31.948955413971866 0.04772363200092338
46.74225415486828 0.03229263712284866
53.84123519487825 0.027703083167618416
63.07591748139801 0.022708754842376486
24.870051007629854 0.05630408563263691
29.194407425173825 0.051985356903038016
25.24968764468264 0.05536373593520679
62.59198607792399 0.023103597174404897
31.963155596304947 0.04759925479087565
26.646157747844697 0.05648651519737739
47.815546158376456 0.028863302271757978
29.41070551269494 0.05155441208021009
23.638255233026875 0.061910601313258956
23.529995772634884 0.061807945218588706
23.562895108825018 0.06115062300007681
28.981955866881137 0.047614255329853854
33.27546928476398 0.04124308049583026
23.870531770875925 0.06012620473473932
37.39384574787236 0.040597836071967146
30.374163269320782 0.04536983455680248
57.983809024945415 0.02530004225571595
29.347514762577678 0.051463864615106575
59.55762750548431 0.024430985464056656
41.68125579402785 0.03303600317675772
28.238878946357914 0.04916373987057675
59.95410229161457 0.02379819743966788
27.604343051075748 0.050435475510437415
56.4128398251808 0.02608276159950902
29.344153705916113 0.05138949255618533
25.177493623236007 0.058597562700833467
30.485109217415012 0.049524885681678184
47.91875522649589 0.031235934618078644
26.91462356160688 0.05199316069475435
52.68273969701099 0.028150731701544793
24.71454473264508 0.05806028720418744
40.27139519927913 0.037503366724108485
43.22767912719407 0.03195410911627181
25.375940415510307 0.05798008015476767
35.082036129651016 0.043107265064567454
46.19378706778582 0.0324390132134944
50.24942932976511 0.027736649063075693
58.18770964674912 0.02498715791128646
48.041922523585676 0.03109030210686639
52.40118404422668 0.028260528755957283
55.78197322496302 0.02631093430513693
33.76928860448642 0.04473734832470339
38.53917611812902 0.03917207090958259
26.367245707080258 0.05350972252357811
32.08464604923413 0.04309923805149593
28.124504852629812 0.04965678179670841
27.645995528897554 0.05063783761581838
26.755762017532312 0.052614192822079305
25.72402281456349 0.055314401316924576
26.537586720389385 0.053163388133993135
39.224085458943755 0.03519864677214702
58.17977555042768 0.024649781373544684
54.06872242676815 0.027222437084994895
56.74824211285638 0.025694417211593663
25.500840170230727 0.05629239417360365
33.44242561511734 0.04135733666625323
26.7507208815804 0.05530679100595617
57.469299131193694 0.024845803471432594
29.09711446721312 0.04794900487333789
52.960577300285806 0.027848795159504967
54.62435222621642 0.02583578337456273
38.18249200354873 0.036194007289676304
41.17857804739038 0.033603670101826626
33.47125007650709 0.04135009141923671
53.5671603833891 0.02747611692512586
27.896829795816068 0.0533393979471285
29.545674117126232 0.04718608506328286
56.21244645132505 0.025938233693088612
27.212925950190623 0.051798592769939276
25.79358958311417 0.05570862458952313
52.724181982755965 0.027961299386672245
26.651390783106514 0.053181178175879314
40.887307184278185 0.03385842770598323
51.978787289568785 0.027013731660299398
34.1870081230371 0.040494727339690964
45.1028586851904 0.03314776537084308
57.28254932695367 0.025099309343513274
36.40372776862072 0.04136730142956134
26.182558228463453 0.05455555480503877
51.40054599319049 0.028744506475480422
50.70110784077001 0.029182672347964796
53.05751269443767 0.02655791633054113
44.53669258550531 0.03357209257512081
39.934586130734274 0.0376225620334003
38.35491916748812 0.03609467160819411
55.66738474046987 0.025546029128357156
26.0720999313577 0.055561909932489835
29.177842825132522 0.0511047242615714
42.41278384395626 0.03271964509135201
55.428737332624046 0.02565625107794999
26.297506771895137 0.05458625694728668
30.419770445425197 0.04917765760987128
29.866495517776386 0.05001448700421579
31.255531617625753 0.04454325297156202
37.24349851704494 0.04036240028530844
26.529678163434017 0.05391878559458085
35.8039321303595 0.03870607161851469
27.80347074052703 0.050765029473576986
26.50787780250555 0.05503087621570774
29.295042408844843 0.05085789765345762
28.72017342899899 0.04890347430946972
38.33264014391945 0.039186811581408944
34.21115157513802 0.040556488759912565
47.576085913101984 0.03123616682588854
26.468105294440694 0.05431191841207005
28.254615383508895 0.04985921308581156
26.461762659032555 0.05438563257486839
44.64992244424437 0.0334253799579602
26.87453110732013 0.05445899818007124
27.166227833668533 0.05234065982970806
31.037826269074618 0.044940477359952956
29.6134242586467 0.04730450599644588
32.709066583544775 0.045843460542524354
27.89723787427567 0.05294584199957848
27.627640695204384 0.05128103132948502
41.80240208529314 0.03580573989648684
28.214865194566414 0.052428369453761975
47.27464757970538 0.031413406884609654
51.41816483632099 0.027401636317787553
37.38316139273972 0.04013954801388914
28.11054866472698 0.05028555401885378
26.854873878725485 0.05344081628669751
27.97714224517641 0.050604614056502004
50.802271530802784 0.02770792758337088
50.67315452038018 0.027771082917697185
28.367569706615583 0.04978212534590699
27.92932525021243 0.05276565364679748
29.031035230135256 0.04847169016701104
55.31164844620949 0.026097912708118627
27.889681874416574 0.05082799585583606
50.911661969541285 0.028921448956361083
55.05066146300347 0.026277978493294468
42.29230165211991 0.035331175757066936
52.607716506837335 0.026908257006285845
54.80110713629454 0.026429541369898474
27.011655088918843 0.05328222037344356
47.57417223108084 0.031159909833746675
26.987969192930734 0.053465883043625644
35.27347943132341 0.04249525569750352
27.457388808590267 0.05195041434023114
52.849786824563026 0.02766865068517496
31.57320384860769 0.04425323321138324
29.399488341520055 0.050448299595473464
40.040818962079435 0.03473207655005804
46.65385220632821 0.029999262386163933
51.05155930881069 0.02764404470218837
31.7970669496209 0.043945812764870966
54.68304488610714 0.026355746243780134
29.86119569954214 0.047072309517421335
29.132944800423736 0.04841141010320132
27.349974549831273 0.053162263040380575
48.951916442908285 0.030158173636738228
28.202529945055495 0.05212609175424692
29.45780214426259 0.04782564999381447
41.109066986114584 0.03387365461298257
47.840514091428794 0.030922577532293702
34.96370417663734 0.0428051774725372
29.658687010200346 0.049969972353594724
35.74806044956893 0.03893851975276902
32.108215708022605 0.04353554459018929
36.786256052752236 0.03782615048122853
39.89781312940589 0.03746478972839072
28.25248731648791 0.0503055578565909
35.12233346991897 0.04260068278569318
45.76354380178243 0.03243262365107614
41.34106137856958 0.03370342478984602
44.450228493486506 0.033454265365039794
28.937968779137915 0.048887491893264384
48.192380716698665 0.030656310087957224
35.05532621347622 0.039739968475823825
53.04919798852331 0.02744361191137451
32.093162681821 0.04357911395419877
31.6213064429448 0.04711472694641824
52.15086700441226 0.027200279750454096
29.593116784314127 0.05001620138802096
53.966642692384994 0.026558601021728877
29.09423118438227 0.04859743092246907
27.58324372890447 0.05248172225900346
52.540017931827656 0.02705615595193349
38.87758416107338 0.035819138086752675
42.73128232116834 0.03486186903776808
27.653161128242605 0.05241176305594017
31.068394773857364 0.04785610610985227
27.80258173893863 0.05233874780205314
49.09896790403118 0.030003699288934232
42.56594827430652 0.03499419442728848
30.138396806010004 0.04672497120617196
31.541088778051893 0.04717744055030022
27.88241835078949 0.051449447130685305
29.371675975437217 0.05025946017555444
34.240591444244345 0.04075691397356394
52.525801321773116 0.027104137718823168
28.2210097371965 0.051801790887394596
32.76461095805561 0.042691429114340276
31.550310760655144 0.047138827821365054
51.02656623020557 0.02775668790146904
31.1995683332219 0.04500087333345336
30.538970091602327 0.04853256920141402
39.28992685195466 0.03548909991512201
37.326010128858236 0.03735319609359514
36.08225806601273 0.038656133093127584
27.97206418185978 0.05166081712229375
35.326214111061134 0.04226479478017034
31.00169322332996 0.04785621968687209
28.746668982260452 0.049516584146223654
46.60806557800592 0.03013097886908199
31.7235075794861 0.04424511937921469
38.70386155343938 0.03603997843488445
48.94604917961643 0.028821903780591643
51.250291928927766 0.02770391032407348
37.406859378491774 0.03729239520384408
28.249843769393912 0.05080676571784594
43.98812689696831 0.03182282823616283
42.078526524041905 0.03320766673093708
46.45043937691134 0.031827799678991665
28.249900965970845 0.0514254697244125
49.826695187106395 0.029439398594900322
28.23691882589534 0.05142233941364061
44.91802640310533 0.03120604012087986
33.97144762055071 0.041166602716906725
49.56034338975041 0.029608813911930057
28.36011145626948 0.05126295314557273
36.464427705713796 0.04091489419796497
49.014576661396376 0.029978719090125547
49.96722501591912 0.02932846106574853
31.80722625269237 0.046680673077319754
28.622537856191784 0.050979298788614624
33.05483910052425 0.045018031964080524
33.76031155576727 0.04411063464518602
35.02841244019218 0.04255843567173548
28.456828761412094 0.050479521977028693
32.1519642842684 0.04367060439012724
47.67915009177531 0.029548725112542445
34.8541635952633 0.042757357327145064
33.21240328811497 0.044795534664032736
42.49025127735827 0.03496511031137123
37.27825549035195 0.039991851982578104
29.863658224868388 0.049304050829247305
28.555294664259485 0.050837297201906974
52.32634577391692 0.027414436644856273
51.44626186374792 0.027704536051441762
39.2207674065557 0.03797680555151556
28.70716041487929 0.05068092097585381
28.968859023236746 0.05041509448308994
31.966660012626296 0.0463939775365602
29.759232317984257 0.049402444226351684
52.29800973483334 0.027573242779442356
33.411677255926826 0.041963999094644926
29.145586762267826 0.048966293738929426
43.917970779922335 0.033742674194590594
50.281256953751864 0.028239788350424143
44.488281349008616 0.03154454269473455
43.014709760513625 0.03257341659208727
33.180403288756814 0.042294393611091635
37.30711463188303 0.03991868313729671
35.84679646833268 0.04153216188982631
35.81861603531918 0.04156025787637725
51.63668972714005 0.02804277813242788
29.80706019571678 0.04769989463676974
50.3544269782407 0.028964638128244152
50.58997816067326 0.028796612437340212
29.289207142680613 0.048784921345765384
50.928485578405954 0.028554759185216945
32.720689265639294 0.04533699390533911
31.393381088952435 0.04709417083692436
51.557741067292355 0.028083967504862715
51.582195358685475 0.02777047206449696
30.98689934159118 0.047622218169577894
39.57810871934335 0.03535629225676783
44.39512159481091 0.03331338263934063
29.54554005271564 0.04947900107669654
29.512577729216723 0.049510417288701924
44.777401634616936 0.03300193355520595
50.54043986815847 0.02820296653043934
29.085048557669516 0.04981584308534144
30.8823388221111 0.04772302149971208
50.12089675795068 0.028396019337767794
48.68523168775204 0.029098645576791128
29.245505438786168 0.049076884418274194
49.28849054438902 0.02879752255159021
50.35208335274188 0.02890394648087119
51.441131334733086 0.028013124000977573
31.019056184256584 0.04562264007504513
29.6661939957575 0.048132003829528335
38.95854480234842 0.038154734930252815
29.26720443054993 0.04963709334048165
33.8818153566138 0.04380656279844159
38.47100848812761 0.03864326383537092
43.797310380505074 0.03377271489433269
31.05417449356946 0.047458070153010345
47.86512023021264 0.030653047834589865
42.89080830220479 0.03452523496092738
32.95891911874113 0.04269548651053767
47.435312366848095 0.030956322341184624
36.44347159154387 0.03844953918419887
40.57647722133106 0.03454034242491817
32.14779583283831 0.04387290753331317
37.10773323465273 0.03775263513995051
45.619319486898426 0.030886836888384193
34.38311465006657 0.043171367460290294
44.07616556090508 0.03353051902234631
29.558097474702436 0.04848462636875277
37.88741277394684 0.0369756729868728
39.79916274208651 0.03520929862463462
31.958751851253773 0.04622527152490882
29.474261362793523 0.04871171460856697
29.698943238599163 0.04909788016761396
43.23966502314609 0.032492166539285536
45.343032752911554 0.03251642997782606
50.31200176204127 0.02837999183694008
36.344569574858376 0.038570449315043116
46.10855492697014 0.030597156925120703
32.270189195457974 0.04371648959119294
32.05116262033232 0.046087447815555904
29.396040694380495 0.04910112206074256
50.839106876646234 0.0282256933400278
29.70358122090208 0.04904447291052296
31.34640697092808 0.04699868114890105
29.50419066932419 0.0491668593517323
29.44742978062655 0.049000363981298624
35.28657456108564 0.03977410845860998
29.56067257583875 0.04862274601372779
38.95665839103831 0.0359840795648173
33.84900694960142 0.041550902242309284
37.031404539152526 0.0401049780460982
46.23980749643263 0.030535131046832982
50.17427239222549 0.028485547500263317
50.651527301453505 0.02833721782496041
43.81974627634519 0.03370446722501852
31.89144096265503 0.04624292895301019
42.44558377614172 0.03485778127055118
36.974472112033475 0.04014676855556805
46.77022582921261 0.0313884500478299
40.56936928195096 0.03459756038264687
49.40903704830614 0.02885496558971378
49.91671845723479 0.028641058540374617
48.327698640319255 0.030235665015080335
31.670072292045134 0.044720386818613976
42.28441843405079 0.03498283121441703
31.136789590249187 0.045604078333989544
44.11446751901585 0.03192756812511211
50.01342730313357 0.02862098958113523
31.029643126791644 0.04730718162745009
31.1647070268436 0.0471312432777833
30.840737362633533 0.047535200024831734
29.84853085708462 0.048247215721926855
44.92897909574054 0.03278231699445384
31.114989955117707 0.047173940188413074
31.830417377792415 0.04625937217402738
38.402985323330164 0.03654633962555977
35.8370777407685 0.03920810767505831
31.05316029337988 0.0458017536823131
49.00720829363443 0.029702551352859118
33.38922676795192 0.042236915690801645
47.75281053433833 0.030618226591953172
49.34747342481088 0.029433446867268648
49.985916791233066 0.028900065477374608
29.97079895649355 0.0481618885192543
40.68745795028478 0.03638643164832521
31.22055712845735 0.0469936458966971
30.003672609189223 0.048096696016519
41.98560881986873 0.03349862259212933
30.57948949534067 0.0467197392443193
49.560166912446405 0.028875566685197203
35.33406813513447 0.041923393497278576
30.06550982996685 0.04816878713412865
34.81841418087853 0.04252087722092072
47.722646603768595 0.02976100756162916
31.39058226758766 0.04527055116491323
33.39153367138926 0.04423972316723135
45.14720894665108 0.03257800747060556
49.00634126263544 0.029120363158519527
42.65306096635557 0.034622054271435325
31.03080584290486 0.04719290666648122
34.90413635271261 0.042413283384227285
30.799568226047818 0.04632622670203762
48.15975179556956 0.029537226751909278
42.55780383902213 0.03470269468385048
45.58530637688726 0.031009482053618212
30.47796400765945 0.04780253531874917
31.507002134300166 0.04509816533976871
31.45621347618554 0.04664534145823555
36.27148937832774 0.03876134630574195
36.29807970232285 0.04081331505285695
30.50365520646858 0.04695735601939201
39.46383942029485 0.03560806685847285
33.84400164673217 0.04366149454801864
34.604013844051885 0.042749738771106986
38.55387321492048 0.03644430014798949
37.26420590791625 0.039758558068632086
46.39178412876967 0.031593968550426885
30.45944568527687 0.04710404034512594
44.07273153612124 0.032015506741488224
31.740216759171503 0.044752239456945585
31.401485740784977 0.0453173495136241
30.732897812378546 0.04654097733908399
41.18869055761199 0.03588996418551752
36.70428699509104 0.04034701386042989
38.62277201135301 0.03833616861233831
41.36339990322277 0.03402519990829019
30.44983725033149 0.04721949659163736
49.28207271300692 0.029100163714752596
48.848784449207834 0.029712480175026076
48.8085076193715 0.029287024592955936
49.328983792451105 0.029265853980773582
36.36195135776966 0.04069897866471419
45.180583325034824 0.03250114457226907
39.52579833465374 0.03742368097288841
32.89443100584514 0.04304219885353431
31.943616031644364 0.044486465630141185
37.97616400088824 0.03703975890739423
32.602682982874015 0.04511971476348866
30.728824353829197 0.047313585311673574
31.656526937531197 0.04496655881622715
30.850424309080317 0.04719701996031903
44.320396341874506 0.033177399059765605
39.19812914697219 0.03589073607241825
48.948743416004135 0.029289603998923844
35.70189467575298 0.041419889335421164
31.27343058007515 0.04672001477275635
30.805294732641624 0.047205063175221995
43.63543203090545 0.03235454244836782
32.555307405303104 0.04356072788938074
34.286827098855845 0.04305687719325866
48.68547769283072 0.02939723373882
35.728123726114376 0.0394337187894174
43.62452716409395 0.033739636647299294
30.7828638326253 0.046650273212249065
30.861431381823195 0.04711603253715755
47.99350091842939 0.029726945811547896
45.807583513602346 0.03198449096716993
44.198317652704546 0.033262503175413814
35.99866650539454 0.04106821234737719
32.444981585970176 0.043755110082472015
33.36369511993847 0.04414367937453858
33.44862109111239 0.04403846713664679
43.568062900592494 0.03241770205820333
31.58305715427074 0.04515603393407623
48.78241909001009 0.02942276016787447
42.34292176711592 0.03480979654629792
48.48047243511413 0.029896315281010187
32.36559189935347 0.0453501279945211
37.93980585705013 0.03897264152864645
34.39690418693505 0.0428895684277462
31.06883366031439 0.04682800147821574
34.85467692839113 0.042350866052578866
48.57116030554057 0.029534678194609233
33.47562331523968 0.04229411629757638
40.889136524864696 0.034465332586173285
32.78474145289857 0.04481362758615017
35.06124765327247 0.04210236342700921
48.42200345668131 0.02959713468305117
31.2467929371496 0.046609648182221484
40.63513973407649 0.036325956729031196
32.36745389444503 0.04531581347882006
31.78143048915304 0.04487201150186681
48.27532895792383 0.030022483624817756
41.746011843777026 0.03378478502177704
38.99403783651918 0.03789275865624578
32.368390257112125 0.04530827955221036
33.35802646537255 0.04246986395602236
47.67176605474976 0.029942703963147473
30.912913337463813 0.04669470005380826
41.40064565665505 0.03562185758574981
42.4821796360981 0.03466579924587326
37.234789420317284 0.03968707086867245
31.80169402055645 0.045963360158348114
41.67599680674399 0.0353684560034717
30.993070900780513 0.04667109062393192
34.9851797272527 0.04036833945028432
38.9454244390875 0.03617652438463337
44.6741811551089 0.03170534578878153
40.767004861573064 0.03458480720283142
47.79856421684808 0.030376748581447538
48.42012729017937 0.029673755809085108
44.21934505138411 0.03200915749189745
47.174010757233766 0.030224744796247704
44.999717644961954 0.03150551876580488
37.01284016955754 0.038092310897279304
31.22915283756042 0.04647151087510107
31.761118906170147 0.04595038544297477
45.68444034187501 0.032014429872635176
36.32127411074393 0.03884057751941298
31.373107502404313 0.04572953900141307
36.64968345690536 0.04028522142455104
47.89698658638355 0.029903498713424813
38.66007596908051 0.036463319221702054
39.80767162231678 0.03706738427039845
31.353282710950126 0.046315168362274804
43.056853231444734 0.03283614167891288
44.66662295194544 0.032813334461603685
31.861427557313263 0.044848205429996846
40.74139269719972 0.036187779147952695
31.947428742316735 0.04470057998208477
31.23258446174769 0.0462825952340271
33.5940454919135 0.043756846719644756
44.14814275610638 0.03322938408283399
32.558817212724854 0.04372065728121281
48.13846509588962 0.029918145434209342
46.269218404969024 0.03152614685472993
41.94335282050743 0.03367930892584239
31.36105667518844 0.045911072936438736
47.69321932212881 0.030038063697331925
31.58137026800469 0.04542133358325557
45.392769909359735 0.03129529169867269
38.968885937741376 0.037859433276446953
44.01273483669621 0.03332462977676332
38.41156743676318 0.038410361479920566
39.94341524281084 0.03691071372178647
33.133849476962624 0.04426432154985892
34.48285341894262 0.04267800365635582
47.914264374458206 0.030040529807741398
40.339673664864584 0.036531750329121156
47.550601953026316 0.030142711376351397
32.015175082902836 0.044677633367773514
33.75298117814347 0.04203624395016724
46.023689648744096 0.03168888066108635
31.917904830874527 0.04487100121506854
44.50872308349231 0.03290051057505882
47.66268051622493 0.03013371771839503
34.397644484824895 0.041191124908332946
43.396805033012015 0.033814983596598076
31.917419579072373 0.0456015715370268
34.37068308719749 0.04123178448207388
40.79614428205633 0.03609517964325293
32.726790937322136 0.04354448910637959
40.76439937154745 0.034652088483539706
31.835099290310218 0.04564859974316397
40.44747118295186 0.03491765737588539
46.967321649850376 0.030446740727087945
37.99321995900953 0.037157874881051205
33.96281101362462 0.043246739156163914
35.86242701478617 0.03942732299838515
33.754328702303575 0.043484452288602385
43.123774767393066 0.03284093393445647
46.10706466225643 0.03159655473760205
42.94314256842469 0.03297121213185972
36.817774931880614 0.03837370914977102
45.0955247364757 0.03240362108564069
31.81481821647011 0.04517368866475194
31.788783655759456 0.045246107731436024
31.724518588506 0.045464594098688395
47.336496376361396 0.030334312206927845
31.745397665542843 0.045437361698298116
38.861192413156004 0.036343514004583244
36.337757881699446 0.038909431791562574
37.310058470416855 0.037868415465372514
33.82662158309694 0.04199443929073232
44.70763764221595 0.03178532926276209
34.426964466998555 0.04120148596923308
43.606149341888745 0.0336060388547454
34.55513898923236 0.04252202216336927
35.032719013878776 0.04197534688298559
32.788012482388815 0.044552230932991536
32.85693912035649 0.044472135231320736
37.62995936666178 0.039150803534770115
35.42464937472474 0.04152482321507002
46.26101364559777 0.03142537403701331
38.812201448280405 0.037947961027409646
36.95119796739278 0.03985646366345375
36.80247651628327 0.04001480261775183
33.13918241300285 0.043011724113792435
31.971687406462827 0.045044998749994666
42.807327384120825 0.033103634003560325
33.02101004540979 0.04426214893965959
44.76225282926114 0.03263291761421875
37.60725649141594 0.03758787341869972
46.53657691786715 0.030747102752612783
38.9905852009326 0.037763962859623905
32.00079882494755 0.045187339484082344
33.24661210724497 0.043980202240732125
43.96716745395278 0.03327460768191602
32.701451090465 0.04458260131140637
33.70105343767431 0.042228435802033615
46.97737307895103 0.03070557982536578
46.69812995643664 0.030707848305692072
39.25953862740055 0.03748708098957452
32.12394492698762 0.04483243195753463
46.90098175050895 0.03079062244146962
34.06742074035418 0.043021194329157894
32.47905276248879 0.04414593732346777
46.280419192128804 0.03134922413293053
33.919344363418425 0.04318513389104403
45.456280435530886 0.03138169251927631
46.28307787953731 0.03134142075689448
34.82575334911625 0.04214676705774734
32.6824229958662 0.04382914096419483
40.67710300074172 0.03612560992305472
32.265219583521315 0.04485119301025279
46.450752904503354 0.030873522598688252
32.50218405163237 0.04468844041329364
43.079125950096035 0.032946701547676614
40.884537024209635 0.035930940304784914
32.36334777502978 0.04446700909546215
46.45480282973003 0.030883654880227526
40.50762221213114 0.03627597975179974
41.934962145085706 0.03498109195414236
36.377441630384226 0.040414316300169235
35.913061503382636 0.039468574392042516
37.83279688543931 0.03740692942211284
35.408241191349816 0.04146962998840417
39.60894604028377 0.035730189177103
32.38578919129434 0.0446736209844387
32.46440101740601 0.04431536348239658
37.73812645471403 0.038972842241542155
43.89770530696409 0.03239459287715988
35.23580047759786 0.0416557713593371
38.956649286170176 0.036328049840509434
42.209518584861684 0.033599438934098086
37.061229229101315 0.03821284362958397
34.19067662806384 0.04281717591687419
41.80550433959929 0.03391466460563039
32.52060195266941 0.04453388365795362
46.43903300783188 0.031050311835974516
32.55364352898636 0.044476124421010434
44.06979628637802 0.032296828131326005
39.555033302186 0.03579620135820528
44.79496682039786 0.03251996646122535
43.84426642259794 0.03244842661322965
42.06562924226126 0.03372642386996744
45.62945405946493 0.031356057840579626
34.702994496052696 0.04222017080416385
33.34583864410771 0.042872625634203736
32.69626509196446 0.04399978163192332
46.256609181370784 0.031178789478749518
35.96884481560394 0.04081315952502791
35.63635180674529 0.0398369816597837
45.722091757418895 0.03171290763831568
44.29607395821603 0.032166674103008476
35.553898869608865 0.041261887680818926
34.27122433392394 0.042684423419683114
32.72184561636146 0.043994607279253
37.08480117822417 0.03961239851859029
43.749250049717446 0.03337020731011923
36.07415960891203 0.04068034471854404
32.76154600728715 0.04414859121071097
33.07933986446524 0.04392837608141145
35.30424401296743 0.04025858151270548
45.95607475652889 0.03128074687486032
38.42242581227017 0.03822827134944308
45.87544848156671 0.0315182791264796
41.09861009664071 0.03567448003884492
42.68237595529456 0.03329656765016157
32.89818022658131 0.04404431904583416
45.98646513251451 0.03130797699826171
33.337881814918674 0.043653306168934786
36.52295097374447 0.040187366786138476
37.1057897634067 0.03821577070849345
43.0481510662263 0.033036297712676646
35.87013135392289 0.039590457819406136
32.984336914148244 0.04397257159610552
33.12918220835455 0.04331239111837476
38.1206123061033 0.03717974316073137
34.286086470005095 0.04158281742070156
44.22029832122809 0.032950779819740074
35.31439812270945 0.04149304039315489
34.773060764107015 0.042088247535398964
33.07012472193763 0.04343188784128038
35.7954877762945 0.04096369669514627
34.910547845574015 0.04076712165794536
42.32498337983681 0.034570644628231735
40.5969928823399 0.03493495048156488
38.72403085290194 0.037916706477824955
38.43042701535804 0.038208088420990174
43.65519821127779 0.0326247373778829
33.6569731995857 0.04330001526090582
32.96499032415468 0.04367791736140705
44.94054435177532 0.0323173602070472
33.392598007586464 0.042932001554939786
41.6575892650003 0.0351474734078751
44.957782068536396 0.03182287609502451
40.056622876437764 0.0366158251889324
43.77661831066101 0.03255985889936598
45.65062267114961 0.031643442041268406
39.82671701548797 0.035610728866588566
43.86890366093766 0.032501086530143025
44.55591368048385 0.03206684145963981
35.85364858180328 0.03964367601316673
45.03373569252303 0.03221193991737952
37.523084067356734 0.03781261072187397
45.44118608457453 0.031601679238912835
41.273158104283674 0.03440591861220904
43.74792119271871 0.033313836111844096
38.87560999540164 0.037741356155712405
38.298848526603734 0.037036406751128834
39.271526221397835 0.03735369629036285
34.406223937767464 0.04243758501441373
42.42435318832895 0.03352458211037092
44.27506193575312 0.032255600251080416
33.44705276445006 0.04342583720617825
42.53781040073392 0.03344345745338162
40.10420140051185 0.03655386153775353
37.45953205686298 0.03789066670342154
38.93766167492733 0.03766969377090407
33.22133105611129 0.04353329606079985
44.363286279629065 0.032213529872377106
43.06277828667181 0.033887521054471875
34.024558946240006 0.0428255373034259
37.18801514948482 0.03817905398186709
36.24212314775483 0.04042518128028169
33.74374270598878 0.04309948552221103
45.25249399681279 0.03195010417204325
45.20448779853104 0.031998867036814115
33.44092235684866 0.04336723616588775
43.08712598864992 0.03306700280942121
44.75105407738476 0.032002051081615836
43.39657967130667 0.03358542219949983
33.82738045512588 0.04235766179407575
34.06524952983148 0.042754835738948345
35.237786768879054 0.04043098083754648
34.823376714544395 0.0419439112410496
34.74623150383722 0.04202313486783818
36.47018644881284 0.038981059266233554
35.34599121190216 0.04136639108254291
36.03279453058269 0.03948431828980518
44.52370577111084 0.032158185756263065
44.7892073950263 0.03201771864382392
35.72650519319055 0.04094910061586061
38.004161376640596 0.03856945275572765
44.3111672909379 0.0327698228115111
35.66034805867528 0.04101098967983814
44.514111405416166 0.032182009910753866
41.87493097621608 0.03489232332061474
33.67194671813258 0.0426941914512699
42.475526985903976 0.03353423983556457
37.29534927354458 0.03927854961049129
33.898098884941675 0.04233348897608352
35.47411556547304 0.04018262910081566
33.72033497801492 0.042650449223388606
34.268765341553696 0.041793466298179066
44.89051172240758 0.03214364965234019
44.17741112659796 0.03240951360739513
40.677452247721035 0.03596240684839865
41.77431728346452 0.03407626100513783
38.7080997010013 0.03670587381533044
40.78444627733879 0.03586194302309121
33.79557285989473 0.04287004019502961
44.34864427728967 0.03268370109900038
44.56868236909792 0.0322042338684865
44.84312695214128 0.03215083413540113
39.36938943674383 0.036096804290767705
36.517627277015706 0.04006697995581866
34.788151284163426 0.04189995206744685
33.7288744746104 0.04284832855638773
39.444234903230566 0.036030954455260354
39.78910882126489 0.036785241409885476
34.27282972705346 0.041818188634472384
37.422869880817444 0.03912285634290216
34.26875581559822 0.04241691969231081
38.039242532686764 0.03849162389632734
34.123936948147914 0.04254788187432915
35.67841280336513 0.040941275582997545
44.50349215708033 0.0322761274041337
39.85794556637045 0.03567151464056642
44.65702685576463 0.03223878582704121
35.61391896590071 0.04100530499297371
36.34580405395617 0.0402282417384292
34.0374822905239 0.04259441010619367
41.33017491381139 0.035340595007836456
43.00363580342254 0.033205548875143334
44.5015869646674 0.032474500696720934
36.97483393685967 0.03849433742156222
44.188515313956884 0.03245989267821242
35.637053095479374 0.040967047273417975
42.79288352512503 0.034027677974739254
33.9109916119854 0.04260274226303093
40.37534898139641 0.03523632562940444
43.97169692640843 0.03297573556143372
41.457191050918766 0.03435557012986015
35.68986982643674 0.039977556047203405
33.949533133576786 0.04253518041390842
36.9799267705029 0.03955035984852577
39.67090196967539 0.03585627937068581
44.102036954140466 0.03253386292663676
39.437601547596685 0.03708981579766848
39.93928530877303 0.035623498813541474
42.47175837006652 0.033602225436760676
34.054871140105504 0.04234949280645196
38.40662809357293 0.0370404455743633
37.623014333900734 0.038878646037644134
41.71936628223381 0.03496292606580475
34.09258650526657 0.04238743430336679
39.2777382541233 0.03723562042932621
43.472529503724544 0.033395619739470826
40.93887922363593 0.034789973097045006
35.36337611290545 0.04121128263031122
42.002223182955134 0.034698705776187666
42.27538551555227 0.034453407258706784
42.58213356432718 0.034179446357844555
34.80415461684069 0.041777812225592174
34.77672089639823 0.04180419570089304
38.14900288882014 0.03833516539869361
39.876834931411466 0.03665202560432443
37.510257873625136 0.03897390630304572
42.434050645702996 0.034302426478646224
34.41602295502118 0.042113211131741775
36.337734453120646 0.03925432203233688
34.52410979678679 0.041605743843462335
37.18784167130873 0.038310326564004814
41.480807897637185 0.03437433306337446
34.64824767259851 0.041901827239837486
43.6676848614418 0.03317993403209829
43.285697741214186 0.03308607305957484
36.991236967904015 0.03949246734009815
34.32757955720071 0.042064523239490524
40.97257945293262 0.0347908926327359
42.349792125694535 0.0343575247952887
34.85058659507202 0.04167526503276911
34.729862015564905 0.0417814512222252
37.612053673970834 0.03884628951131162
34.86198513427503 0.04165462220043795
37.23528324139074 0.038279189300303516
43.098483748842284 0.03367617035961867
42.10383639374032 0.03457318354418772
43.304540675614106 0.033096368904429366
36.06133375359712 0.03960736967284031
42.97037446432179 0.033314788410876726
36.54947506414233 0.039929482133860654
43.7247022356923 0.03306918111231826
40.07415219249444 0.03555291360818158
39.54226604386786 0.0360238938191258
35.42225612882181 0.041085294938646065
42.88911401276995 0.03337695036833276
35.81666497557882 0.040679677864616716
43.495775349214476 0.0329994054860731
35.11325555118643 0.04138041285686063
39.70674358267158 0.03588567842683287
34.57381570290356 0.04179414774662031
37.152770770826244 0.03929295233151899
43.398047473467386 0.0333626956282795
40.150353534529124 0.03550207615465852
34.72752200684744 0.04169381963334059
34.67103580601221 0.04154813383606637
35.268347205126325 0.041204926599691244
36.64123205289482 0.03896398582592851
35.17763835123785 0.04077361735104042
41.1978950160087 0.03536765038308825
42.03844443121119 0.03400434855722793
41.49454539831545 0.03441791721467293
41.084234435473704 0.034741514380052685
38.560538239215475 0.036967133802480255
35.690961015926476 0.04011672237570577
42.5504770204682 0.033649084893060635
35.35628600745082 0.04108481868107757
42.64867050639115 0.03402244477850302
38.1126976997938 0.038297745857509655
37.154404752207604 0.03841529981048155
36.720925682618784 0.03969875963016214
41.194809830135235 0.03466595914694461
37.700789096466025 0.037840009764721697
41.03086343566828 0.03479740625530355
36.89000407202088 0.03871735518475654
40.97554263974195 0.03484724687042026
35.662430927431416 0.04075264619267769
34.92024121000557 0.04133215215304962
43.21715363130478 0.03343006386972678
40.58565375005833 0.035172257667181926
38.735342083672364 0.036823822221754794
37.09044495980908 0.03930200403169315
42.954937294284505 0.03343630583316935
37.864942594534824 0.03768927928921983
41.73045435289636 0.03427361587429093
35.52911059301456 0.040381207401119695
35.102115453278 0.0412261380309291
35.13443245202686 0.04120002857402234
41.68492003505758 0.03431131225352759
35.721142523958704 0.040134352809517465
35.07415748970877 0.04107396268485934
42.65477381703712 0.033630739785934866
35.712237796859576 0.040148800316392064
35.76779105307096 0.04007950588158286
39.44171318144756 0.036969858074935684
38.546513918414334 0.037017261259406985
38.749084238814085 0.037638588010193826
42.543020223248284 0.033711900853290094
39.14534347890828 0.036452371893218635
35.20681212986699 0.041114664636718805
35.942875699493214 0.03986477421409437
43.083141614259624 0.03349796591597194
39.79303833092886 0.0366269472534789
42.03690317045306 0.03406859437384522
36.91190865454392 0.03872713784738879
42.16016772649954 0.033984277993800764
41.67015603755718 0.03434257030026428
41.66204836501501 0.034350151672840584
42.44977289516626 0.03379321879495082
38.24365114468109 0.038119278469728374
36.835391361331894 0.0395255375426258
42.498703524026915 0.03408107879820878
38.44465683110699 0.03713563621385885
42.91385467359257 0.03359995290522118
35.553714273128435 0.04076823169650785
38.43131637193566 0.03715390251367714
42.678476670141876 0.033888113432417655
36.788045823770574 0.039561044818063565
40.231811739326716 0.03551034961604718
42.81943664394071 0.03362600844577673
40.09107838640298 0.036322801208613045
37.61231248870255 0.037990710246192785
42.732170033144364 0.03381437722459004
37.01642238795102 0.03932800962497581
35.585461429090024 0.040706051248394326
35.485571600889685 0.040765432975565556
37.25228915139714 0.03908111260490678
37.70366204543404 0.03862980240632111
39.97737562875169 0.03641845054209548
35.827724695318416 0.04008766577442675
35.633455159543026 0.0403639829708797
42.49896883711812 0.03402409349093537
42.08207291724956 0.03409812638241812
37.84234422634239 0.03777433607469071
42.07039775521922 0.03442914453482672
40.66480999930527 0.0357530286194207
35.76594056856743 0.04048568780586548
42.18791808904327 0.03430589635313031
36.19728090840345 0.04009272057666471
39.96936922346151 0.03640489469756685
35.68111348086134 0.040373883604044564
38.22036505551462 0.03809367847182183
40.90206563474905 0.03499609872448137
42.37529162104617 0.034078039545318836
39.24698285603309 0.036422027710441895
36.359582225611106 0.03992029349690156
42.32130576728288 0.034027067043859056
38.71461277493749 0.03693038231244136
38.442117057260646 0.03786140688881582
36.85758311783835 0.03887878889893053
35.793165611369844 0.04027013485226118
35.76737119669217 0.04034341696042302
42.29603003355682 0.03412206377577583
35.8763110592966 0.04013256170171198
40.37358678843924 0.03544361970343948
42.185343970044116 0.034252222754413454
35.82528107905187 0.0403303573805059
36.065613613374246 0.0398718347832346
36.16841117321038 0.04006379873769369
36.276512589841005 0.03960039267848926
35.907294417611986 0.04022599521645177
40.02515016183965 0.03575204280632818
36.896049896462216 0.03936076138847055
36.76437791717869 0.0394818142375043
41.673510229677795 0.034464326918594
37.23705092724265 0.03902035180880755
41.097452406826804 0.035288682509555955
36.105786242172265 0.04004966890703482
41.80283709681491 0.034592225990164524
39.73113318785556 0.03658303822675472
40.46933508179296 0.035396110186986934
41.93771370320795 0.03442143290302767
39.26788469195405 0.03702542279185193
40.91732179170974 0.03544885043192338
36.5990231154009 0.03961054616701657
40.15608508579663 0.03566471321923315
40.300326910947895 0.03603246239159536
37.77022361388411 0.03792644216146491
37.437042527257674 0.03879668201814174
36.95603863094038 0.03882966948449175
39.316957705458435 0.03696197299068659
41.7429013859649 0.03449752889267669
39.37147944122641 0.03690624517338951
36.25782359026751 0.0398020626241609
38.80186138059217 0.03745470403369324
36.64366812093698 0.03922629816738307
37.508410576042465 0.03871349061333438
40.14935362397477 0.03615850163984421
39.30385574218298 0.036962331406943154
41.54466157322868 0.03464229855525473
37.106400934980314 0.03908352099646951
41.52700304640839 0.03467040589213435
36.49073554672276 0.03947344068138802
36.78788486566323 0.0393681083227393
37.39725728648108 0.03836875134209356
36.46889954656902 0.03954036222589167
39.39324365734187 0.03637112627956335
37.08970536808665 0.03908288950514819
39.14286181662372 0.037095528833590546
40.80158267305819 0.03549439529669318
41.231349052407126 0.035058534105724945
37.04415330215217 0.03879277208233276
37.800957858366814 0.03794826142598824
41.20588797694008 0.035032324818680065
39.775850346869895 0.0364572800884392
38.17338036471806 0.03758448928699693
37.16487013778429 0.03870361027719233
37.39578743901105 0.038432494702407304
36.95214843028412 0.03898400959463193
38.98916259878948 0.03678903464447739
37.197937389130836 0.03867361086531789
39.46656338678642 0.03674157945838432
39.120716691969186 0.036672169132366365
38.12715748971324 0.03802976254864706
37.6095142035093 0.03820627626196095
40.915147268952204 0.035287005808209586
38.091854484056185 0.03805892277264237
39.590112760069395 0.03626363790701275
38.05133348278734 0.03808350355852958
37.21052847494743 0.03883729841678007
37.126891291335305 0.03885866103606353
40.230496464851164 0.03572435999616877
37.53423333415208 0.03832317444361412
38.01802657365559 0.03779529351389442
39.66168574028931 0.036219014241870164
39.345932103282735 0.03682095476332691
39.78861738476032 0.03638080916555675
38.51689200784253 0.037301665113693525
37.88898684712369 0.0381981684249522
38.83620368722021 0.036992284678327325
39.11320159895246 0.03673022241107949
37.95558467048325 0.03789218059948286
39.52694173111456 0.036369474779240414
38.595774642113426 0.037241280330828505
37.606692242461804 0.03833933320756242
39.40459030800191 0.03649296680768048
38.26313961092949 0.03780932900126615
38.12013106023507 0.03775516440796991
39.80871960191863 0.036157944826161637
39.7633751307919 0.0363431652045454
39.8815477518904 0.03621696620183266
37.938368239224914 0.037992468374371445
37.93523281293143 0.03801658354734389
38.694112368002585 0.03737955140337077
39.58848401091292 0.036377087692852694
39.24510914962899 0.0366759253663478
39.75252764582748 0.03628538789555661
38.24651135718501 0.03775852300659119
39.70344399841299 0.036319095750322564
