alpha mmin delta_m
8.1859293279575 0.9673171903816453 0.6073645513812648
13.17019658930134 1.0589781694843665 0.7803165928189205
14.376145132591542 1.0394913263665684 0.9950742060466293
11.112948633464867 1.0214989890567632 0.6738517120333812
10.47350819007901 0.9546141267421706 0.911484375536168
4.436595263125389 1.1141992970244676 0.23734543467315297
5.602835550886638 1.140252180250163 0.05310085572248025
9.182887129100573 1.0169149759153622 0.5504923292786587
5.192109982693733 1.031166589385645 0.5232137203728542
10.310195234751408 1.0861401865199278 0.42810009185380526
7.505530800406913 1.0838148957303126 0.5607216091535653
8.372217456718385 1.1504078800298791 0.16612711684267606
8.632374245883064 0.9405863123321611 0.8286522356931241
10.60709543457659 0.9606123131040287 0.9488341737511334
11.557927420086006 0.9755232315747742 0.9840042046010828
6.05620090144339 0.9419547614080804 0.7691149082858204
9.427546268284258 1.0570932415699565 0.4481664731035973
10.221953342041418 1.039680235453459 0.9171437314215825
7.719052978692989 0.9601097087892236 0.674997048891021
8.952133686157465 0.950073700592254 0.8365369816890577
10.183018407720182 1.0995342950204732 0.4395460860939117
11.06796561198814 1.0357286793731049 0.6949810175026297
9.358337041829692 1.1217762651480543 0.27866146550697257
6.408354531375982 1.1025280850752033 0.16637943482049666
10.523169675789221 1.0791547353857145 0.6126614673234455
6.753319328781659 0.9196208375437043 0.8942387730493704
7.040092268842104 0.9352800988385178 0.7540002234477823
10.113021594418537 1.0387983885392043 0.5876346050216372
4.785077063252448 1.1374249448993825 0.1900129983592267
11.144152322289095 1.0436753471233378 0.6910137982881871
6.471466200517263 1.0743401102479857 0.5164508962016665
9.612859974826097 1.0573876504519517 0.7598918321589094
10.052817790946476 0.9714127386965382 0.8638887463657806
8.925872686745326 1.1110996562089739 0.4425697173725935
5.762920207115613 0.9962410245120533 0.6330906328726633
5.559848315544148 0.9713013705759656 0.5718727553053216
8.677163106383928 1.0300954519092886 0.8431274650041686
10.536682699114415 1.0421057126695008 0.6328432563852444
7.8681204706624115 1.1191822524248034 0.19375318498617464
11.830140028073398 1.0415822251486309 0.8957095365106019
7.714071472826699 0.9618485393905746 0.6897853927857958
10.190183988014832 1.0640124420494947 0.5309687486899458
10.856335447170864 1.0383875981927428 0.9214957604750639
11.343588244953338 1.0324857906795821 0.9881976072713985
8.812102330753659 1.083090672793983 0.3369737054252275
11.326440401141209 1.0283640828515557 0.7908966660281579
6.366126466343621 0.9640634375906697 0.5999438492601699
8.355871177870304 0.9891850895217581 0.9877222678861685
11.121623396339977 1.0510356298200172 0.746847555243487
6.517179687849172 0.9465333868058421 0.7781409291119692
7.30857250057557 1.0010079000278895 0.8100886164633088
8.805501314558457 0.9801801337633372 0.718964026435689
6.659832582560842 0.9464938032898743 0.8100076304008461
5.000868873863245 1.0390490890857196 0.42495790232097846
5.115377025708382 1.0787561953732308 0.37427828037980704
10.277955142982366 1.0590268771998943 0.7208529681755038
10.897600023814748 1.0405596920923168 0.8686467931827613
7.199299450899309 1.033961247436902 0.6818717169681742
7.896405834303055 1.0846561656268312 0.2841452902769502
9.288182675249669 0.9781916916345952 0.7860721809554405
6.422551047769421 1.1615480426756088 0.11148692978417915
7.160369997494644 0.9733842397369468 0.6177239184283868
9.846118738458593 1.0766667942721648 0.58858222829996
7.359741651929511 1.0474970614479249 0.3575666147670521
8.272817308556068 0.9591103407559362 0.7830648076664233
6.791685581780168 0.97641652142877 0.5816819898685812
9.179742507729065 1.0760084419856832 0.401794622846164
9.888254041499506 1.0802472975900388 0.4947260236648698
7.242877954862529 1.0187676954531113 0.7307527378875402
7.249767629965119 1.1108494866383984 0.19369189025955075
6.118094242561716 1.0109843060688994 0.6237154516067654
8.488188940708106 1.0141021718448235 0.8671686025850601
7.063360767950021 1.1335822204571122 0.3094277759986847
6.777583156727623 0.9876543356763271 0.5357736481799835
5.148283592059508 1.1073151620710706 0.30242142118447685
6.739921186994675 0.9742585085524419 0.7738589233408503
4.78944073051696 1.122225452693678 0.16304374170768504
6.67153324055236 1.0218092192852406 0.6572263871615904
9.050801287481892 1.0932016839206782 0.34717196080317164
5.69612401336404 1.1542778125844342 0.15567758768256357
11.25468765207103 1.0279338289125768 0.8495997424478589
10.357971143816284 0.9924755177376893 0.850075438059091
5.8900638907017395 0.9915768330807411 0.6030053545817469
7.0918701407511 0.9492771257749509 0.8232555724710041
8.695602497433292 1.0620957870579668 0.6488157935816531
9.399796267988565 1.0213357176133424 0.6298592368495777
7.677279163787329 0.9361138555189844 0.9879759332845528
8.84239835899043 0.9441055028902952 0.9330717094564552
5.143951891226482 1.0887951597407666 0.21070817408183964
7.971426848321158 1.091707137997099 0.2778094646551043
5.463491673839375 1.0672489848750604 0.2578715114391472
5.815516821846071 0.9875223633633102 0.5546589155973042
7.105210042062094 0.9514939843852527 0.813852478848451
8.942697181443709 1.0726468402165357 0.6001223813125542
5.764143831530136 0.9907547572042419 0.554607233336446
9.488099502457848 0.9480596780286973 0.9789421606595491
10.15476738145537 0.9916557638075776 0.8396995331035282
7.716479429932882 0.936681418187906 0.9364455014088581
10.936494456598062 1.0320884413660936 0.8720238296865573
7.238666973010737 1.0695502761290507 0.5481443683732589
8.69527930969936 0.95243161545841 0.8826002835916027
8.568033093507598 0.9902899875239597 0.9646050632046722
9.15359870961386 0.9426112674993946 0.9796877045061989
5.210873771894168 1.0254590365735352 0.42630043548004515
10.626060030499989 1.0382116779071688 0.815253776561163
10.51272941985966 1.0419058573254463 0.780843083489581
7.880011616603079 0.9365718511749541 0.9369440747455298
9.218582683186844 0.9639255603026127 0.8752192324085171
8.347338236425722 0.9299520583645837 0.9981322339886901
8.62153779098572 1.0065642998442859 0.8947158880930867
8.274558976999767 1.011225492074157 0.8396524614873587
9.903406879010427 1.0329701540251777 0.8454088451171002
9.550182891441588 1.016510712201763 0.6769211532264273
7.924852994603315 0.9628220824339033 0.7664568108264375
8.34968858684027 0.9797109170001508 0.9741787697138201
5.9350127549715666 1.0023802766405452 0.586308361500785
6.917996210393497 0.996578148619167 0.5228203245921704
9.421604065077648 1.0261087098259347 0.626935111649697
7.98850141874286 0.9708488007329179 0.9516192481585936
7.962306476101709 0.953070611019251 0.8316105570305964
7.139288868265625 0.958558137331227 0.7687256992528648
6.978825049406241 1.008706798264573 0.7104647303026634
6.407757332437207 0.9910516412709672 0.5237415264555078
6.147318522034153 0.9834171937083238 0.5753878196635117
10.40909342060621 1.0064979288119809 0.8202522626145442
8.17772650188523 1.1397684664355636 0.2259267997819243
7.5594916894993105 0.9996950409621733 0.8013159384334724
7.5594916894993105 0.9996950409621733 0.8013159384334724
5.1893636709749416 1.0501360621100608 0.3235121687795996
7.087191073464652 0.9630659550326617 0.7270824719441197
9.227238364085212 1.0350113582951412 0.5728258645218752
8.321103882283975 1.1244542699445201 0.23615600590456853
7.761219654597047 0.9959962670136585 0.8341638982700847
7.842623487090968 0.9808501202218406 0.8930205320312464
9.133528941461444 1.0372696184503916 0.7744799815938943
7.834353529096557 1.0082539315987673 0.5463322225608589
8.701971557783208 1.0453061327682756 0.4806834572855863
8.93318607745869 1.005946549841794 0.6624823546514004
6.430948225925393 0.9836481484505835 0.6692292842636463
5.20924990806099 1.0393092899764016 0.418196833311524
8.791296433367116 1.0856740294522285 0.520758982049989
9.206350636083002 1.0955643419205785 0.451216114699953
4.925280883326909 1.0961092984378333 0.2754436255098964
5.896058471917613 1.058746788484346 0.4766264333170808
7.0244724472780025 1.1531126310276338 0.15847330710427704
8.286820897783262 1.040036888134412 0.46315001215091844
9.780430188287058 1.046995784228827 0.6103283685509564
8.120279217446734 0.9836275880455793 0.9143863703328707
10.459730164404935 1.013613397472833 0.8137322780458763
7.561378269701933 1.1028492378359094 0.23735818482845034
9.718943696019718 0.9817073364296459 0.8591678082981113
7.1327880415874905 0.9654527034484797 0.7375337485727155
6.862403108334551 0.9850444063300299 0.5875101393286972
8.882539852378239 1.0435151177472093 0.7222736028351209
11.423407047843806 1.0092359163136104 0.9869050303019882
9.78267760431371 1.041654081380172 0.7593118879664251
6.7155413522005265 0.9747499288317546 0.6650926895727993
9.054966691400946 1.0311106234697802 0.5789165509305627
10.029777990193164 1.0072680103330447 0.7878887919023618
5.697290731911808 1.0626531467595384 0.27934782882618747
5.697290731911808 1.0626531467595384 0.27934782882618747
7.138424521870894 1.1110605292714741 0.2004035675536122
11.16730296791594 1.014269955730415 0.9460438209448779
9.499160918657362 1.045503832020665 0.5805734023452424
5.8879244992651785 1.0056976087536884 0.5575699490270444
6.980030698512502 1.073478881758394 0.510486930662558
9.930966264941201 1.0338983471951482 0.6824213324835692
6.687163717959638 0.9813502298265302 0.606359328274765
7.627912173411556 0.9554707644120528 0.8651994101243407
8.246002067565868 0.9751392856521168 0.9546484115486186
5.261701137739642 1.1384438806544384 0.1094228192185999
7.141025605010194 0.9749492289638384 0.6685107440473964
6.6194923810919235 1.0737971697225144 0.48823549958203555
10.248726010034787 1.036077554806888 0.7780570151490469
5.830174260507997 1.0062629365408169 0.5439096879375764
6.017388122847054 1.0205993544659318 0.5607029077253994
10.873323437290724 1.018650841676935 0.8965800496885461
5.578875033244191 1.025930961456877 0.3923555617192369
9.74268832516345 1.0183746549233224 0.7151142708086891
7.29299444095135 1.145153858808629 0.1531505054755234
7.347707798399865 1.0637552839367024 0.5606505440229105
7.759587076500804 0.9609137815721678 0.8057556724622624
8.054040311578438 1.0760171142904509 0.5446064545962581
7.217783962971325 0.9902629934243153 0.7652335120638508
9.676886508810039 1.0275461876058345 0.6745445599675265
7.770827996405952 0.9707753097586862 0.8869570955909085
9.197039980305634 1.0886179318751885 0.4146872530352582
6.507240401937642 0.9989820245192315 0.6533166409528779
5.916949664797727 1.0987105698321118 0.19300627603410014
5.403205231996081 1.074002047574766 0.25554537122945736
9.884649672044457 1.0468029198236917 0.6675124684136983
6.114196229915182 0.9934892616171576 0.5779106404240436
9.822421948302361 0.9997019167873433 0.8032133524849797
4.978465898043398 1.0865448497937344 0.29052516589285116
6.384421507683374 1.0896780627353033 0.22543055463944175
10.021069296588166 1.037692674380085 0.7581007431672594
8.26544727544091 0.9921750705846126 0.8857859895168887
8.545628379453692 1.0168366441174894 0.5907718954066739
8.600076169983621 0.9626229470982712 0.8615830548679825
6.0079895668499805 0.9969018437141189 0.5380018828078623
9.093551434879126 1.034425360088038 0.7668120054561912
10.402076634523512 0.9858587622026043 0.9334614662249956
7.874215688815287 1.0004246541619126 0.5993013025628815
5.176296206990891 1.0593794659703564 0.3776446390508741
9.697748207885374 1.0340729445042762 0.7894609126961397
9.17992775791227 1.0496284795553836 0.5343026183980711
8.551856089656125 0.9537910641529957 0.9166642154598688
7.506116381217659 0.9661982630257241 0.7840436505175523
7.745792143659026 0.9605796672757906 0.8460598574789362
5.552096656417543 1.0183708062836214 0.4436967387286304
6.048760828516098 1.1136374932573907 0.33392070330520157
7.895647102070367 1.0618926042502537 0.5897272453584295
8.308632958994298 1.0877617264937574 0.49659558675736204
9.769776512939174 0.9864297034269455 0.8631636875224992
8.967216730341526 0.9835197006547342 0.791952100057822
9.606407136124869 1.0531136989440897 0.6499358384792324
8.00663767418412 1.036085559991718 0.46484731335153034
8.323047326351642 0.9493459885137431 0.9994442676629438
10.29308137043664 1.025558542484853 0.8295124644359428
6.291214226622575 1.0347863506952037 0.557285760461512
8.354207580125966 0.9805674612489327 0.931954674882267
11.046483129013936 1.0081471519211453 0.9995994075995374
7.918319973864671 0.9938974448543766 0.8327534016663638
7.0741261706033 1.1271481275785629 0.319845522297239
6.836961870201829 1.0045497331127538 0.5059920784956182
10.534976921623121 1.0099818185108997 0.9809263562463325
10.74338312714929 1.007794897627025 0.9143015304863146
9.141453142934335 0.9883982325769383 0.9961595420104139
8.885521923137798 0.9868285680119342 0.9728767890685832
9.351518220898193 1.0415441364306666 0.5928503918541969
10.227794013966232 1.0187371930271565 0.8033430670277356
10.359125207624714 1.019847207487386 0.8292929099048952
7.3915527502969205 1.0195605821498819 0.48111649001918255
7.412852787101844 0.9994730214439492 0.5701937443842795
9.286181642704653 1.038048567335519 0.7461511943879782
9.283446658924642 1.056321630428441 0.6422432508321931
8.150596092436599 0.9956201136950774 0.8507294864031861
5.365512492542544 1.0516871861709827 0.3260800716668852
9.15209067533418 1.02615936335933 0.8034543964142864
5.015798001194314 1.0849424844198765 0.27489781334039814
5.558029247819858 1.0225483773493484 0.4667068146802187
5.933342452198286 1.0333769544273275 0.5188539332222614
9.17305499571522 1.0862481242539772 0.4399250010401078
7.675518369846291 0.9912545641438432 0.6346936757015159
7.868363491777433 0.9627978683937206 0.8684714231003342
7.195219810047819 1.0268474690121614 0.6579096332132686
8.543376349989526 0.9856248903229912 0.7458893913369713
7.914142810021611 0.9762427860565925 0.7413719995252522
9.781842998982759 1.0264412740182005 0.714544932906303
10.937802228219034 1.0031610623126597 0.9658452399502439
6.520986695871967 1.0294660193151088 0.3975652495418198
5.3841833056547195 1.1496359765306383 0.114302299003847
9.02628152515012 0.984991690931158 0.7983975811067989
11.042733864775354 0.9989853109649103 0.9908949519468218
8.032271706074333 0.962104610583418 0.8576984971414688
10.472464338159508 1.0071269088250379 0.9901293094796262
7.954671950169677 0.9760635283909284 0.748233449281052
8.352207748910349 0.986680983939717 0.7239432810138239
8.762042296176835 0.9471202652177875 0.998805809691943
8.0136380660776 1.0205005444378972 0.7453183489778084
9.324927339093525 1.0622476573371817 0.5972598171178454
10.960450326285663 0.9971323518673769 0.9845428622727385
8.018378651659697 0.9701886033718685 0.8972849215311519
5.099451795550241 1.0726423142559443 0.29532459419324686
5.408596556498242 1.1417411653675757 0.17983716682875034
8.916858083783762 1.0335675701937046 0.5731503837848095
9.723247209565551 1.012531009347384 0.9070153772551681
9.603742780407265 1.0327764791042382 0.7749167614762092
8.072668102105972 0.999244854179632 0.8238050433285865
9.326052336740835 1.049964894477156 0.5692956601671708
8.310256566361046 0.9972982914549633 0.6689928382508946
9.169711015398166 0.9924998119045064 0.7823871777832803
6.134553247130807 1.0028280803173732 0.5031793574832785
9.77018182495566 1.0049464482825787 0.9546451690687394
8.41398394036066 0.9553871970139101 0.9384783162008273
9.881261330836193 1.0168848588350186 0.8821181056942767
9.84510151746852 1.0228419445120416 0.8390406655729232
9.09639250500783 1.0853311839561264 0.4312554646116964
8.146431070355348 1.0246391327772282 0.7369652832152173
6.417976919670545 0.9937909509173617 0.6072833491853724
8.748221484865883 1.0139596269353208 0.6394458375371948
7.30209008898281 1.142464358387158 0.16507381142355737
6.526984390953338 1.081065328760448 0.45225172229982746
8.638263524599626 0.9801908299995403 0.7925772832783698
10.866750587604924 1.000959419739643 0.9790186965150165
7.686392084774889 0.9823658197988806 0.8154302009534563
7.302641601052075 0.9851758446216283 0.7542094572464345
8.886153947288667 1.0669361847312522 0.4493001559701017
8.243647344803893 0.9905147910420948 0.8665733663855398
8.944177725191556 0.9613590230356949 0.9299962070982172
5.193895120717155 1.1397893332384954 0.146291801887948
7.426877249970859 0.9899072924986085 0.6331025535004409
6.029543069655972 1.0038998457597477 0.5232390242517997
5.877198746469327 1.0102051561720569 0.5109734292285694
9.10793112594908 1.0271788503797386 0.6289720525287604
5.735902921091183 1.1140648615697093 0.16284355124025793
8.656290926687 1.0712231141638455 0.560773907424664
8.789310714549494 1.0288551116571127 0.7579555850279965
7.612087269598309 0.9953533607607601 0.6188700044505591
8.303236001747381 1.104241671285093 0.2872544202924208
7.52646355939649 1.0839714519497883 0.4867822323464038
8.526678025993762 1.013193412229313 0.6220965369944064
7.619943232445582 1.1245595974907079 0.33104137412799944
6.0358102089706644 1.151856511473942 0.15324343903536172
6.736063235416562 1.0037573598018155 0.6527189427073533
8.756967983996413 1.0574805139911094 0.4685709374081832
8.756967983996413 1.0574805139911094 0.4685709374081832
9.093132592113891 1.0522579076573524 0.650537872644355
8.1338995127225 1.0141348996512132 0.7702776139681053
6.77773596032428 1.146009125662777 0.13247293267952812
9.53660235723241 1.0281205333060666 0.788749040864664
9.323593320097434 1.0030577697594036 0.9195455758250368
9.59674325829636 1.0309138129724318 0.7699289632224943
8.32018780016936 0.9628336147426793 0.9284740356555528
10.50608501835578 0.9972391424807489 0.9387211973391986
5.5947995089760365 1.0685545383618429 0.2761488324060803
10.476758948536078 0.9945607190122434 0.9440088770175373
8.632149506610215 0.9548643708207148 0.9812908644448349
5.16094123071051 1.1272411775025533 0.2033497212794758
5.480766736645185 1.0308483572133371 0.41942183847932407
8.618662010585622 1.0029300381921549 0.682501904607725
8.47142435658379 1.0485079054554598 0.4719624758467757
8.963636546530887 1.0953128862293884 0.3994847065395536
8.70700665559004 1.005340091783455 0.8519968165169872
9.232378695301072 1.0253412467184082 0.65829547020612
8.92173662606636 0.9680852972674393 0.8980261400948139
6.289720207456169 0.9986100361811474 0.5537705593581851
10.550022573090333 0.9994803682445806 0.9484833523396888
6.872471720001151 1.0739815826658887 0.4896305236842489
5.221481250273731 1.0574115207210864 0.34039784655831024
8.72554589747313 1.0265796919451942 0.7591550790272925
9.894830953284174 0.9985302471731501 0.9876006259077669
10.604757484626594 0.9953186131249826 0.9679308685563742
7.030591083260585 1.0790466684401523 0.4815239577221061
5.87503064443988 1.1323756657285988 0.12713043678476774
9.492250178230275 0.9962330705368407 0.8165515330650683
7.4252183210344604 1.0086069989806126 0.7161326688858409
10.569656174484539 1.0018098935731512 0.9892206668720752
8.973912716187966 0.9939739610577564 0.7686192056870391
6.969604855861416 1.1201809679366421 0.18317128860208048
7.839078372627027 1.037628333160438 0.6607485462593065
9.294613418826536 1.0182720327876398 0.8281353866366725
9.253681597120096 1.0434200754099912 0.6870148183147257
8.723696323542757 0.9776840501773819 0.9581504712611264
8.010315666016998 1.0395927085353793 0.6635896564881226
6.85690807643234 1.0844236972215235 0.45572064011613234
7.935163582848578 0.9957696762867962 0.8024266402464222
7.611285922669666 1.0352839943080216 0.44753102602184885
8.810886293775875 1.0002843298318913 0.8774464442459775
5.124359790120199 1.0797780293918717 0.3136656135134092
9.139084036227748 1.0681987157079365 0.5452152918121347
9.101599472233522 1.0655093226191739 0.500681227294896
9.45209584992266 1.0202203605304043 0.8206850980713762
8.91338682001349 1.0353186007118882 0.7227145158857873
9.2344714849424 0.9733270033935048 0.9069755546522524
9.193507283447795 0.9759718363726351 0.8887640616380715
8.819900893701403 0.973868821806298 0.8668486080213388
8.672809962476302 0.9832337299912327 0.7989469675916852
7.768465416380469 1.0116803606955176 0.7368347551015103
6.1329774690935555 1.0813286502164319 0.4221618205355038
9.087384934443621 1.075237091975557 0.4827056207872746
7.661947042510796 1.113678459722964 0.3731839842727591
7.634705330944623 1.0248211943016068 0.685245310550656
8.298584218505422 0.9994303004565717 0.6752691821725243
9.80720587332371 1.0124380314084613 0.8719127036827236
5.5230305197582545 1.076821057513282 0.3811897134628444
7.898540906963312 1.1148893195755223 0.3682470609775139
8.78621041283335 1.0985770297136912 0.41324720869310827
10.125261598695102 1.004304228544489 0.8904354734002556
8.197065651092588 1.1260800931750223 0.25055910001481657
10.386420284334502 0.9994382336590152 0.978476924608451
5.888210790271648 1.1429554368410284 0.111872933631093
8.658127122801101 0.9743149098311412 0.9451646504413493
8.208071672981527 0.9760348082590037 0.8160738125165838
9.441622583921959 1.019416166036512 0.7276123457981767
7.610186077922451 1.1139010346444933 0.3711414574175056
5.9103769665833745 1.018682791430477 0.5098672857811536
5.9103769665833745 1.018682791430477 0.5098672857811536
6.38629241707792 1.0321259405077252 0.5558953192155026
6.084810802111594 1.1523007745259142 0.13687367771186668
6.801187534648147 0.9945454298119585 0.5922182085477121
8.876112380713865 1.0070482997165715 0.7051666507701716
8.060336542571305 0.9793421799905975 0.8360291342005622
7.192200334968062 1.0391331100770516 0.6075515706644893
7.789256463805836 0.9806161348276714 0.7730425276475575
6.464612481142508 1.0730058431660479 0.46477310878428596
6.464612481142508 1.0730058431660479 0.46477310878428596
7.225084757566021 1.0730027384027054 0.3082197836182213
9.677564772677627 0.9721115323704178 0.9681016502745184
7.058158417225441 1.0379031898592264 0.40440034935403696
9.159987909796524 1.0340751419686443 0.7261996949986692
5.292212590776787 1.055206855399277 0.34598043927263117
5.252641898751868 1.110029294273106 0.26996676557396954
7.682318746543851 1.003722527835364 0.7452748397396628
8.467314144287263 0.9895137503522201 0.7519557768656867
9.24558299511616 0.965723351600047 0.965186828341586
8.404886611801405 1.054318092187618 0.6177977189528115
8.931295555289813 1.0147348891279364 0.6788063549765678
5.421942939315343 1.0435145009157623 0.373314345483098
5.183154782022486 1.0957883395018613 0.23225427657964035
8.662664041046927 0.9789258207245425 0.925392355847363
8.792428957641237 0.9757832725172934 0.8666877910814074
7.456563685592267 0.9899873395551353 0.6626138212845875
9.187378866510244 1.0306211552026352 0.74232867300719
8.697887733168399 1.0917392503226668 0.36429886912658044
6.841962979259009 1.0008615591400654 0.5525963641170327
9.09144405050141 0.9874255503192603 0.9469610935663443
7.948798499304512 0.9820097200994283 0.8069436485181751
7.816017856152396 1.096620669358561 0.4394279844919298
9.311808182301487 1.040590109246324 0.6532573186915586
6.321154457938402 1.1184141369118221 0.3218541148163018
10.036041617308879 0.9748819989409536 0.9998896887530303
6.3216515649850145 1.0169381857466546 0.5684829249368484
8.937249289430781 1.0392074061493566 0.6927232218854236
6.650341992363767 1.1348153159205023 0.14564610335296885
7.588417827711758 1.0383957939871735 0.43933393475130367
5.491463368383419 1.070299475140765 0.38708264092416855
9.455114672620475 1.019285961832101 0.8012482732831481
9.786777725301583 1.0051378546108465 0.8972709326999955
9.054106826276845 1.0398281450833917 0.6887241548841955
7.797868307511862 0.9848641288486639 0.7770881279699052
9.242549045267843 0.9731934803630287 0.9308005174023742
7.305383659334614 1.0325037652296976 0.6314153708515488
8.237112461540425 1.1020483975519078 0.294617352331243
7.921940347965675 0.9880786555927219 0.795795667330098
10.308715124054919 0.9887366087847689 0.9856525405986655
7.843619762209281 0.9863319633787136 0.7278563552601655
8.054000811900224 0.9837273277883186 0.8151460508138884
8.69627508257725 1.0431860747251456 0.6680198181471229
5.659611387767441 1.134975416968346 0.1268522593872956
8.342511730387844 0.9822767265308472 0.798854584938054
6.759020999379439 1.0102146066188296 0.6268090923583568
8.755947780433823 0.9939726900226384 0.8765102486161228
5.467224807369959 1.0690435220159755 0.38516840500490374
9.512070096508149 0.9829442664811073 0.9111012625789656
9.646784308077644 1.0072957735351955 0.8298377780656437
8.529952885632147 1.0453596515253472 0.6528369614192278
9.085441339939576 1.0360378885979988 0.7026079940708307
5.682276616839669 1.0431304683693097 0.357929577950744
9.05379074597138 0.9676589420030827 0.988037281027408
7.975918765654665 1.038976973975205 0.47199969439833006
9.01526767691716 1.0538541174689737 0.6102437902739501
9.039092933961548 1.0635945505369402 0.5504008438803144
8.63279846350973 0.9901352866143506 0.7796121157371761
8.827182356163922 0.9797396534351458 0.923493981776561
10.148993754624879 0.9913019457476039 0.9788575384626758
5.9250840018728965 1.0725960690840273 0.2720205807510434
9.519643559811676 0.9830170237433083 0.9185650877184888
8.920091086119513 1.012599284011786 0.6995627869932732
5.173871598858762 1.0792537014678651 0.30094734603542417
9.765718205887344 0.9943822037796652 0.90343865530603
8.935928082742508 1.0593267587156288 0.5850607392265604
9.374393468216212 1.0153113736306194 0.7603361269365045
6.22986251877254 1.1483055665458792 0.1750142883860604
9.150314557780645 1.0401338767382367 0.6692757504332898
8.379903412963055 1.0718447409930612 0.5387841617115066
9.343740535378936 0.9903278814472866 0.8639766330547318
7.958522372312487 0.9957644764561683 0.6813140898264581
9.56012131019991 0.9981871037662786 0.9123916907402304
8.960446809910692 1.0106907104418812 0.8163542558504167
6.787108006250309 0.9980303183822156 0.5933861142912549
9.259253666452235 0.9684028346003898 0.9932330174608427
6.512623213471249 1.0406463670778563 0.543445461588349
7.586909579885477 1.0305622216506058 0.6532668813831715
8.232169136473848 1.0153034155718355 0.6052271438710536
6.339806031903638 1.1363679496879977 0.1350384155489698
6.3868459600645835 1.1464756239316096 0.193099212631462
8.29003839806688 0.9889478106817358 0.7627220441934529
6.973603641890444 1.1271805442998633 0.3061787771217111
7.63683909701143 0.9922566255963174 0.6824261261463105
8.18983793951552 0.9857048475700447 0.7872388132867915
6.937842878380582 1.0356621058527304 0.5898920689327927
5.182724191224564 1.1223810996274586 0.19670518977997384
9.68922339117322 0.9851924952733169 0.9960881304656026
9.881988468024334 0.9902992576918431 0.9538585557037723
7.722132762627568 1.0021111236284266 0.7371126268371365
8.498366297714124 1.0064872672796064 0.7969246743141661
8.62219397055441 0.9919305113759674 0.8545156482529496
6.0600164455516765 1.015205565239684 0.47645385227685044
8.904184875340981 0.9808621247854787 0.8873076903836891
9.631993787038652 0.9796398781417014 0.9623061824308115
8.530408492553892 1.0716127491209717 0.5369798145483051
8.53789543513868 1.0728081790322248 0.5317188727846287
9.06629735493247 1.0084011978195555 0.7474649598775585
9.0864705588235 1.0267132500186642 0.7373883056088618
7.865681599800176 1.016719119617554 0.5615685787745441
9.46995208092247 0.9978358715440732 0.8950250859483289
5.38773432850712 1.0903822337116658 0.23613236174712934
7.707584646536269 0.993769505011814 0.7423474670527865
8.958366213918838 1.0037356406592477 0.7558204785535216
6.2318758403164 1.0176152861003387 0.5449531567982321
8.487994869214834 1.030386698233396 0.7039185146999007
7.4464807805067625 1.0390246202822122 0.6160386270525036
5.8865442114418265 1.1205842374212 0.15833722829059801
6.683722957509369 1.0344434137081837 0.4039769150396316
9.518359310844401 0.9889946725620713 0.9332407917791041
6.20534918559207 1.0575681776314736 0.47779351529030273
7.270268224141967 1.0159897486064713 0.6612080624232463
9.440015393627244 0.9824030579493206 0.9572034713401084
6.70469590172833 1.1469696339626039 0.14655598474366935
8.841282147057651 1.0106511180116067 0.7102938050732839
8.955563355150787 1.0330305373740802 0.7012872830800354
9.366582629075017 0.993729726285971 0.8796249643683366
6.155533074949192 1.0905016983334288 0.39283524516327656
9.309806950211975 0.9939374591086643 0.8676262956197129
8.234157760708278 1.1213508387356055 0.2676866804175417
6.867088282195361 1.1119692338729612 0.35888011916627893
8.196986881223694 1.0422476249144648 0.6447907344527062
7.6208870741371015 1.04892056151273 0.4099838994097867
9.020288742037035 1.0047040845703712 0.828759638025272
5.711817902982867 1.0316046519209308 0.45011792488609775
7.545635812077082 1.0027323831355373 0.7094794589230566
9.083700180353457 1.0053418769814877 0.8271277061915638
7.444862669113329 1.0676029664059563 0.5255407287801745
8.942449835071919 1.0332513392727238 0.696390111370176
8.898662174209877 1.021133520317567 0.7519422186865282
8.908049759174144 0.9986112625639847 0.8425002228615494
7.489766586072136 1.0263532906614146 0.48756944015784537
5.226884612385861 1.0929818814999863 0.29546284384704335
7.234377504005774 1.0685716154446514 0.32598397295659404
8.582996828785504 0.9980242942607465 0.8163424498953937
9.030533265003262 1.0419968541867526 0.6260807535063927
6.545955796259763 1.0061605318270515 0.5377224596010227
8.259195507344963 0.9917889031691136 0.7840599218470231
7.752262173286622 1.1047419044551812 0.2622123393961746
9.018464123637699 1.016277586430708 0.720580080352787
7.2090295856805096 0.999063343213805 0.6157808056253136
6.897166798562903 1.0021201488100089 0.6252481011663238
7.195451681120879 1.0046316406445224 0.5738655405417971
8.082335706569662 1.1190709077011718 0.3357352502258375
6.2188411425080545 1.074515113693348 0.27461830662038805
7.678477233226282 1.0697168474848566 0.5260415294970295
6.671666622704549 1.0275971509237345 0.431521488596661
8.9558290192285 1.034983249597236 0.6310879948910447
9.011935812915302 1.00266219203553 0.798549232586691
8.868267342082298 1.0034328879760277 0.8123527607213794
7.803359302398297 1.1349621535348549 0.246861635453717
8.00959463437177 1.0003970938259743 0.7521053099204839
6.1300767825084215 1.1205045047568993 0.16373617548748942
9.01979620719085 1.031559774557041 0.6789898711248304
7.623031010440121 1.067910919496822 0.5294576282453075
6.332600131520193 1.0299325745296097 0.5389041985876194
6.990130209785505 1.0603264178608485 0.5227581261988932
8.90856633970622 1.05456129860889 0.5779307061437271
8.978445781228507 1.0109691330605544 0.7605440034435463
7.149691246579383 1.0135037382208376 0.6460759187766236
8.989942498369986 1.0125110089746734 0.7595532815648078
6.749769417055175 1.0299789176084508 0.42731275521883116
6.060741706481833 1.14124766505771 0.20929394647831814
8.660909977485115 1.0220332510427665 0.6425169366091067
8.157900980459972 1.1237208544280624 0.26389397323877584
5.5778252768236225 1.1194386541663834 0.2682937810333765
7.515492149037245 1.1191638289095382 0.2210880884937122
8.959024101693325 1.0271426043308414 0.6863226059589802
8.449871735312385 0.9992906734047802 0.7503886096893104
7.2564177503952845 1.000108527190575 0.6261557244799573
6.975126850010083 1.0386728789936346 0.5774786883811186
6.990390464022125 1.1167307442787207 0.3425869839183348
8.89675598357285 1.0448134454203848 0.622090196747739
5.63551306691207 1.0480157334981561 0.35423811681708933
6.385941096732701 1.110769850333805 0.3432451241644847
7.064480189898278 1.0932280744679022 0.42495347965393226
8.822967259989461 1.0170834780726845 0.6999888343985079
7.973321580103976 1.0030920537203187 0.6649276435163092
8.408141124855034 1.0455076810290242 0.5041149738100643
7.77328919458213 1.0180302377710926 0.6881982833499272
7.834572400120541 1.022510820376337 0.5422400663929454
8.807290059033003 1.0096617368093856 0.7423874775926084
7.89687514552439 1.015827317377134 0.702347446586438
8.70868697034481 1.0079335305980133 0.7364052746979317
8.659679575862134 1.0959093104251616 0.38453997071847995
7.446564280018883 1.0124727841543113 0.6711683661869515
8.00386678306246 1.0597045245036127 0.566810566472681
8.834984880665088 1.0536943834869528 0.5812168500792699
7.793290676507549 1.0014347641689503 0.6656323699615797
8.589999094484673 1.0144404422675362 0.6811537857567873
5.447397655412228 1.0534054104091493 0.3792579665849943
6.0931450199815185 1.0250776531277461 0.4346494177497392
6.2535410306662005 1.0852425105132277 0.40888068845389397
7.440646128572693 1.0037796481650059 0.6765805019576144
7.033670415914033 1.1112144388007348 0.21473227520464458
7.853360648238306 1.0298585638893716 0.6579536911149159
7.09560251676675 1.0114745526456543 0.5371897222005743
8.215974280031142 1.0124170328981672 0.7295970991105114
8.309477877496434 1.0237227379077005 0.701463099435224
6.179681349719916 1.0175012636784797 0.48095045201798026
5.980506494977554 1.0595330547554342 0.4473705457628574
8.412377584318362 1.0616634614543228 0.5641739139194427
8.00664592584108 1.0013287046884174 0.7251750251715042
5.228316590524365 1.0973842031654197 0.2502211373650439
8.52263276056032 1.1066791045505249 0.3380119624813485
8.216433957208716 1.0744639911582716 0.5140817048836404
6.62480744231439 1.0359386119174718 0.4031623610831449
8.676356331057406 1.0184930998500632 0.7255601632077079
6.419368511248955 1.0173088097765408 0.5518977397040923
6.610998884405253 1.016072634863818 0.5769147073335783
8.642819347071127 1.0207746296635916 0.7175344224709229
7.403768072561219 1.010185332935563 0.5715033271456612
7.950276710935428 1.0232084145085487 0.6803562718625285
8.688828240233594 1.0799034220497545 0.4702759876890211
8.23056221294155 1.1023995674429485 0.3048027288375429
8.011247997487075 1.0052556500798169 0.6699674768978683
5.335429410351681 1.1288631667483318 0.18714507685755946
6.181798162327642 1.1160894419489733 0.17737232652692805
8.27165220956999 1.0269470562227165 0.6841201286619942
6.578325932523446 1.0098530162782997 0.5560293688513708
8.788620238626597 1.0569961275405484 0.5408394256792133
8.084132671512204 1.0086782487115609 0.6573764637256544
7.46372711278412 1.0527321535798198 0.564860548389414
5.734797424732838 1.0581439462030577 0.421962771023868
7.364840297801377 1.0825299948734997 0.29943705656558534
8.48324674391716 1.0141530225741808 0.6827940040922598
6.951347349646555 1.0095017530507198 0.612225225273479
5.581248393123982 1.0582544965060672 0.32843793863983917
8.752524062892924 1.0434914306233245 0.6157643275488177
8.317069733941889 1.020334504098659 0.7021295784757071
6.653493384256162 1.0428115470938892 0.3827109632090482
8.53533761772676 1.014733616864517 0.7131348556774879
5.898723818410987 1.0343640494354613 0.46754716288017034
5.942650534525159 1.1030078688438607 0.20484745170407131
7.33063777126768 1.0080250524464078 0.6492055171009169
7.509038023435352 1.1373578038450582 0.23263369675671103
8.035681658642549 1.006214025164227 0.6954537840010405
8.414969027783217 1.07096694308562 0.417598802346836
8.446068573878085 1.0204706745052876 0.6993280218027121
8.354357465827707 1.0185796956314508 0.6427414696804461
8.07406721830106 1.050755685337559 0.5924373477788031
5.894827645772741 1.0505777869509534 0.4497040529944279
6.186676358458291 1.0223308497233135 0.45961356293327515
8.499991567398816 1.1003510802986693 0.34946073395725025
8.467624558293736 1.0208166876070202 0.6950031717421575
8.39065133237425 1.0152008915672734 0.7036736388704168
8.633240118102693 1.0765784293426912 0.43733747666348544
6.145295983094339 1.0222856412154715 0.4968701920283039
8.624738634237751 1.0370569924590236 0.6403501640055324
7.38604742788665 1.023980919928972 0.631531284428806
5.555097116318166 1.1079173713869184 0.2948948623943742
8.483991860469065 1.0433409866638286 0.6219049551437905
6.191245079185185 1.021526724495999 0.5034387002021289
5.885132189896433 1.1381795567346729 0.2081127435818275
7.152055916762746 1.0075625326856728 0.6161392325439505
7.011021286709427 1.0079649311220396 0.5944884088670341
6.673283753196197 1.1428867578875637 0.15525723918395012
7.236185727400256 1.0124481533810188 0.6319344205789776
8.231963829099172 1.0387091277963754 0.6340178586765112
8.691026261645863 1.0554589865295458 0.5395893890650623
6.194726785249976 1.1159747567555363 0.3136813507947037
6.534398432649478 1.0241955547614148 0.45444804624070484
7.904639622904604 1.072175595100021 0.36487007118980413
8.540921274151355 1.0392805849836897 0.6303654150139212
5.812343896482856 1.1430369657840165 0.16815476809934218
8.383763891210842 1.0191754057058282 0.6597350835225776
8.302972962519297 1.0169727178330552 0.6883526613134863
7.124482769496694 1.0085859572047107 0.6044164264811323
5.765012840567156 1.0440278043099445 0.4352047661612688
6.9055858161108485 1.0560580390668404 0.3545181828402529
8.174681515644885 1.1208650964936646 0.29213266304149954
8.18967808847537 1.0404918104643914 0.6241072740467599
7.122483362004834 1.1349781704727662 0.18379416009186003
5.319382620241983 1.1178578603079696 0.2033858656998283
5.981731680417603 1.0362520515311617 0.3990995205072561
5.69546709959746 1.0525527084439792 0.3474680337953645
8.277584881408687 1.0251702901626285 0.6061339486783208
6.2999183043576 1.1463463581144604 0.15792281519592222
5.940550175378597 1.037686982128894 0.4644262860219436
8.035975738403366 1.0549057624516476 0.5718695557360824
8.614969817494607 1.0453782356659338 0.592109536003339
8.19045881598543 1.0214708369197831 0.6154828480236392
8.517976023766519 1.0461183930708873 0.5412667745276112
8.086313448876602 1.0135566618305338 0.6691616204830761
6.673207143713812 1.030716882501987 0.5546343851708596
7.550009295961658 1.0127563172616914 0.5926506546724823
5.503295438741775 1.0846918681092812 0.26128801621350006
6.848287903823039 1.0802406079805877 0.4487910347197823
8.064480204627781 1.1237595860392784 0.2881929802518148
6.552040986422224 1.0493679464753156 0.5088286571999885
8.355193599377767 1.0233860769783847 0.6602552642997611
7.075932165788011 1.0271835088818309 0.5940031614343249
5.929106430179726 1.137334167682598 0.212201520362294
8.436333628310656 1.0831690889960226 0.4599330225693186
7.616217144344944 1.0108968281573394 0.6440891739681609
8.373860651910983 1.041726112290271 0.6167341477949216
6.291889468984568 1.0209466393434283 0.5017420796443487
8.180747872416534 1.1104971923786104 0.35453209681206965
6.782319814549375 1.0250427054220426 0.46572848154278323
7.3672310335561235 1.0271800527685906 0.4954464940574472
8.146872188635037 1.0980335482344845 0.40986964885858523
7.213123256269192 1.0554005277286937 0.37421018654520943
6.397056792346897 1.079482774309248 0.42569226833847434
8.579136970639048 1.0540533726053092 0.5556171051214325
7.814143823114891 1.0375410307657145 0.49023629258406715
6.916669354481222 1.055132266089378 0.35975531977082115
7.373923360970567 1.064884166285989 0.5158395625605717
6.695557686756393 1.051224193344322 0.5140565539271974
6.864449642573561 1.0165899464814783 0.5192456029726785
7.236127589740395 1.1009508543680686 0.3955917813918368
8.24384050024911 1.1025394278435636 0.3159122214495787
7.347742194499242 1.043798470405835 0.4248384698830267
5.870914960272721 1.0569835958507967 0.43000721940484304
7.3372539096779725 1.012849049100937 0.590100092596173
7.005261950451926 1.1082260324392443 0.3646822733578002
7.7506929684404735 1.0632422483850856 0.38642190972920193
6.314634813628434 1.0386482127960106 0.3947736846030726
6.891206744602931 1.0264456820896752 0.4683494981110267
6.378670750436191 1.0283919353433844 0.4402365113357637
5.359763091967164 1.0929286973871828 0.2950017974130433
7.454747406974372 1.028218303381557 0.5027816864708314
7.011447811675952 1.0319474557603698 0.4515519023466551
7.977039655979933 1.0785545556517546 0.3565196968694722
8.052473164044152 1.0331078591293381 0.544736192542812
7.869769769811249 1.1072052885788835 0.37500808357648785
7.794028218029743 1.017483844727043 0.6392962403282589
7.544458713912748 1.1140350473306706 0.24208602944138805
8.51665224170688 1.0595556579341485 0.504727950886506
7.687460803847548 1.0160195307027575 0.6121932730138746
5.660141850040048 1.095970121181778 0.230287158812051
5.594664835149519 1.0534315153631182 0.38032282620951247
7.313039411159073 1.0266778955650666 0.6039708349045925
8.395763352667611 1.0981962965321304 0.38380372602049706
8.101340974210123 1.0244504777241463 0.6369647765302936
5.398183313920965 1.0789521763030534 0.3226798029659877
5.57974520056457 1.111655664459179 0.1964017315618961
8.166900980136983 1.0980086741074562 0.40375507629692736
7.0436687831205145 1.017146368666267 0.5382067207179296
6.483739249497388 1.144157050400363 0.16924149585092935
6.557263774499901 1.0393347571136111 0.40129163094776227
7.857217999345574 1.027659070263358 0.5530990602165095
5.760679134493403 1.0699536414959183 0.29800915261736005
5.687478086684049 1.0552168615780833 0.40272142674435973
8.141512346406431 1.0532634761881476 0.46709431520165945
5.638905121867182 1.0881496461673215 0.3440354202185954
7.801885202976729 1.0533566238241203 0.42979102439487066
6.732491078900598 1.1026752810199851 0.22995931529062363
5.43071103064837 1.1007045999008072 0.28842976946382703
6.758681448787922 1.1036459678276809 0.22868137855613438
5.597160999852472 1.0623245405275201 0.38093226446841016
6.682127917961644 1.126800218836985 0.2878471454896836
6.116324834987603 1.0314320971182982 0.4738866400334275
6.360819771929426 1.0411298670107716 0.39009946063433604
6.223108798523464 1.1406094296656688 0.14712285210664147
5.974433384757683 1.1422409868407848 0.1484684449548587
7.970111632100874 1.0407956729242918 0.599316790895272
7.165184014169499 1.0264521192104834 0.5887535620584091
5.466999673622995 1.1178299936436142 0.1937182568988387
6.381473402288805 1.0942241300670732 0.381576528554871
8.320414177361448 1.0936569490872734 0.40924003694412536
5.885570292742951 1.1090252805711158 0.31137225861906526
8.344221341891961 1.0842540154817595 0.38458848094871473
7.622072227894119 1.0188771701764399 0.5941562046638266
6.082559671124576 1.0486422499677177 0.45942835895510165
7.336634508140737 1.1274577412943971 0.29119390375529947
6.018431372135181 1.0754167388117535 0.40422160571785265
6.843413625818439 1.0221943096255246 0.5609760610263257
5.884743956219465 1.041199997225503 0.39875848457792656
7.5272888309478105 1.0605306354811919 0.5277339768875129
8.389382221652271 1.0909036872160685 0.41045930490593036
7.319585168670153 1.0171865046373532 0.5858297857926804
7.746788359672866 1.0497425512286138 0.5660410386050206
8.062969602680951 1.035691429823075 0.5452997704138856
6.2175078132001325 1.0816266192240422 0.4039845312206245
7.816437528247992 1.0607713286916327 0.4061880390198047
5.389125749592971 1.086069526760199 0.2973319553339695
7.122774149887764 1.0407699299256092 0.5575783561008043
7.982763267916626 1.026791578611211 0.6075547703768792
5.7658815919345585 1.0683048222270557 0.30566194843221817
7.910780802987071 1.0958234479119038 0.30795089120712704
8.185182373960593 1.0483096560525584 0.5023729776941732
5.585688030454611 1.0905558434024616 0.33002436758748876
6.825780825190694 1.0225908176615628 0.5546277140555889
6.946348392097274 1.0959638736674695 0.39884126686303834
6.781237320798073 1.1414563155702149 0.19254162253553714
6.271343063064473 1.0298181272607618 0.488031116146589
7.6117076886635235 1.0514986478367128 0.5542834969563579
7.336707520304964 1.0595402043446702 0.5210140881612333
7.766304856525803 1.0232039992203985 0.5972354354348673
8.335499009480142 1.0661659284253058 0.4524687245733655
6.673159826728922 1.1166141021745835 0.1994637008315871
7.6321084869842775 1.1196514317562403 0.3216212953376768
6.62874950587017 1.1015148761875015 0.3700507386940953
7.572875785589815 1.113494964538946 0.24858964737687275
5.510544313175815 1.1220053011285223 0.22660373699863687
7.463723519051133 1.0222599327122037 0.6007117284960989
6.689386937911998 1.0513789264142575 0.5041890458410493
8.310666122288415 1.048151884476884 0.5362033346975361
8.227147255713877 1.1033395938479662 0.3254721795857968
8.411854895112702 1.0780179705818105 0.4475186564849705
8.19079828528016 1.045999420947395 0.5727504087422132
6.467835823625933 1.0813859256578577 0.2765460547151475
7.970961550051783 1.0602590962381355 0.42696313466733615
8.173129369133466 1.0410643178875623 0.5817118284836847
7.540105704593897 1.1051075155078274 0.3783239398093712
8.250682995930278 1.0990954048800459 0.3384670976278215
5.494813164461069 1.0785902599277641 0.33515470235255185
5.640908426299637 1.062152546086253 0.3352334954839768
7.979237658437931 1.032160977374141 0.5692399800623621
7.598177580152038 1.0431565171821897 0.5722824911552047
8.280888666925877 1.0479794919607965 0.5444618068922444
6.190208737878196 1.067799220853678 0.3078366268878453
6.6123607032701806 1.025606000793966 0.4808876304806088
8.15317245086192 1.0539800042165828 0.47873083184993925
7.587354885612045 1.0623342587064009 0.3850939193752024
6.667668801850272 1.0581135618039046 0.48592786514737574
6.84109036656802 1.0494489652647188 0.5161570571039419
7.806996012639418 1.0551383832033188 0.5453243374682261
7.324619669552455 1.124615331333869 0.300334945163935
8.175907768458856 1.0765866881433994 0.3942071447341456
6.337567728786972 1.0356138471861263 0.4927734484230162
7.547657533561997 1.0840112089348772 0.45001342459494037
7.217036473249792 1.02218173938591 0.5448533532044101
8.17783648498944 1.0524527495057558 0.4921850508264137
6.467117085507605 1.0882575543735544 0.39854638836696293
5.83753201277082 1.0580303236491464 0.41157036174792627
6.306075496552671 1.0505124646763182 0.3626402004589897
8.057802408500697 1.11415209262929 0.3238395194317098
6.082490535607587 1.0440885998254834 0.385542419347856
7.006209574497099 1.029456988261872 0.5582388172395283
5.417297272108414 1.1017559658772678 0.25389717611043466
7.354855166692602 1.039102860347887 0.4597432877155443
8.1610511654474 1.0446531046128837 0.5409426682139378
8.008406612454955 1.0741958408107586 0.48351989398524314
7.181610013494664 1.039436248316039 0.5552885042679748
7.711823446297785 1.0293122363016747 0.5877261716352389
7.46714662273985 1.0492834357565364 0.4262930894487926
8.17272973136798 1.045640566271572 0.5507599419180588
7.033775507169139 1.0339326316620663 0.5539934255179367
8.256547241830337 1.053799663363955 0.5223167465551336
6.920766280332254 1.0352973660001772 0.5437071043058987
8.019365961557998 1.086242972734187 0.4402835641088316
7.194625202494869 1.0536416067622052 0.5238097133497618
8.056601586521703 1.0630053990679105 0.432878564136838
7.037574493600964 1.02601322237857 0.5560163499040008
7.924288447534767 1.0998470274804304 0.3913259941550286
6.3241210920492215 1.0432366664287314 0.3914335914973903
7.344566888251718 1.0252252858415205 0.5442320572980281
6.071428041491298 1.0658670740704541 0.42144817085553643
7.02440273479764 1.1354870949544162 0.19616991035214526
6.27425245818346 1.069253246643401 0.43087562798323487
5.951333271868579 1.0741762532275867 0.3945681330223694
7.530432750033265 1.043045951375352 0.46017392229317955
7.8634318424627025 1.0360186685754718 0.5787032534939807
8.228658139318917 1.0709915245900012 0.482421894082721
6.226247007489645 1.06958251622437 0.4262824267737638
8.066212912257594 1.042754531568033 0.5593083190460177
8.131352702261843 1.0499279548556644 0.545658835880111
5.512627862640194 1.1122717938898934 0.21441603354863878
8.001360051647826 1.0431994559441533 0.5637510363549137
8.033363772957804 1.06724772649474 0.4159772414882872
5.504410404312141 1.1182919846977863 0.22274627933019478
6.955088505584353 1.0265163868715985 0.50493307145486
5.834830048373712 1.1228469431882044 0.25548182014519083
6.256084179220288 1.0938857304930971 0.36940565276570586
8.283602852665128 1.079283638028323 0.41658521912003327
6.547064906173947 1.1167477971237918 0.31435268360885554
6.2984194759039625 1.133966858060897 0.16382359069309071
5.8950191855618925 1.0461704215079177 0.3995032016696034
8.15526198084027 1.106925330127764 0.33570654603078476
6.5936458148776875 1.118324067524081 0.1978662535480766
6.561126306466235 1.1385005693461536 0.2131644994201847
5.647189495228826 1.1115612794521708 0.2063060086008205
7.639547856034273 1.0823150354752382 0.45206818143685207
6.367635887070465 1.0359384692103621 0.4853578693273056
6.403209604326882 1.09555122338235 0.24341357491360127
6.6408744565263955 1.0288833929789707 0.5106579151868191
7.851158170957044 1.044963937986227 0.560193339316308
7.276771046992321 1.0938300147742654 0.28047744469854097
6.271017661530966 1.1398189409571913 0.1903950960768135
5.606126628438636 1.0664529170042276 0.3482395966868876
5.95170233285589 1.1378976599815473 0.17863729072414117
7.047322804282887 1.0482315795592438 0.524056989888907
7.164294617135388 1.0336598284394614 0.47837827955942974
6.291980011400197 1.0857146028114857 0.3915064134502491
7.237739271684797 1.0457175385952984 0.5391685806986048
6.305594396502951 1.0531272927115436 0.4611089046297366
7.1782998962583235 1.0421018093824173 0.542751565644465
7.569863321043611 1.043784775934977 0.46591044055205694
7.428903917686679 1.0508225964821738 0.4222367472756194
7.27710224824108 1.0735998653776877 0.4696003411722909
7.150914963339732 1.032743434629551 0.5530022307317276
7.491714380434633 1.0488257153215026 0.5426229880893277
5.678635140595489 1.0864793794127618 0.2675007974365473
7.755048882998009 1.110160742584886 0.35046410742752004
7.801052325702953 1.0770373092864685 0.36052403255069937
5.473168561705906 1.1000873886434643 0.27256375692589746
6.532013679315055 1.031560075782687 0.4967168556324298
7.341948761628371 1.0837647342708772 0.44065619020463503
7.558878932696119 1.0424489043142406 0.4722033416402351
7.530078189649917 1.032870824211144 0.5248454396247897
6.814310808892969 1.1051325975728796 0.23478574724085347
7.714445686261005 1.0923443689218106 0.3105881696250716
7.388144097723307 1.1164766762388998 0.238976404695776
6.218056194762665 1.0434484074901436 0.39637248035928513
7.901369116673054 1.0487206679943666 0.48539183974729955
6.890414109555895 1.0875447777072815 0.4148068551191943
6.53107891782779 1.1278494011870643 0.18066943585688136
6.884939363995427 1.0306477139899082 0.5302109984690916
6.401271653845452 1.035263461817383 0.4817401883076291
7.164989333919911 1.0722151484265112 0.33345670202260186
6.289352595844914 1.1377506126362515 0.16683818864549804
7.896761789010235 1.0468588481072527 0.5479630088762273
6.062620772425882 1.041854669725905 0.4299428232261712
6.82123958462903 1.1348746172060706 0.18838472134683082
6.825378890518117 1.0849738035942715 0.4190042447126043
5.816869358111887 1.1280646930114488 0.17419231388508136
6.335093912811608 1.13658334638417 0.2162450994592253
6.368548244915813 1.0476103409270268 0.472094532254774
7.848559322605389 1.0801736303270884 0.35673049175584487
7.891494000683075 1.0757882016099183 0.46953359273261314
7.6188504286720615 1.0412849580989147 0.5561118385242
5.6434148924838965 1.0969424628277722 0.31048173485957364
8.08591818785933 1.0633760007763304 0.49909279219739683
7.667874054013197 1.048926671278822 0.5418751093220757
5.7433586992024335 1.1040389721344535 0.2235959210890625
8.117598004206458 1.0745617228386477 0.46329947144993766
7.062357890651382 1.0292350846632585 0.5285432728645257
7.943708258912313 1.0504863318495605 0.5338482659908742
6.947892850491307 1.0917313773472863 0.27305530375366666
7.42620441505122 1.1299468055158526 0.2553725425450077
8.067535733931141 1.0934722672801922 0.39961290390031273
7.481943390595525 1.0341425330230218 0.5225849490618591
7.038534281017359 1.0336658385707904 0.4782249315266233
7.314001862829889 1.0390113044165643 0.5467699549012774
6.29862601276313 1.037494736716363 0.46092282328795314
7.009652915742366 1.0581773087923074 0.4950652575496037
7.5432468638920795 1.0347141088037328 0.5291652376653837
7.75227854639645 1.043070034942265 0.5474994865653968
7.43480137577513 1.0334625778996176 0.5472793457063455
5.854065923877318 1.1244034792791524 0.1808145791900713
6.677716090267413 1.0659567406069015 0.4582703876662518
5.664901439781092 1.0820022735001857 0.3417281348038619
7.589702344112739 1.0848891789426616 0.3245972772925281
7.619461003831475 1.036921133254031 0.5381918523339959
6.322616073683061 1.0377905412869242 0.46147872944827334
6.455065598682568 1.1386620258692954 0.18777694554401056
7.5908494823581485 1.1110097062408673 0.34530622014123
7.183499757255511 1.0803570948304193 0.44252537703775996
6.02701278317064 1.123111428397597 0.2630985268005858
6.39248467735438 1.0757396093485432 0.29760573388892636
6.521767567460788 1.1059438125949135 0.34364588650309824
7.9937702646128965 1.0566227372255101 0.47743846266406287
6.852021066502132 1.0820291356536877 0.295287185578811
7.276498891943881 1.0375053651727988 0.4817614589573882
6.242512057497567 1.0417462078517312 0.41536066652571185
5.8960306830494655 1.1191917606025454 0.19082629380727123
6.278962715334206 1.0688124784045663 0.31541355489733514
7.965970204445485 1.065412239986295 0.4903419335633781
8.025933766388032 1.1038795685059715 0.32112318079318874
6.6154081985142295 1.0549203538727916 0.47486664358123193
6.451490820320261 1.0920744436890175 0.37920788803440125
7.2581660409260245 1.034757212610093 0.535428273551734
6.830802550559351 1.039760976366759 0.4377909707490196
5.883679833467923 1.131458798296762 0.20738760956990324
5.762204954194548 1.109405735032083 0.28642444188828986
7.913475398791542 1.1146460800924156 0.3042629862098211
5.959687280747627 1.085608887515404 0.2687156264715288
8.061301925966621 1.1030531036343207 0.3320667528123771
7.810109287997308 1.0943588553154462 0.3182266574378788
7.548099758268602 1.0385498324353197 0.5163778469421612
6.653367246358535 1.0855544444802032 0.40597700192593
5.753806160887603 1.0617742994311472 0.36289941937359244
5.983421950032657 1.0493264658082269 0.4078274048477237
6.808110670940405 1.0890341273939041 0.2765437746610243
6.182073957942963 1.0741988238361333 0.29987966145560974
5.902169896473854 1.1279323111084716 0.22920041845708208
6.276937617848748 1.0500146714768233 0.3777887639568537
7.780401749116271 1.0648410135346287 0.410083381239127
5.627441606726018 1.1186252292201182 0.2308983947257927
6.004818640561174 1.1349125117007117 0.19329547144656173
7.178088702273268 1.0527233637288846 0.5103602291111038
5.653955796785015 1.0735550909119465 0.3208211463971319
6.375960913936371 1.1235243682534568 0.18784472812231912
6.30021379412349 1.0470706408508632 0.4568907267304124
6.577396538350179 1.058941077088031 0.46307591046832797
7.706455441218431 1.0742857291081307 0.46669555309269223
7.26749128807246 1.0520881035052616 0.41446591138188427
5.937619488660252 1.131219559430423 0.21289630949710647
7.234487655609676 1.1127905831913651 0.24226650435478114
7.247963426115318 1.1129587632489992 0.33580108802595476
7.734060850448312 1.047215403997373 0.49324361507926334
7.571118955627362 1.0961440470617432 0.297539118882244
6.502570037910532 1.1207066618919923 0.19721879629901629
6.491147349135614 1.0639009579418266 0.446324215966732
5.627606569546563 1.0765379631284253 0.32632032365986574
7.810808096166676 1.0683936237465068 0.4810050125909826
7.7159540449723085 1.080895012190787 0.4448004880919378
5.804883480389659 1.116687253327801 0.20112521543806286
7.134677457769637 1.0832269554749427 0.3065007148734565
7.175076633434291 1.1296948193004437 0.26041241720728525
5.977519725802061 1.0661057168089147 0.39839368888190446
5.6155416069473 1.088892643008568 0.2799105582869384
7.546733075258464 1.0871508378244337 0.424187479111004
7.658191411667831 1.056011090250897 0.437702243501915
5.744590993787016 1.1156969838744055 0.20653904999473047
7.2415064235911615 1.0396322583545419 0.5256746191685495
6.798939429933437 1.0494616654398636 0.3979628522684974
5.689669186569201 1.1224071234382802 0.21007014047907557
5.731557443231239 1.0920781407028355 0.26097806359189407
7.2256823734775875 1.090108334278461 0.2937574592972452
7.4912594856845836 1.0920532220977885 0.4075908748158765
6.7588496548488415 1.120564946493819 0.2074364598997073
6.006048331400335 1.0524771638658919 0.4091442757362109
7.190708172247376 1.055415969186081 0.5008483888133111
6.283321420129489 1.1016046084341893 0.3420042565495289
6.302708760542238 1.1277529090087786 0.18274278827595347
5.5855640130639195 1.0906503816891717 0.29738981292278066
5.715577142757837 1.0860792783006712 0.33298532034414063
6.919093672717617 1.0376197374280778 0.46670859124473074
6.884535418266141 1.1335697941017673 0.23337657868886727
5.664586085683116 1.1061581031403067 0.23319919835474065
6.353501719311989 1.0737805142548429 0.4141542308449943
6.643710414525829 1.0891640740481987 0.27315204292960066
7.898021031997093 1.0593321218662128 0.4662152008281486
7.0304943797499355 1.0940501287429616 0.27577816670294397
6.476011315796777 1.105671073332828 0.3387716978074163
7.8777318539313566 1.0620863198340098 0.48678377463500705
6.6241284215999485 1.0397839823698483 0.44126580565176093
7.750417550965896 1.0541961708125678 0.5064312258252432
6.420159305957535 1.0617467194940864 0.34392557301853555
7.75896009392104 1.0823457656355135 0.35303802927751304
7.485833426722902 1.0469944871127634 0.46810101962665607
7.529743568453677 1.122569557130108 0.2555700229715506
7.345447685624174 1.0407707572958398 0.49538055093807526
6.799166758386217 1.09545060739851 0.26385355661327586
7.115081272177466 1.049012748389262 0.4229521375788954
6.184001088810216 1.0838075668150804 0.3791730705194635
6.474431867581595 1.0955819293613775 0.3664312504275256
6.50744944272585 1.0530814922605143 0.37677914476540886
5.599855852766003 1.0952918104080551 0.27664980870916556
8.005220861555859 1.0732078314612696 0.43171083726131265
6.929093724384266 1.1216250699195436 0.21539944567291242
6.041317241626693 1.106794765656958 0.22194351309214908
7.945503777814917 1.0753935072733536 0.44460753469670483
6.880193114338997 1.133191069375617 0.2299019070596909
6.910704375831898 1.0634197881552825 0.3569942600022813
7.489624446791204 1.122629425453399 0.28565027849632374
7.5879199395013135 1.0542187391830746 0.4460366574121468
5.654693815081876 1.0890559149387418 0.3127176723256716
6.6369735008411315 1.10095027135758 0.24600484894723168
7.517073563027136 1.1107435571730644 0.33861361676508833
6.647309822191737 1.1276632311957469 0.1960751448019147
6.683433124279498 1.1189877056439768 0.30059363891558033
7.653079605222791 1.0582667987849175 0.43598306231646594
6.851533908346221 1.0670494510626218 0.34335204939563657
6.469935571935439 1.0770285935141661 0.41157211700277185
6.999540728265064 1.1320327150169507 0.2245719174175643
6.556842639989341 1.1026370577557207 0.3489320972147365
7.967088826983147 1.0891425303560047 0.39673543846221593
6.9263721081295255 1.04013304030082 0.4644039397946747
6.8669322171234715 1.0426913439267615 0.49223115089368047
5.844502048954535 1.09240703185053 0.260793571162501
7.678141671866907 1.0685970141550953 0.4706257827922663
7.318714313408297 1.1174514864016036 0.312786016192083
6.244079522533859 1.0525028935704213 0.37978058234043777
7.9749285114656505 1.0811662257256611 0.417814608025878
5.82665520492306 1.1243498903310742 0.22214678929376513
6.61970004271125 1.0489218505212188 0.470540221064929
7.57981763940831 1.1210172236850529 0.2836898775982181
5.864080841366723 1.077877128601412 0.3598725547367352
7.961321168337845 1.0834265261734994 0.4111786802329052
7.250528867049541 1.120031389849893 0.23829094408606558
7.596891331228623 1.1178579705663074 0.30160097380359824
6.575213719842356 1.05863655456798 0.36225374096163543
6.241691286864365 1.0993412676768708 0.2425353249811381
7.177668910223302 1.1267555793861672 0.2303109743143325
6.926154639292955 1.111989220633263 0.3291947558822469
5.8438090891433845 1.1095587709799895 0.28425326440624515
7.391843646841474 1.1177745670613028 0.3092358958978881
7.528564887301247 1.07324801259027 0.456756384874385
7.7453008201840365 1.1139587063189689 0.2910740793006143
6.771643799483655 1.0413202765951601 0.4745217159823629
6.604631551022431 1.0774320289735462 0.30627845685477006
5.925262030645994 1.0906079269752187 0.2652272697843307
7.455026763244078 1.050669479520029 0.49983120002027936
5.6943162993047505 1.100572154269532 0.28875467929895526
7.19583200355744 1.0786828920683826 0.3278941131471079
7.116804696312521 1.0662389941051138 0.36209394283392926
6.268624614975813 1.0489145203549712 0.4041795319066596
7.272121273749686 1.044804073585835 0.47517929608982773
7.399408600748094 1.0740203061492462 0.3553520919121885
6.186026602767614 1.119060922885878 0.2776808888889953
7.789434393359668 1.097493673090864 0.3212815798322282
7.6873619400713284 1.0928007984708683 0.3229262917912279
7.018879312039793 1.0679810461300345 0.35136715292582565
6.80662893418959 1.05132281599484 0.40142245903640916
7.078248580998906 1.1075413524533524 0.2515975673376636
5.687867314140648 1.1108409492446871 0.24734331001971435
6.129711620674147 1.124997952143043 0.19239898257443908
7.837115484338835 1.101420872153625 0.3565382903598318
6.172022630709787 1.055040412529578 0.4172041625096075
7.2784916715837 1.051265846655718 0.4361721129770792
5.685959031492848 1.0995648893288679 0.2593736845311082
7.079427883136313 1.101987845828328 0.263752983242151
7.783232157050449 1.0757237550771128 0.38769056307597494
7.289594452880699 1.0453476895717484 0.47969263667319895
5.735211698717261 1.0891279580614166 0.2804844419160059
6.304325524000017 1.0479553290500108 0.41586259498829703
5.769960872251083 1.0855381955689445 0.3308644770354586
6.633043313452498 1.0472173189255458 0.46557388537840727
6.073342821000356 1.1105070267884698 0.2182437958587442
7.617129222423827 1.0741711735094692 0.4508939458283489
7.453413260172997 1.0821594636485716 0.33514267555572513
7.057699830218741 1.0492438673505449 0.49002778263916563
6.565547883598381 1.0745171205622097 0.4187628149939001
7.139256286785065 1.1264742509545034 0.2676439422669127
5.696640221023507 1.0855133165648692 0.3116299351341113
5.971499578117543 1.1048865004724313 0.30680777469508724
7.646854236507735 1.0670594514868503 0.46652069543555963
5.6792675698898964 1.1025222627675586 0.2733586845292118
6.655270385573694 1.0757216286793785 0.3143742226486222
7.828015084355396 1.09610779746983 0.37437925177207626
7.0296724354489015 1.0446383210432144 0.4841729305780968
7.5942610952685214 1.056728102279928 0.4811185194575597
6.482431097667307 1.0958049103947078 0.25780048112518367
6.738064322029583 1.0517745782502932 0.39917128989969275
7.148503061826316 1.120935718854056 0.2343540357479505
7.899290396431677 1.0979783517646413 0.3474822094768631
6.566850236447664 1.1277179773471964 0.19960550779586447
7.636047756481364 1.0850134845489061 0.3430602050615302
6.152039629944289 1.0871129872132035 0.27539416782478576
7.199989320235986 1.046304730043082 0.4802361674624896
6.004328120602006 1.1142950931260274 0.21332273852921424
6.057214851182966 1.0622690721152008 0.35333308487848514
6.096610228456809 1.102927506638535 0.31996830292053846
7.465934136454248 1.1216250301533521 0.266544997330715
7.0663023458676 1.0519477263438393 0.4202607959472597
6.1309554961682124 1.056325799482178 0.4026437080710733
6.136179922844834 1.0869214016847262 0.36186386777930224
7.887206465814897 1.0950836974462126 0.36313551068427813
6.613151858904796 1.129355876455577 0.20264057978883313
7.783867116197479 1.0688828846742644 0.4310837751163788
7.7049226136205515 1.0674257767460769 0.4570444020440123
6.711295879717488 1.1013653495707392 0.35374068464187786
5.769268948058464 1.108877538779136 0.2693385952556202
6.445018368535953 1.0690635116118001 0.4198310843118181
5.906359222604156 1.1171252101306695 0.2581147801656913
6.720815942412136 1.0907817090664302 0.2782604663460441
7.450868709737248 1.0666365658693255 0.4643198074914151
5.723845919197753 1.1062334687073623 0.2658415486978087
6.6096246463121275 1.089547267474338 0.27803810801885803
5.862362618811007 1.074173832637104 0.3228780289573129
6.129298023912124 1.055868197194402 0.39266159029126213
6.49679063838904 1.0565086715293441 0.3750239342535716
6.406439003683223 1.0817897623744894 0.29342338491980335
7.664323336842637 1.0632110348463557 0.4388156591286815
5.876009935651192 1.1159369380359223 0.2172113220865321
6.463545374337283 1.0482929560676744 0.43285459013666666
6.389258727720634 1.0823378795492895 0.29202489595104136
6.862988754686301 1.113569380566236 0.23355243731974235
6.48140918671853 1.0706850258968816 0.3268419385890657
6.203325009764102 1.0542139933044345 0.3987618405674548
6.172125769049602 1.0875741581648453 0.27635571142212934
7.653051942730087 1.0683278810746004 0.45265967934015383
6.518307596211427 1.0481831586737826 0.42711273699318975
6.388730603310416 1.0716395185190715 0.4089216397594836
6.370392282410075 1.1311507223934956 0.214660502292615
6.090391550575827 1.1279873793508355 0.21503743569889197
7.456689211175242 1.0656113059567853 0.3990322937399701
7.31918275866941 1.0665091976157843 0.4600273570834574
6.299757049577721 1.0933829142986184 0.35476147190611484
6.6891029091972225 1.1224491669132222 0.21366275886949232
7.322179857367832 1.075976845267162 0.4370236952239203
6.189125504966384 1.1064261603740861 0.2321329541290341
6.816645406471345 1.0813868802786963 0.4093670746296619
7.536029037435528 1.0650269180629188 0.4131621739660094
5.81358491814288 1.0935628023472428 0.27186703732233486
6.925168634638235 1.1233463064086868 0.22421619282326813
6.952969099875631 1.0518888546638074 0.4690927357374137
5.963152228300062 1.1119259028745732 0.22331977129529118
7.458441392710805 1.1088735272249555 0.33482450017177595
7.18661536465549 1.051449184457584 0.4723480392194649
7.482619869892952 1.1085440415790278 0.33532355753008947
7.044507458649397 1.0914313059209442 0.29177785483227836
6.868897870110443 1.088431966394698 0.39244269476985294
6.8863608730758 1.0641502569219266 0.3648539342881846
6.3798964711696105 1.0955608540425816 0.2602476497014833
6.140855466844071 1.0660928042989493 0.39345908407166086
6.2045847411750525 1.1225695599911631 0.20427979599969165
6.993000853326336 1.0689176824804318 0.4439057905095675
7.515553157184151 1.0633250044659186 0.45933893747319593
7.435904874416686 1.117961804165506 0.2668931733380464
6.172072733471579 1.1172606488191406 0.21204392086631946
6.871411721613397 1.0531620340392198 0.4621600665712137
6.870850935688168 1.0483248292551748 0.4498060288659521
6.701021703309458 1.056936039365962 0.3847642294948262
6.505478707480766 1.0992959985200657 0.25446183383637067
7.272648665972765 1.1117320545252591 0.26064393282789483
6.54498970068874 1.113414770840169 0.22523605563260887
7.011536270466317 1.0594695385020068 0.3913643538987114
7.686995663271199 1.0707688429381388 0.42213751633971414
6.858597832589506 1.0571265380923096 0.39221895855595024
7.020181115739607 1.1257315316895091 0.2341221113731028
6.775015694676373 1.1074194882111905 0.24533578200579906
7.6593908762343546 1.0757734349421797 0.42737999057017045
6.218976784370316 1.064605337359429 0.3491350652430849
7.273198270041185 1.061646618306975 0.4040742332104531
7.058212226396645 1.0524528567163949 0.4331755433598757
6.565677832288692 1.059542378221311 0.4353813054109899
5.810499330863625 1.100483983762326 0.2908998601872088
5.8679391892226445 1.0938442365668537 0.3154868415282221
5.952172716021261 1.0943550980687293 0.3238653972278649
6.466881859877141 1.0965514404899188 0.3528203422402821
6.6354120391980835 1.1119803116383717 0.23178115760976498
6.311601674284214 1.0734261637424605 0.3202045395143562
6.017390920586539 1.0702263082150767 0.37018556941601627
6.891566987946977 1.108836885174869 0.24766316896393564
6.399718056516326 1.056463588635478 0.4211862013531898
6.2399172957977385 1.105103970529291 0.31728811829889936
7.474770323906045 1.061073501758935 0.44298844441762386
7.314432238941759 1.0561733780788727 0.45770123544414854
6.983897478700898 1.1207644270024053 0.28717555904853265
7.400832757166306 1.0866395952861607 0.3273330036697076
5.881586455523383 1.085566543606413 0.29418410093700725
7.614357254818534 1.0695400952668088 0.41601685135332345
5.94563149415079 1.0757141132416932 0.3541638794764988
7.1386130752765276 1.1022711509302008 0.2731486924712599
7.115828190153248 1.0629934692346066 0.45526662230732423
7.335937043657006 1.083309241971831 0.413061197529536
6.817942250642757 1.1024056225464833 0.25905148195421185
6.29696274405646 1.1281228347451973 0.2207541161745169
6.61778909659907 1.1231911685423952 0.21524955393845757
6.823574155312947 1.1067959329837895 0.24999329522625421
7.697350909328545 1.0996164866889369 0.3253026474223276
6.627130353072975 1.1059747453780278 0.3315270321594549
6.183944437375219 1.0932127470345065 0.34382200328661383
6.938918873513286 1.1269737275655665 0.24139532582302753
7.525146093021535 1.0889180944509846 0.3323921188963262
7.735388837465148 1.0880838451254515 0.38182229921011934
6.321772327052248 1.1281286724096824 0.22077865261091148
7.579514362971334 1.1026607563487303 0.34777999817138877
7.064473510064021 1.0716180078147224 0.43536101711293623
7.644605142801684 1.0952701544451262 0.3695039077258057
6.358117717566653 1.0565616394024082 0.40953108147815437
7.1134262160838695 1.1218811385692713 0.24378350041331265
6.739530753286886 1.0975733707042843 0.26795522024331725
6.15611056295576 1.066898378693327 0.34633636559715103
6.421388031632921 1.127445977315595 0.235243567358973
7.602745170555533 1.110004854338556 0.30891501639064967
7.340426168548344 1.0824606147323228 0.337374675031943
7.684337347886588 1.0786774672201656 0.4019813220109994
5.941716860398694 1.0749622917864594 0.3474065416125582
6.416438386535644 1.059197481526722 0.37584993877354844
7.574794982577716 1.1093939799665287 0.29604762825795644
6.135182983103173 1.0724526540430315 0.3271415681533086
6.546200076697266 1.1106631009753427 0.23389007788362243
7.2748301892101335 1.0875929130293376 0.3183624796444837
5.968155552756542 1.0721455653941177 0.3449820158914131
6.501075961844595 1.0712073587162494 0.4094288436767754
7.420740143641101 1.103744311604894 0.2892695854774394
6.613964230709616 1.0911039994781289 0.37132766201205125
6.063406775560164 1.0738437645063001 0.36796426698109425
7.001444108263994 1.0580927554907014 0.40516311407788425
6.915226311388722 1.057660023790448 0.4012071910616059
6.819939021072226 1.0661700098659355 0.43514614352374115
6.578234231270306 1.0803265353250469 0.30790107476265904
7.58892628749806 1.0922241663957852 0.3795523581731476
5.855973948889854 1.0991776245560305 0.26680471917539345
6.624693501504385 1.0539599481510384 0.42697307713142135
6.2583469589147604 1.0833686886046252 0.3686313285765572
7.473526480490028 1.0672802509581936 0.4147453376928396
7.292165836041628 1.118097613909504 0.2900289076478189
7.3630362067755435 1.063206353123497 0.41984272103077974
6.092571944070711 1.1227352732333735 0.22295733881466906
5.840514395666355 1.094610287829044 0.2817715368778207
6.914480582315221 1.1224332252148412 0.23337187790159297
7.099982128425339 1.1233927025203791 0.2511542096519908
7.050457656800226 1.0589400299540268 0.4077060301769565
5.92499334364401 1.0916944595793847 0.32026220081871787
6.4782518772097575 1.0802369582038265 0.30690198893820575
7.002546621859969 1.072781321531706 0.348698969063681
7.384698904407552 1.0632100072987487 0.4340523276398818
6.666295691513751 1.0919749266975542 0.369706425264023
7.280923569657492 1.0618515648526528 0.4182693382023106
6.02965886832537 1.1123667367876715 0.27458698073545906
7.281965107014871 1.0820851240858222 0.33708549650659736
5.91781071145307 1.1121020443789522 0.24201354471157605
6.993787085458413 1.0895807356502212 0.38594170808257583
7.295943047972049 1.1190858379984725 0.2682350581725044
6.091074748604365 1.0695811447716774 0.3460005027372689
6.197217333496759 1.1071028940079213 0.23845745528800932
6.655435158374766 1.1082540746900025 0.2441409522607909
5.981006678926352 1.0807626582941932 0.3106284843650259
6.459410286117295 1.0568929974662848 0.40535384765734717
6.77042826282919 1.0638704017625444 0.36992828127389915
7.1367783265787565 1.1023324741213107 0.3506916718102203
6.969129774354229 1.0766733451992692 0.4169773084138148
7.3847527759095595 1.1164437661374846 0.2780499059342796
6.12545301561109 1.1049896489448972 0.24358846774095674
7.151937444379877 1.0739671814001774 0.4272343429303167
7.062516788849557 1.0805123785201407 0.3287139605264069
6.10639730992156 1.0807156607277912 0.30550693446961213
7.119936608148409 1.1076455596541837 0.33292464344104794
6.025805245779496 1.1173602306267743 0.22796472339933996
6.20532183029661 1.0635553088751846 0.37946290966730206
6.672575768651221 1.0586898855679687 0.4306082162653962
7.5487155253351705 1.0736226654259131 0.4046152231315063
7.273410219850106 1.076123164292399 0.3568437953408136
7.422615232148564 1.079617931768865 0.3580489709885961
7.656719556193927 1.0867483435562535 0.3717858350460936
7.49604933086678 1.0927883454721292 0.37622688934985965
7.224128571666311 1.0776576686585937 0.3486724651510825
7.453748694325407 1.110165047904278 0.28766883085682826
6.205621637136744 1.0649121320171295 0.3666235249054983
7.219921141135265 1.0708425101338954 0.3733548070273915
7.411052195749049 1.1132733228778173 0.30184928641278724
7.503679977625847 1.0941578563806371 0.3705284667450817
6.468006150353522 1.0802498622590746 0.3850500902662921
7.5792693131410225 1.097453939176863 0.3549608213330251
6.808482604812873 1.103572042312374 0.33960854916334676
6.103987347479624 1.1076069311363204 0.24071040446927863
6.687212963028491 1.1063766080638593 0.3275466655134259
6.893764505895559 1.0866620603104045 0.38871247526368236
7.017637878688655 1.121786596748873 0.2717668797994443
7.4288464122028675 1.0703349566908917 0.40435042813869077
7.548780776976734 1.0969078696641066 0.3577586262094732
6.477293163115295 1.096406798738386 0.2679335915723579
7.3508288801956905 1.0679474010299053 0.4278514920873083
7.299024967703696 1.0650784762798733 0.42857880105998186
6.999674560122381 1.120967273645758 0.2458416300556183
5.915339858725483 1.1068137319045652 0.2661531447191295
6.449690259341763 1.0610671348775211 0.38177206990147056
7.365773314930706 1.0700663298073065 0.42490084926713534
7.022184140391335 1.0721343456984602 0.4235143703445874
7.185119912998845 1.0655287462676086 0.3977273365945749
6.47260150965651 1.1033513666416714 0.252505547243906
6.9633139396612656 1.1109091419594153 0.25427864745649464
7.259247544792043 1.0710836558055523 0.4273358163795469
6.466374777960176 1.0612890572884957 0.40564257092689165
7.316023322740774 1.1116791314567862 0.27565449946077875
6.997182500346282 1.100162423895927 0.35248808142268845
6.770422394519736 1.0654726166310362 0.36870550641773425
7.451970976351637 1.0759751928133185 0.3835932695679569
7.249071579931744 1.0722440998886293 0.42442057920689424
6.128833247480891 1.111524044067047 0.23575229479245702
6.234540130440063 1.0937829550332074 0.3385262320410755
6.956197521422503 1.1135344977339783 0.30706854562061653
5.997759852926196 1.0793654502080035 0.3264839733012153
6.4737357575029755 1.0987232128098419 0.3394549075609199
6.104265207314825 1.1180539242240604 0.23391975365866202
6.105489665625612 1.0723203984993162 0.3469027486146359
6.075580187616207 1.1066222762590416 0.24697263122778532
6.281104983801981 1.0874419170401644 0.290159085236595
5.975320781636491 1.082941395193333 0.3186055112902406
6.648954461504358 1.1228745845253312 0.23080427694885308
7.103227544269538 1.1196478997330357 0.2750580367290103
6.270639236891029 1.0777794640075338 0.3184379100218023
7.493470358705137 1.0788108731426433 0.3923856115075837
6.226753259320937 1.1208706107382405 0.23166927157352005
7.342760712887975 1.10877363785142 0.31947033864869445
6.016115591167875 1.079588487937506 0.3308175111480757
7.240425248473377 1.116851443946368 0.2815434144920837
6.186286206367871 1.0947932807105254 0.330835767383397
6.181158305401526 1.0826228168145877 0.305261436126641
7.052491147007036 1.0984453705187152 0.35615897890773857
7.319401888835346 1.0784562269672615 0.36124130871120375
6.40454398038572 1.065627224916815 0.36509123495111007
6.035807448610889 1.0930852989819613 0.32025648730738293
6.515094438758945 1.113598255223749 0.23608812420284134
6.540185660026438 1.116916748244926 0.28268848347832415
7.55370427458992 1.0906476539415928 0.3592942027227013
6.21050271517494 1.1197016148710428 0.2359899907460094
7.01480670068255 1.1008404490551509 0.2795275520682889
7.169713882223711 1.0664588943325621 0.421183715079009
6.079932020127348 1.0853985298474964 0.30192982582474004
7.128067489606659 1.0676835069317074 0.3903085563224754
6.2552303933331626 1.101745201990433 0.25721509612766197
6.897242498825513 1.0885368594300346 0.3787863437706341
6.098058601672209 1.0917287469125305 0.2838394786057522
6.028946019635676 1.082638293799724 0.317786140497392
7.112010931145221 1.066983021641429 0.4210039021060323
6.321016968812605 1.0803607652327967 0.3130321061823756
6.141613584869221 1.1071394987452237 0.24856948377777158
6.5670293619229785 1.0853659009276624 0.3731851097845751
6.182342525289698 1.0774678788004333 0.35909004731542066
6.529965209528079 1.0679016348200105 0.3991248413001708
6.3756497089124675 1.092709386216257 0.2802887952282873
7.457605837378821 1.085736613812619 0.3574640898022371
7.452842505431734 1.0861624555486014 0.37927513613698716
7.222868357708622 1.0839768915649843 0.392731993277957
6.605495397406296 1.1220020404244502 0.23667014375053813
6.833497298730503 1.0637407013607167 0.4145818811380743
6.008167108038448 1.086700276160487 0.3190686835379685
7.2405575821727375 1.0815300256039315 0.3473533226917173
7.321562030898653 1.099672304549671 0.3479123025766018
7.030976080578252 1.0924827309540808 0.3019106037183468
6.477375309202323 1.1213883491711938 0.23464218241685847
6.174556735085316 1.1092530032653012 0.2860271005490954
6.359446843188337 1.1159563167838948 0.23424253117819901
7.321144628550758 1.1053026927000327 0.29300960381513935
6.585887777218501 1.0999606496261445 0.33681711331060826
6.292130977547263 1.0691452704057054 0.36468878544698186
6.5573962076281465 1.111596734735248 0.2999778381209749
7.242721607413385 1.1091478412602207 0.3155014027124142
7.411139003230042 1.0976182957778151 0.3498142300250551
6.4531050803831285 1.071437941625871 0.3457624554701816
6.879881985505261 1.07391017914868 0.4070184351449429
7.015756971410585 1.1168026726056575 0.28633925436765734
6.93748784969965 1.0643783255145194 0.41209214030213864
6.492450225663996 1.0965243101700077 0.3415626433883989
6.192029797788935 1.1095264321682445 0.24582396513702534
6.090826688000476 1.081018177167295 0.3379358491826981
7.397486969678733 1.0843412121381226 0.3566976172005388
6.853136365630471 1.1074624824040513 0.2613479778827096
7.451576403287429 1.0999383804600824 0.32096386031825114
6.158130351444543 1.0755180042454306 0.34454806695110424
7.238681041041817 1.1096609453308113 0.3125723289521467
6.449623397372449 1.1014432641211314 0.26207264540863917
7.15754070870919 1.1141009169840108 0.29490776779108147
7.255174226059026 1.1133599681672017 0.2857473648514994
7.428998640238017 1.0882524381016105 0.37179248886059796
5.996655520542257 1.098339182387944 0.2834571690723345
6.66463414994343 1.0975421270888213 0.2761338040871315
6.409312688918696 1.102955021042096 0.25875796126545886
7.277594577557288 1.085733796306667 0.3395161155790287
7.368611389156024 1.0989344541568544 0.34542361569568447
6.976553857358558 1.098697981494513 0.3495423878337178
7.1541263334460545 1.0770179972122387 0.35948477477409435
6.707993766668716 1.1213035955777264 0.2553519737698862
7.31330130141712 1.0986573458573408 0.34821460785598257
6.209875507383618 1.0753740253005057 0.3395474868718945
7.134894554453895 1.0723220822485215 0.3782589070146393
7.455755415153947 1.089685087740163 0.359428995136766
7.272614141304317 1.1010958383778582 0.2993717244463634
7.403734640731766 1.0905576248804523 0.3658020957877955
6.67143624970209 1.071990273725125 0.39849188308006744
6.156724973564648 1.1133755236234881 0.2554439502108793
6.977134726638225 1.0683361196255867 0.407687529008541
7.123455174993666 1.0741829611380196 0.3708202509838286
6.783301531708469 1.096466553809 0.2839292766516309
6.552512005406257 1.0883006118926517 0.36182167713259156
6.44804894974361 1.0756743332990375 0.3788160743459855
6.2836333523869 1.1030026899392191 0.3098658412971053
6.971969756191692 1.1181454246179896 0.2635267779732699
6.311534604258355 1.0730332665405147 0.3481478689307168
6.02994950475828 1.093265964601693 0.29909132086436113
6.7774510898906435 1.0704287205350347 0.3634781749178894
6.784109997918071 1.0845730131322142 0.3791157906087627
6.420752620688553 1.0788079188821982 0.3717575296013802
7.415018727291914 1.0896336713882133 0.35812058796260543
6.50922731781343 1.0688936776687195 0.38513634999198604
6.71571708518907 1.0686443199402471 0.3989582971076885
7.246507461445926 1.076457747776435 0.391416907467027
7.313917848483344 1.107027806066697 0.30236765944255173
6.885429091202639 1.0848869320992829 0.3801431615035073
7.2169931567387025 1.0992861267495702 0.3021993583329479
7.273298330787869 1.1019740405066982 0.3338083802138863
6.2525883755067895 1.093803432315499 0.2831414247874946
6.12832466040615 1.106457310352265 0.26202722958581387
7.180031919500463 1.0757296243095658 0.3775342091237683
6.084105342969357 1.0970473693344918 0.28401324161572766
6.904222884070721 1.117731088880936 0.26251076396067274
6.742612234573732 1.1173163485657662 0.2753576962529667
7.296769582402458 1.0887087406817755 0.33915655535237355
6.471011783252864 1.0746293920788719 0.3773780000890918
7.038577866146898 1.0914422608841037 0.3105621443508657
6.365602386593881 1.0816213554564358 0.3604286429094974
6.213935426219955 1.0785994854240635 0.3401756796751912
6.89143320537679 1.0902762328642461 0.3062962752737218
6.6076271841921805 1.0684885970050055 0.38068704188296193
6.146819982717245 1.0846332722676917 0.31891619817683015
7.339264272716985 1.0862427150485114 0.36139287832606887
6.1625658171154996 1.102244534048407 0.2689687662989627
6.343667009938919 1.0741515468131566 0.3588480478082149
6.432367304562883 1.0865866465961298 0.3550730828171858
7.312535945322267 1.1036404264277204 0.3137158377164868
6.215908682709644 1.085797467123586 0.30949341043541406
6.642404371998055 1.1154200616957566 0.24965879522446696
6.36842540985589 1.0782209692694995 0.3623663993714355
6.951348290575417 1.1004164998802568 0.2858614238491013
6.467089882449024 1.093254460367917 0.2872465458693396
7.058577226661766 1.0749785017666094 0.37270982268320113
7.212348341275195 1.0852794523647835 0.3751788842849556
7.172883005163596 1.0895296264207446 0.36680073776008465
6.9953260225055995 1.1109788064927664 0.3011583201081289
7.026456276685906 1.0903764200595636 0.31566719978632757
7.027091505475285 1.1138561337817776 0.2788610851099109
6.825229587294626 1.0777087318482352 0.3862673148478892
6.335136137290405 1.0870925400829974 0.3050295180700717
7.25128462879402 1.0987775648080629 0.337485191732179
6.293067165966953 1.1127142300359452 0.2588448087842601
6.479723580531436 1.1056083386870283 0.3075018920076508
6.338013838323599 1.1004307094172856 0.31403995453955263
6.867445313449034 1.1119509250245574 0.264675330061961
6.32059323587673 1.0787740562043209 0.3373946824120019
6.3732991187523975 1.1145459117755034 0.2598538514938186
6.954706615236228 1.089143209282182 0.36581937832429634
7.151037817213403 1.091771872639293 0.3590671659476263
6.190264553062173 1.0862953521130614 0.3240525741272741
7.263746812109357 1.0936678055576594 0.3489237919835815
6.389189498679745 1.1037020661449934 0.307330752314951
6.281782426831837 1.090191163159915 0.29897232041471994
6.847095306231168 1.1025754886825112 0.3274826277882603
6.527114452787664 1.1059580738767392 0.3070947499129899
6.920829378475975 1.113743759002508 0.28393973830064406
7.2543600034784 1.0953799044602002 0.32580547407629035
7.248826567428713 1.0883810316133644 0.3575827651477173
6.639675799836258 1.1088708427222096 0.26122209861625995
6.800526048198163 1.10954334458171 0.30295952652435415
6.881145887143436 1.0901080652264328 0.36077925245039816
6.914480057425505 1.1119113736781812 0.2930932396641505
7.225714190452582 1.0880001545962572 0.34666087184210514
6.637012729249003 1.1157231865386665 0.25990451533295983
7.050530006002257 1.1103796140601008 0.29476007238140434
6.801927269697281 1.084263003901055 0.37067800893008923
6.912607526397569 1.0817227016426247 0.37684706852983824
6.964685795627808 1.0890945263695577 0.36305962145217086
6.868618948551378 1.1130191412788621 0.2858759490034369
6.49570936213666 1.0848584604846203 0.35547415904589574
6.247132417781485 1.0940830136390702 0.3176792924544674
6.500598855212029 1.075642952247589 0.3580341822548177
7.140240638031072 1.1065003988286621 0.29917855352455625
7.128702354798127 1.1009289195189935 0.32910264399787736
6.818138937436045 1.1038742056039725 0.3202513416412017
6.463066020764847 1.112875423631064 0.27230181350755467
6.694025315763058 1.086596700759387 0.3607595129798634
6.798760857276044 1.0813054800625093 0.33781199577029786
7.019336273587701 1.0861555689792013 0.3347913897682832
6.254136110824314 1.1030048121431109 0.2913539553380506
6.874133332494921 1.1127930974712066 0.276266134389585
6.7986932113526635 1.107965328538827 0.27180073074028444
6.5844512179775805 1.0786017481712011 0.36531907851779544
7.200288756542577 1.095142514465862 0.32958894642219433
6.454495218141377 1.0982205019182991 0.321618017573394
6.274083097928017 1.092531380518774 0.3000198781112786
6.380229285547548 1.0931757117206156 0.29484705242758885
6.496648325398702 1.0795295251105559 0.35695760455678893
7.045437729579001 1.0986270934969702 0.33509704122670575
6.251212578037229 1.0945947902678892 0.29688872779751074
6.4179871822280425 1.0810211750339 0.3364267707903622
6.8802173179749 1.0845950468240038 0.33240972301400146
6.912952878609309 1.1013587317741287 0.3266395150764136
6.839373578562009 1.077646601051148 0.36805531043742024
6.539068217001443 1.0812556939603186 0.33431893181124045
6.916535188029636 1.0815356300561942 0.36924208459770497
6.968594031002613 1.093672473045252 0.3471698216503362
6.705661494215679 1.0814077933799728 0.36488673162598584
7.1482768925926585 1.094744982848574 0.3359823433621303
6.395566518065053 1.108719179892349 0.271323011626519
6.9115732203649785 1.080321550833134 0.35756155050290783
6.273216482595668 1.0997627026816648 0.2961065994820335
6.267169829672497 1.0944302512431938 0.3058749114915835
6.977382214722677 1.1021138064489724 0.29455061687468576
6.838072475781798 1.1071007421541215 0.3044520113093218
6.693298679795872 1.1007140347731093 0.28397276520564885
6.301876888531256 1.0922018873832147 0.3169587962918503
6.746096367915294 1.109151894028534 0.2727780048832288
6.375021154129591 1.1045958058399632 0.2755992723818206
6.863566058857769 1.0982643661603506 0.3322600652669657
7.059487382689948 1.1030008681143846 0.30436521908094366
7.107517727938758 1.098861001167855 0.32148626651070045
6.698865725918456 1.1068617297255519 0.27482026042674684
6.604895626049293 1.0805439424408638 0.3542839839906964
6.306519505831298 1.100571024254711 0.2924074724721458
6.781947651910446 1.0810593262073587 0.3618918029786805
6.899810251772944 1.0921747535396968 0.34689831205270155
6.855172990802171 1.0962519247005071 0.3025135145838295
6.672542525524943 1.0910213754221076 0.30915397590834215
6.539410151094565 1.1060287943766498 0.29609886449960815
6.844820228237676 1.0844463752347713 0.35791264320993477
6.874729043965777 1.1068550986493872 0.2997697754585586
6.358859679908765 1.1005401388769218 0.2885642949543932
7.029880235619295 1.0900558814741625 0.3373826206776393
6.617211082924225 1.0959895963126343 0.32895897263233215
6.537593317070003 1.107439971191305 0.2888345884247228
6.811405211949356 1.0985029783645668 0.32788708259304833
6.984256888400145 1.09145781999413 0.34378423155171745
6.600636206458351 1.1077904542427484 0.28937144641424084
6.56342664606033 1.0995699957076597 0.2876252273939414
6.916987455452487 1.1039691669856333 0.3069929166276331
6.46940565819253 1.0889572371802294 0.330952563641582
6.987016539161544 1.0977522838883425 0.31495301289180844
6.821303421411699 1.1040920643664638 0.30621099174167254
6.42724693491836 1.0934594334353263 0.31134102032640293
6.8199013009086755 1.0869069273929042 0.344535539091715
6.778248040763483 1.1021061569863229 0.29282815691818104
6.800779649145403 1.0874545746223245 0.33426897737839334
6.8976582941800935 1.0895335019044656 0.3381921888403559
6.456387058222543 1.0990526069739048 0.2954121985831288
6.6094548755983915 1.0978756641086804 0.29636672834106714
6.465965982830719 1.0959619315411753 0.31245775025822314
6.82089364393144 1.0889586946579697 0.3388617049129384
6.738814804690005 1.1016852220491824 0.3092162960548169
6.851458258320303 1.1004820553792767 0.30497583356028574
6.852848647801091 1.0935226181110775 0.33034325731381436
6.685662600336171 1.0896029330258896 0.3268118810672223
6.587852107779256 1.1018307321802627 0.2994431961021916
6.810277760930971 1.100124660041476 0.3116422234694445
6.711670552053661 1.0925409504227825 0.3184800806894835
6.726559602799194 1.1010993237088094 0.3008986699165363
6.7055818948391614 1.0928256229696918 0.3214952059165719
