mlo mup beta
1.2322538837698662 2.137824062567385 10.588836239573952
1.1775295211534784 1.9526972545665693 1.3801403831493584
1.1539147712504414 2.648667961203385 3.3285045694281212
1.1523324663318018 2.5542988095652355 3.2882050156915668
1.0831887849903443 2.0902265575418504 5.334564553663931
1.2174933424699228 2.443592520198214 9.972645900861233
1.143063072108676 2.0478054639143273 1.3831029918347468
1.0970907150864622 1.9506089252563092 4.644470308264712
1.101201928120578 2.1119751650540923 5.976338746273619
1.2147229818260805 2.437444889079431 9.83760252143003
1.1633156940143912 1.9699065017642385 1.5623671371291117
1.1871371728579097 1.9134659945137147 3.556932210581895
1.121502553953255 2.595005879685713 6.779581370195148
1.2148314451450795 2.855745535992268 5.724272458222272
1.1643493091585686 2.7276763529174795 8.730803567905156
1.0956998684152188 2.0715799681084377 5.411186320131014
1.1719495004636702 2.7604131898947086 8.9271899378331
1.115380761053766 2.8449988020192807 4.380794466362497
1.097783421869681 2.530467994920046 4.821667707536539
1.218499892204569 2.8278860913591446 9.251082567729716
1.0710165810814476 2.1785667740369368 3.03851185129626
1.1774798534804884 2.357139200026539 9.07653032602169
1.2297500275425217 2.2248896600920895 7.795759539617833
1.0732770701124061 2.0480882616039273 1.9442783917503101
1.2169780426627739 2.1555293006602714 9.21880199703671
1.0698184656539296 1.996872720654262 2.117148567871043
1.1338481226037458 2.7690028976424923 4.089381650740432
1.1167763868373863 1.9962977584281811 5.845292979747638
1.0826273304090748 2.197449891822384 4.413625177773433
1.2179975011819688 2.8516437958165692 6.32564513276659
1.1482729703047136 2.7440468651207093 4.094386358572253
1.1628055182244426 1.9051876075587297 4.591326683951486
1.2250137682393942 2.5438449368136373 7.942216864733055
1.1278546303008128 2.314367136942682 2.9563295627912236
1.1116886474506642 1.9397058878825522 1.9411453838370036
1.0782578114515755 2.201068613424414 3.688122788323094
1.0851314171123059 2.18902378984579 2.8435131550858124
1.181511022391959 2.2917104174474523 3.543369358630093
1.1071473566553844 1.9327852117616637 3.03879792481367
1.1153740464324362 2.5835416360042553 5.826558678276662
1.1144267410397255 2.752648012412911 4.8872899029472645
1.1928386446784278 2.796834062990772 9.107225882339288
1.191601228436261 2.371563841761818 9.13746052737736
1.2220860113257404 2.568975099422572 8.187107944994432
1.0942518486057886 2.30124344700373 3.664917355767436
1.0955867487315207 2.2237616657144232 4.9783992256041945
1.087279786518137 2.2247100355987626 3.3790769147418693
1.147378977924516 2.7483894168600567 7.543764198361117
1.2064130050683444 2.4755359872483917 9.066496278946918
1.2087825216077568 2.8682016688656837 5.917858705920471
1.1844310229798112 2.478009422273772 8.910302164595254
1.2202843196752204 2.0424727446666 7.739926380602128
1.1372790015648622 2.761882030463817 7.011602664427825
1.077890994944329 2.030340353437704 2.3928987960956647
1.1749422632909694 2.053714063582249 8.326190952689972
1.1888464214945607 2.8156717462828134 4.97247276721701
1.2179817481612307 2.437518372980498 8.537045226792525
1.2214118509025862 2.222664938204576 8.384552924359985
1.126951721435079 2.5602497841650766 6.475514833841926
1.1182754375420343 2.7660279048164855 5.2931923928155005
1.0915696161012705 2.1971260798863574 3.107612668097884
1.1414091870149836 1.918938289185138 3.3375828149432323
1.1036313709649288 2.2177029902175374 2.971584996208353
1.1278384604481213 2.536992303700919 4.0389718760875475
1.124267589447179 2.0890789288743914 6.320865774268523
1.2004552082893227 2.8185604609312316 8.814360663509882
1.2038903544671435 2.467592778406606 5.22388382482734
1.0925046633332591 2.154315400399422 2.913644716974235
1.1749460655375135 1.970307324001977 7.303425688562225
1.2152485360744438 2.563608711574684 8.303122990015998
1.0803038434419883 2.049547835204867 3.072771859543135
1.130830305606018 2.6714338994099016 4.428164283166055
1.126551470319248 2.0188715081181594 1.8510830360968153
1.2099679567666124 2.173817951708266 8.711223160416056
1.1438670736728374 2.7210640992740647 7.099693790680236
1.17001576822116 2.700475819061134 4.581763239663861
1.2063702981042117 2.7669542245184484 8.631724911413201
1.2024249270078375 2.6509493391308574 5.513413772067192
1.1552516030170357 2.894874484606156 7.618114580654677
1.115378729650836 2.4909386348603384 4.479881300670579
1.1767206978280724 1.971208185578383 7.280866437674737
1.2099141176086454 1.9836585688848996 6.917929146345543
1.1058700158911972 2.356284850533454 4.778050304531945
1.1661726969472754 2.8530778135559807 4.711996670574937
1.0924976307736205 2.1948509515618686 3.4461417503821075
1.2182134649912826 2.4148111034508104 6.689009022581562
1.1439875476985617 2.277368162083458 7.268112497342459
1.1233369957429895 2.6984118277023788 5.100635678933465
1.1502831242809048 2.3686535915506233 3.628310680133401
1.1739413869784587 2.1684734450798375 8.323117366193719
1.1766470331335759 2.4206625227053298 4.217151120965591
1.1632953884985946 2.066629751871801 7.764953969446671
1.1534683684751856 1.926217987399293 3.4639172190852943
1.0870923167972797 2.0163443942007206 2.907613724177562
1.1746194135266517 2.8197664957955877 4.903231200258306
1.1967932224720181 2.117348343532175 8.587537242163386
1.1428962519936707 2.4653212103254614 7.025938906852517
1.210860777618598 2.2606939721548565 5.309043849085487
1.1209227619931492 1.9397982699281453 3.3768390372247286
1.1239328150345063 2.574377645508023 4.631260039983127
1.1784781515532234 2.227347671472063 8.419569572351557
1.1995766462164934 2.3710792804689516 8.673209924754858
1.206643938892588 2.63221217902252 8.388523031455877
1.1240768055788903 1.965004677594503 5.006727875376344
1.09184048046873 2.141150515645099 4.0114731089619795
1.1726345426780305 1.9338138091542416 5.592457966521682
1.1251010031191317 2.1184513864967576 2.4380005873899178
1.196242337907072 2.8134279862266656 5.6048935401516005
1.1245302498448007 1.9400987840141244 2.9692412666428787
1.1789731894326485 2.7849826604557073 8.270966935761706
1.1447468161055312 2.6700888421263165 6.957367105145874
1.2149075851565783 2.405047251410281 7.987140990761429
1.2176592168002418 2.1788455135576044 7.84740850201381
1.189159254198355 1.9730337369597326 7.243383645517538
1.146894996333859 2.273013476712496 3.291814222935052
1.1994980860581137 2.8638268485089853 8.447283945670328
1.20639862083864 2.826249540367716 8.237545192666696
1.105381880784221 2.015422083191589 4.624777984234921
1.1089182901024788 2.3075437666971665 3.9336805444140612
1.1994915113168059 2.3306753085611556 8.60739779119162
1.130246369069031 2.830461687570702 5.3909434821908775
1.1735506169235148 1.968303453012831 6.917190328789868
1.2022779163474446 2.6936332369264795 5.835751334166952
1.151117264139997 2.5178866998565264 7.307236946056067
1.2127824766286404 2.6466361192087815 7.347833034477391
1.2033507059644641 2.6331440601743137 8.367333286130547
1.2170950835630243 2.3413297363743624 6.986890239156981
1.1162560940903041 2.381159474919005 5.283706013840838
1.214678767665505 2.236406206356743 8.054436255246756
1.1952915087969287 2.468670313236764 8.483441324449762
1.1766827672635118 2.2812496979890557 8.253294190669731
1.1136864537447837 2.126078103097991 2.6578884820874746
1.210890434753697 2.649620896446748 6.832543965928558
1.178792733179767 2.6933503984518774 8.169088861871906
1.1618409635862863 2.3317532041565565 3.7509340114871215
1.2116079882120605 2.0053822282397746 5.923545774469801
1.1531466295731385 2.877688351011766 4.886256161693028
1.1621283820630621 2.156972622917463 7.775464389038108
1.1476916765827934 2.6255420200646826 7.02263839960386
1.202241980570492 2.6511079474845687 5.85791468202242
1.1376715921301075 2.450675791824999 6.618473612425172
1.1168093187320647 2.164016379638486 2.860405820780697
1.2076097268908765 2.8189095362461623 6.6964191629158485
1.096720752588456 2.075999054615115 4.192031158162115
1.1499052739860758 2.0226990869902735 2.2966952915008063
1.21246280591507 2.5098774845548113 7.549464260446374
1.1928448636500455 2.1767960311511683 4.028343520045164
1.1840458384312273 2.8540984056943124 5.321259433529455
1.1832700953819248 2.7301920683060987 5.166608607790698
1.1149078666165546 1.9737154573430862 2.441091391270451
1.2124587405923668 2.499202840264537 7.498801400538063
1.204904992440186 2.477720150250429 8.24598187487971
1.179365991837226 2.825588434073455 8.0820490635635
1.1407735838105935 2.7054531653273814 4.7847695066828795
1.1531291456159618 2.41668121657164 3.9966363502046445
1.210808784050911 2.634549119125233 7.215959360442721
1.1026392668382434 2.158475466488845 3.181070818779661
1.143583154685354 2.692506518894472 4.750031741236324
1.1745088098827297 2.2398977381476057 8.134092828563977
1.1456311202727643 2.88678809921947 5.0549908714320235
1.130113923606674 2.5921917087622592 4.800867763714692
1.143401889174175 1.9989476820551726 2.265292502120457
1.204459541100639 2.5591295706189374 8.155789710115341
1.1693547621452582 2.3547162493481073 7.921798571137586
1.1954373158569735 2.024270281747473 7.736936786399799
1.1739547918846924 2.5040975965095154 8.000978738531774
1.1643805418475737 2.8165412274365718 4.944956360345383
1.1496145219372624 2.808246735796076 4.9157021700925565
1.1727903996542473 1.9956011797771613 2.8789915602196237
1.2068897055423708 2.68036976971289 6.573526326081236
1.204856282742696 2.2831483140865583 5.20309531733165
1.1683381591379405 2.737415474357322 7.723247943756064
1.1192079894698885 2.4138153665742563 4.685603649286923
1.188084971052832 2.2516144154142617 4.1779912970916335
1.2022764882104071 2.2389218609279995 8.378062337214363
1.1386797834387492 2.8893990544316566 5.393176836938688
1.1955162163517046 2.3297892738163295 8.349944012506795
1.1414318609686542 2.4169709715315464 6.703728248353867
1.2075048584674835 2.5929726603722987 7.734113720083197
1.2041851976114148 2.701532686147421 7.929599802455757
1.203905375019766 2.755580947315419 7.9153178321367506
1.1497311193105166 2.76935053863862 6.886723238199885
1.1500379430760725 2.7311473103030606 6.921688877717912
1.1191425273642668 2.3893556399253115 5.058208352457569
1.1859592989373056 2.2835891390227583 8.324698342015706
1.1995521438092993 2.4024280066158417 5.321836679519903
1.1850955497143574 2.753056875119169 5.358397337061497
1.1886597715531753 2.493709693593068 8.24789334990596
1.1831612923370005 2.4414064725289926 4.716843466094685
1.1091446348125484 2.238562617004612 3.7954995457130476
1.1988518260539123 2.7052650334992316 5.9627586649843884
1.1868598112331967 2.749492822672713 8.137207906838125
1.2052621774249535 2.7339700769820547 7.678384787312105
1.1950373724914685 2.8515933508792424 8.030512021561034
1.1891432787395573 2.6847948882407797 8.13426087527095
1.1674105165702735 2.250852220372968 7.824636809979374
1.0990090968973951 2.014090889763567 3.190079999685917
1.1950367612112922 2.3229047979543456 8.270381054332137
1.194693104350395 2.1309275018745573 8.194404603769405
1.2059220500423202 2.712550852866938 7.569427696885056
1.129075321335561 2.513443590269894 5.6005193782655365
1.200924324412901 2.3489350634638733 8.23617572926391
1.1367463791740746 2.2187085686963575 3.2065989139199935
1.2015541177685491 2.532769558557265 8.055512548774015
1.146993758738898 1.9785796818744115 2.5026277827285117
1.1942960341545343 2.0062078261603906 7.327998142042237
1.187033172853053 2.65682790669612 5.337618969022541
1.1643385031601152 2.190559107644545 7.700150764374158
1.1361940909775028 2.4623900253329403 6.262677760051709
1.1484888932712907 2.493582472372956 6.9036919244818105
1.1452841745989795 2.2479470630356704 3.4053849613282043
1.1377529505039239 2.496143544105445 6.294842698777652
1.1270764576634233 2.308771569498631 5.926783731442784
1.184770772976247 2.685013361812218 5.3384614258507845
1.0991783216770594 2.115736079989241 3.7963197376610953
1.1443601069576657 2.7608554802303558 5.130095522992173
1.173406029785541 2.1640747293741516 7.912111715750536
1.1217228682160776 2.3224413408811437 5.474031496140636
1.1591236618560152 2.3414116634326674 3.939257287735362
1.2120715982049504 2.149324377185294 5.716233127491609
1.1549469631616869 2.2196912003931657 3.357564495278819
1.161985878028353 2.3432720334038897 7.5443846131303065
1.101208127968777 2.009668249428616 3.241585695407725
1.2051783758361478 2.338677158072762 5.680293662321237
1.1634674601613004 2.102229634842054 2.9656009801770358
1.1215275743658997 2.085823920472226 5.567037432719285
1.2097990838412658 2.152201903416514 5.474509473288766
1.2014697453250482 2.4323857393633412 8.040296209519198
1.1375195960715367 2.540886268620631 4.705248169203566
1.2055761165943855 2.622358379889616 6.8495956958788735
1.1625841167820363 2.13267424054352 7.518625588105424
1.1521563926025635 2.1062594234682193 2.823277840668437
1.1927466015897281 2.8769382480602337 7.872760183620505
1.1263539806272513 2.247091273505923 5.897875344763282
1.1860476912308482 2.20426923801002 8.172294418086466
1.2042851048686218 2.1030257646972172 7.823129736317377
1.1478004625427274 2.326356748570447 6.931456518741339
1.1347999197970333 2.314884765988834 6.2943784482943705
1.1381313722480138 2.6617953870673436 5.829579025091636
1.195915178502598 2.589556569987529 7.929425958164384
1.2098327132392015 2.1495736062644473 5.540013051529042
1.1100585181546563 1.9979012048206521 4.0128565001772
1.20080261685143 2.0288256247213807 4.525892404347788
1.203105568515817 2.144040102388026 7.984939116546622
1.2001925484481102 2.162955403450738 4.655720007490659
1.2060825246037075 2.472966054270364 7.560828794693876
1.1720999950590383 2.7511179403349244 7.59211022766209
1.1875428019070742 2.119531760963042 8.036707340205831
1.1707256779302695 2.3376433318098657 4.198510938699297
1.147452230461866 2.870888910752689 6.319859532676039
1.1561329060580414 2.6008230614480494 7.057907520350133
1.1603538165126541 2.114676703379875 7.3296770313410455
1.166223858769314 2.166950916464205 7.635076980668455
1.13514306632479 2.4837035007252095 5.964593146130724
1.1728872560521317 2.421708354349343 4.531208220386745
1.2063423100134627 2.390771518130406 6.200798133681921
1.1340820858822998 2.482530787646559 5.859416835275397
1.15443792526698 2.7805991896360647 5.147634616707952
1.1923622622591568 2.820616775206588 7.788373517148404
1.1479170372879004 2.8579496383201612 5.399135944503389
1.1336706967218515 2.1067307402529565 6.197208806657017
1.1973765563368195 2.762863013899983 7.692868350552551
1.1337358539618885 2.490130252604634 4.73082612015623
1.1233151938833503 2.1125792702721586 2.8267701182175093
1.2008522575908744 2.326978709632363 8.015158781570513
1.1570360840372198 2.227154601800248 3.5046955149207797
1.2051311240519098 2.379894058721104 6.050605788231467
1.126916275400499 2.1995688214062374 3.279489305538295
1.1606329608564685 2.4801577473886094 7.2684472155762165
1.104397996135217 2.016172973626353 3.3546274381417227
1.162521007088975 2.5920502972881763 7.285039342892238
1.124013955097356 2.281364919269439 5.558454944256518
1.139267992186452 2.608690222888244 5.13493902968499
1.1500705678565621 2.539963681433072 6.749621442199208
1.1721857244743523 2.210225747210657 3.731714411032394
1.1922965703895474 2.1658829205891506 4.277380604221095
1.160578691446954 2.7667408506431217 5.177968760638404
1.1254443452386749 2.034744507526259 2.524005619439648
1.1981484028873808 2.799315406868633 6.492654252679026
1.204759289250887 2.5488926865208716 6.94084859332497
1.1921475768954324 2.2247761319084693 8.084714751368619
1.1293245249093355 2.4575267530372926 5.042344682671356
1.1207245704469688 2.131865563963598 3.0057329172438774
1.207117182913711 2.4091360130502983 7.1550364154587065
1.206115806103054 2.1364007656524473 7.686622617373713
1.1979824857060042 2.783182793000587 7.530283198973098
1.1370430641261426 1.957385601557612 4.554955158240883
1.147676744999752 2.7883159005762987 6.2463053958951065
1.1896013613533511 2.307828422145158 8.039937230595163
1.1432223948912092 1.9500348441792006 4.422613161910489
1.1993237664876488 2.087905866052022 7.7543295996505766
1.1255135552433142 2.2004147553189313 5.749277287660778
1.1475098475386103 2.8813135294943617 5.905914289062627
1.2001435911218317 2.6618479832966595 7.4497622910860475
1.2087545150043115 2.0759368022846747 5.6657296251214255
1.159750561855057 2.049212723855462 2.830302847991492
1.2083713156782458 2.2257155480279196 7.500845180943767
1.1971586905432359 2.323729230413482 7.953956379759415
1.1238335737084046 2.2977725626792127 5.40225088170795
1.1760557186243452 2.7825732545252135 7.509022611670833
1.2111824894787115 2.2212574357493846 7.0543053911594225
1.193470571809609 2.869765302638119 7.5562014867620615
1.1986214128680905 2.079227494816318 4.47402379505807
1.1453595690878797 2.6286743564452566 5.107347745174536
1.196917421000799 2.5891738671003237 6.067134939595922
1.167121930428673 2.55873059218104 7.371568593996189
1.1331650057301588 2.43039375366712 5.729268730030956
1.1348610161966843 2.1724707041132034 3.1567864232189997
1.1966500524490375 2.436257636011536 5.619296986793271
1.1361882543674129 2.371884938999055 4.219593730220858
1.1043050816849749 2.0868446159346132 3.4671854941872233
1.1949847667100828 2.053010408910573 7.495126241274132
1.1819008052822775 2.8386638837687714 7.55919708667053
1.1864182887505559 2.268597671660612 4.475047595288313
1.1494246206617886 2.3153739641150732 6.842183100894308
1.1867850285548793 2.5121620736123242 7.842091923643508
1.1504391275310264 2.8763165382742617 5.674223339144065
1.2090807507821377 2.0672628855340593 6.326176694213267
1.1894284100961796 2.789924505259636 5.994908182170521
1.1472047550381583 2.6605207946267333 6.262061253097606
1.1923177010211958 2.1088925163599024 7.81162615843996
1.2045995967548826 2.446828671426041 7.158707175436227
1.1464252872298488 2.6711694540518325 6.149190426325163
1.194099988963264 2.647178950587017 6.103714592902682
1.2047336848278796 2.173830215590102 7.687121087378172
1.153154386226253 2.8595399739856657 5.535677487306248
1.204964704978512 2.102065159448384 5.164649311708548
1.1844328917051365 2.6278765559378767 5.514083555886614
1.1953493887552122 2.770526475222357 6.494501568068182
1.1771478124249493 2.38349280767482 7.677185148167011
1.1269459296041813 1.9839315664778046 2.792576265600413
1.1359101094668251 1.9815379492725522 5.179280838011307
1.15705927807869 2.5169294935363977 4.743291713113681
1.191179107443706 2.7298473873761875 7.570316515617078
1.1270345512068367 2.3489502951919277 4.465676072678084
1.2039200515853803 2.047445889741884 5.173080126264281
1.1773082405354 2.2740436234816386 7.732592551332765
1.1789340660020677 2.534697563009618 7.600313753846448
1.117677899050411 2.099798450744206 5.060980761590031
1.1993867537753373 2.658009796089584 7.047770230615438
1.1932297873179527 1.9778768937008187 5.207745681095734
1.1773710684688572 2.681335921173813 7.438094985754436
1.2053120768543995 2.3470165320761383 7.307749235651123
1.1429559657255752 2.2454959921081974 3.631164778482704
1.191427777872778 2.585191281692108 7.634522733347861
1.140559271503606 2.186168449456717 6.4381497622331825
1.1935406451102457 2.1720635471896808 7.878005364451184
1.209914520504216 2.1618370083975993 6.924631203036698
1.1504847608922226 2.790420089200471 5.624192664191586
1.1414175724181563 2.3994655895334476 4.400236729344357
1.1589518120474305 2.509758254672924 4.7694588290534305
1.1631909597967858 2.8160182013177133 5.43368923359667
1.180367457264874 2.045042336945999 7.339805532818254
1.1899530853093494 1.9793313203320588 4.6105421213122355
1.11841338181239 2.1358202673853683 5.12280890653442
1.162812992673482 2.551786256674358 7.120765893382963
1.1908385052083077 2.275542129550974 4.803380046478253
1.167518757695579 2.096928280560223 7.321227877187326
1.1579105183565614 2.875057820683838 5.623741971488522
1.157431932133255 2.231563466806905 7.151994779974258
1.196547862348524 2.2485213804471003 7.854503694446146
1.1195932402428332 2.005265934881144 2.8358223283857287
1.1945924604127318 2.6539068917711908 6.3358636935262655
1.1899907177428082 2.68906504537816 6.001010415753724
1.1243503214078399 2.0612614059416536 2.769203935400542
1.1958287282700577 2.4024116210003412 5.622299066881817
1.1822553694289224 2.078744241506507 3.695175270837801
1.140143056432676 2.227530127713944 3.54960059776341
1.1976790927344951 2.6017980070758893 7.286871567627685
1.1491207692317422 2.3273482749633554 4.058527498672969
1.2072701062270452 2.059924563427192 6.303085109156466
1.1690245537906239 2.530890201467826 5.002801819413095
1.1630469129161676 2.8152997869942378 5.481546379094514
1.123640467352097 2.0299714640891096 5.048503329316029
1.208752008302445 2.1913497127788775 6.889928267286166
1.1157094542114496 2.01863933969822 4.307890061097314
1.1955647036874728 2.6382221857374093 7.238523455655992
1.193982524307871 2.3128364563338826 7.767390440777634
1.1339458033247973 2.0670343879928366 2.769946726951904
1.2045583244409954 2.0362820941802546 6.314003756611239
1.1698041901850735 2.775574944359576 5.574952499844608
1.1924862622824166 2.8627195685952063 6.689195176196284
1.1958025869044737 2.2836241620349806 5.18528410832352
1.167533965489615 2.792145896039478 5.547697004114742
1.1825300229053592 2.5692735883391804 7.526319470591488
1.1095855662868144 2.097978788981186 4.1724488362534995
1.1543832906645657 2.5250000382827045 4.867433742406321
1.1855135312307563 2.131445939092809 4.005587471884194
1.2007370350218178 2.3557088842820417 5.881836728984283
1.1743056470409183 2.894268009284187 7.14988344292931
1.1893955254067847 2.452003901995354 7.649439956621803
1.1635632139135506 2.2977674939880126 4.097059671895771
1.1410004648477272 2.4958744295852506 5.058505567871714
1.1495589202931755 2.6970991125297274 5.787461734744664
1.187709490804394 2.5004821884262074 7.623744485685124
1.182778768750692 2.8177343414504055 5.986529333980167
1.1359588374730434 2.440131748728315 4.951633187880841
1.1911838956481537 2.351827506206927 7.741734335235
1.2012175293196945 2.3387456051549878 7.5226122752531595
1.200877962873257 2.48966982983966 6.805683591362605
1.2063694694077542 2.0682593254262094 6.463597587140917
1.1133587752207075 2.0659231923329844 3.1675553851890648
1.1378712510997102 2.307423966866982 6.090884813844557
1.1091498831274715 2.0691425596970294 3.5083770136125043
1.1426465548896263 1.9589576104060846 4.181130248017723
1.15481731163246 2.827440067287452 5.867932226177629
1.1933813351942768 2.438737136844662 5.698676368553119
1.208451979419934 2.151081688127687 6.569609098086689
1.1905892247481822 2.404210840044735 5.381851720860652
1.1607018862992364 2.2618952951870788 3.927547243959083
1.1856808058599886 2.8917848646339044 6.214115065610576
1.1337260295191054 1.9645389472255481 3.6673237857747623
1.1538256836036607 2.7505943093195686 5.6920734352566065
1.2047385891528017 2.1556408184164932 7.325831843167972
1.1922224686525382 2.7112867637439404 7.099445108988004
1.1540547704225534 2.681425420846897 6.34488357425113
1.161008996196839 2.6500201770697713 6.752713893336244
1.1689167059497674 2.8371567349700637 5.784761253778099
1.1572438599298311 2.5876302376616147 6.652897823719172
1.1297004906585832 2.2151169563849678 5.715557038885198
1.1896725126258838 2.799442994697287 7.100244847485737
1.1894178881456914 2.8408720792761555 7.042821539661176
1.1533536301224818 2.6282544526983633 5.299112387975516
1.117943967290067 2.0749448163547153 4.806362693802765
1.1545997290047838 2.4795204364643264 6.668436520124791
1.1775694760643118 2.3242284510282722 4.61597679884534
1.1369976963533643 1.9629746666013235 3.8037648419413053
1.1307442267329453 2.147457476927528 3.238731713443949
1.1686656623841407 2.420320503814008 7.232885266200311
1.1527994213417636 1.9574830176875653 4.70214509958695
1.2015111871288255 2.4086699840893173 7.072050414741964
1.1729685424555196 2.000156158154557 6.589689169157687
1.1167685293125895 2.189101103981281 4.031194472276846
1.1136550302537185 2.0874102027797843 4.4341488911660605
1.1619979373477487 2.5907044547261022 6.846279737482458
1.151282122365386 1.9844057607419774 3.037113719217899
1.1752623867414282 2.1161987953750727 7.421229967586681
1.1250394843400338 2.122109899081068 5.400477491401368
1.1813605475121476 2.808476596640773 7.15777249631423
1.1979154728828962 2.4258486316171455 6.103979412119157
1.196552387676427 2.543584421954961 6.974073403838572
1.1758580245404278 2.8489599082638204 5.967958568714172
1.1776097381866424 2.15244686016474 7.532805844462475
1.1372789342619234 2.225608435396294 6.100236270812408
1.1912428265817427 2.747452504518668 6.852349555238286
1.1852670592089547 2.100616495170045 7.551815206729039
1.1710019476746147 2.4332755820734917 4.869164015644152
1.170718516394258 2.7276138155915497 6.957608815086278
1.1929352860529012 2.4989302834751412 5.9924853943022836
1.1623025918850223 2.0535298584074164 6.848367370074046
1.1843897019598213 2.7554198566772135 6.075520119750362
1.1882854751979033 2.642777168276128 7.313243139850851
1.1787722682770556 2.3250588777276553 7.543193261022619
1.1130931770146866 2.0631008922442637 3.380075714368088
1.173073452806299 1.9709390018978923 5.794342731647266
1.1458973391526546 2.4046119398630994 6.236220663403383
1.1430357327048566 2.291634434040072 4.046221825210399
1.187244158317216 2.8755763544041484 6.9727764056096415
1.195292013805451 2.207412991996984 4.979529397145342
1.1417176776032438 2.320476682628439 6.152218753322822
1.1819751743004816 2.8322624064161848 6.214153689516015
1.1766260918236269 2.5987669013065053 7.179416316628492
1.1179794713539308 2.071559161767604 3.1634700706778958
1.1434444396270158 2.422026294464728 4.775527932170727
1.1751553682022313 2.080731738485616 7.255339289847814
1.1761419520330145 2.380374700764009 4.835635578640964
1.1643555966132335 2.810936014764414 6.638111485285666
1.1847104463807774 2.013494155412924 3.98047123324503
1.1680837919401101 1.9742338813803368 5.7997631844515745
1.1675090184439818 2.2512634067115957 7.309139754760144
1.1848520873445185 2.87438087293237 6.90834048847155
1.1866759042882897 2.4101047418718955 5.284495973801736
1.182940328172228 2.6880397081891596 7.180214234277983
1.1979201049755803 2.4422057749894037 6.344814345714516
1.160831362681162 2.791727008428395 6.248151752951932
1.1140117698881356 2.107360660442745 4.305296848335159
1.1854492175251488 2.39182566596913 7.554065292412723
1.1887235302382457 2.7114327240313836 7.048803858866123
1.1387415706748991 2.379049372339418 5.77065684624586
1.1734560102597633 2.3913952128546847 7.328130558604563
1.2006860444653913 2.113625283958555 5.120697096158084
1.2032022171882857 2.2769247530895673 6.1527951048992335
1.192477685494228 2.3250785312095754 5.3426013225504985
1.1410984653541896 2.1388701447032457 3.2502857340334597
1.168173114990073 2.4508979823458388 4.937650809710002
1.1524515766480141 2.3698358225520977 4.4391261824159844
1.1300322604166244 2.083524584228673 2.9986988449411047
1.1837701490902206 2.8034605143597338 6.323892661682724
1.1385883247621302 2.0653417551879563 5.893396074216604
1.18050237718051 2.684779402538695 7.110808325494997
1.1841840990335444 2.0546480997771024 7.221278290054512
1.1189326608589945 2.1982362926333416 4.2854248675111055
1.1274171220188491 2.299550022423347 4.8165983467873055
1.1895279427451857 1.998107876847274 4.6212288037484495
1.154387890912811 2.384862964048122 4.536622089015555
1.2009550049537125 2.2190158109934073 7.4212595678855955
1.1261901153348362 2.082094507973803 3.057822398795789
1.178515464503779 2.8652105056812296 6.4900584684574465
1.1701299322781815 1.9667426060454258 5.309273915611298
1.1923707127567165 2.1519592700922163 7.546639047457033
1.1671346250280787 2.7068269399255014 5.700048192096718
1.1169503047929958 2.164674645604614 4.053485158123106
1.2015557641815453 2.301382136151834 6.095203426204394
1.195963102641458 2.1638270076639543 7.497456749141705
1.1704269008336778 2.5781127118997293 6.948796742848494
1.2054272817197127 2.1543174268061183 6.083486279209998
1.2009446679271114 2.348252910253966 6.99449107343546
1.1895447937709926 2.589989861446888 7.060809123956705
1.1729033359387966 2.6117147628942616 7.009624333434349
1.1611698760333786 2.5657085034393265 5.299937686943723
1.1627024371355452 2.7721211619263304 5.953212984943143
1.1231364198416456 2.214179793360378 4.915972062396795
1.1756732958384795 1.9934743221481925 6.2826685830056626
1.1626069162271484 2.638879855042265 6.616346010116299
1.1262962023756933 2.0475649087405596 2.97678127156062
1.1824786185450842 2.199658982247532 7.558723268358117
1.1254565397528014 2.183232056367081 3.701644752024645
1.1701815761350176 1.9961086863210324 3.5687332141189962
1.1709458439991072 2.0399956314383965 6.827871948328697
1.1842895681137136 2.783301165935833 6.636402560602459
1.1320093816015315 2.2043202961149584 3.7228185965925977
1.162904386469369 2.198128487659355 7.1153605493801315
1.1579884124132929 2.64712585261037 5.731230653306074
1.123948067543582 2.018637623463349 3.0952784966084703
1.1401896803643203 1.9951391299350467 3.0412321978031613
1.1718586931938841 2.8150822261967723 6.260503927865875
1.1897357398841018 2.5586933898840263 6.231348622439073
1.1804556136863438 2.2570921041605505 7.507930715776384
1.1991426750165672 2.0477219065347203 6.651858764298359
1.1955198623854768 2.3875048469782394 7.110632887673786
1.1235805359320419 2.021088732509126 3.132348295532818
1.1315790017763299 1.9900356887499706 3.247453916978344
1.1950519080156108 2.0809159793841596 7.128667560117524
1.150943841108532 2.4083919085111765 4.736803987115467
1.1554623173811005 2.493052010948174 5.078947895032048
1.1904291610022406 2.1269841052103096 7.453928354333549
1.2021644704212975 2.136991669600143 5.49882639039237
1.1204737711853978 2.1744432530468045 4.683658399897013
1.1418811791321455 2.3939651118837295 5.687987073188328
1.1934174307622722 2.3677680884695294 7.242207643123335
1.1245411895831052 2.116715935989409 3.3688307697806525
1.13965061388928 1.970718071213501 3.7818197387215733
1.1711267357666952 2.6878993889882583 5.918940158857822
1.1818639922070204 1.9945529948300844 6.189678096652365
1.1909974883592753 2.332034923823501 7.399049135497069
1.2013906210545566 2.085105031249024 6.829637692238478
1.1881284624359945 2.3949114358341204 7.365588486297442
1.1290595388220528 2.233039478815236 5.329469314921647
1.1722286026202469 2.6922388147362724 6.667676076941639
1.161896288709713 2.3538267096004004 4.5586183961630535
1.1682879630986203 2.570845004013205 6.739017394845025
1.203971804555818 2.1976588559557797 6.28903461627382
1.1464725705201884 2.4220590646071667 4.950519464582962
1.1480519606017703 1.9679200902031921 4.581136072249382
1.1785349941741587 2.6844108499377537 6.214706262868091
1.1645011975520179 2.6865047734105514 6.4080178032415205
1.1445801585562787 2.4371484214499373 5.502543118296494
1.1871028391629181 2.6355938091978452 6.80174861996144
1.1673990029023544 2.178512019353738 3.8555457747059467
1.1396777202957198 2.135135628522274 3.338972917067764
1.1540916403191295 2.558746110604562 5.976669695254255
1.1844830877974188 2.6684638103249383 6.678142265496135
1.194612219970631 2.348450370861544 5.886870801682882
1.1752048446279453 2.708974267107405 6.443267722733248
1.1879727406959049 2.5681527127534904 6.256434273756257
1.1339791740029024 2.011969209247021 5.07092806953813
1.1806102049821505 1.9798886158203555 4.630268115703506
1.193028215939019 2.450292296852109 6.860948955091182
1.2012786633702979 2.1077628768307677 6.929625564999673
1.178748587930051 2.677436883246859 6.6579547550495874
1.1511040781801116 1.9786103268117898 5.199713343744097
1.1446208996524763 2.257112862329735 4.035324557949396
1.1355525301033353 2.07775583488832 3.0887522954602513
1.1977129641387494 2.069126598450923 5.098134633751144
1.1502980076926836 2.5136015439146755 5.58962196368382
1.1348058649481956 2.3352239003587316 5.090451020360224
1.170876766824631 2.6945733119085196 6.362834434319057
1.1951836812453462 2.0696987605528023 4.882183277255942
1.203409129699851 2.1915294245003065 6.643395701117722
1.2013392674670098 2.286570886719167 6.50559561518752
1.1316971964045595 2.132703081603198 5.543330929517358
1.1875167019843798 2.5929710856067842 6.53912683923128
1.184845823894307 2.6050975191440253 6.321932771447978
1.182112574096673 2.6149620877170427 6.746836575176642
1.1850500216340678 2.0223960801397465 6.676885659784626
1.1740695605866323 2.532405022609554 6.9234253814087
1.1602531651478953 2.5452223672203327 5.448292123377831
1.167696821852087 2.3255946632532734 4.5872491242488795
1.1467803338339693 2.4534349325340346 5.619943406242067
1.1461153818996626 2.195002737880867 3.693378500628386
1.1568298797361085 2.5080339428041194 5.281217287089765
1.175107339003772 2.551632398769379 6.832471683650258
1.1642305820968293 2.6598212469251594 6.289771221334101
1.152222647848868 2.4035714937653765 6.290048608781133
1.1491452153953179 2.360556850264498 6.2202432966453145
1.1779211870952722 1.9871551978850719 4.303671655464228
1.1538879324741471 2.4170863933459454 4.879614437019319
1.1855877916037432 2.6048339758571677 6.493337076820186
1.1896549770490812 2.4888400862540587 6.85354607756461
1.1793684533252993 2.5116818933698264 5.70378777750777
1.1633569697746056 2.2699213560716904 4.235584709395274
1.186873317796912 2.509849644192501 7.032765025672559
1.170561264684371 2.356496705606246 7.043821715087514
1.180780634555667 2.475824169404507 7.053605564468851
1.1582982032900817 2.5591927606910785 5.6743155280148425
1.1534524171374914 2.4864185811005415 6.085679925205243
1.1811637118420872 2.0099970628126025 6.451318421164611
1.166317092845105 2.309582542467832 4.4933227918726395
1.163082293872693 2.3270265350755133 4.510136166013682
1.1253599849957958 2.001316693496661 3.7752614202491177
1.1853374317253265 2.09650606992605 7.249263423015078
1.1876453557922866 2.0282207324100128 6.687709358041763
1.1621734466082194 2.5599519346687676 6.380038301557244
1.1447610217582198 1.975515006613874 3.7503270051020348
1.1468570641959615 2.360480982926203 4.677895882342163
1.194599517759034 2.2427929302020333 7.240804591448411
1.1996847365586167 2.1906716277453806 5.630155124144146
1.1694485445333225 2.5412875016682768 6.636205553441638
1.1844011115866218 2.5518818804260492 6.126609324480617
1.1780908155188152 1.9900617553642739 4.309115622186981
1.192115283320791 2.4177655915765754 6.254333413207069
1.1629588631367977 2.508466231348462 6.549321271798437
1.1978966834762699 2.0632892208812383 5.303142778100192
1.1957966104297482 2.3509816593633355 6.359314325607857
1.1734423962424658 2.636174473808448 6.169458489116307
1.1462397528082107 2.010153805990382 3.125343550344148
1.1650594148523736 2.6143383048900386 5.829287197091723
1.1597886001166606 1.9714453102200884 3.9798276318455947
1.175269056239736 2.593144201961357 6.538982577234142
1.156546978384545 2.523923252697979 5.571874991422941
1.1559513661383123 2.1564398518575354 6.67510368732615
1.1930017590273863 2.4045521918443384 6.394985061254406
1.1636634612536199 2.6134652207203994 5.9549709463664104
1.119737899629496 2.1090732529772818 4.352000255350799
1.1451956923797975 2.390462995654865 5.08061378020604
1.1300185743710234 2.1726581001464567 3.7439581951044953
1.1249203904884295 2.01824215107289 3.4204068342470837
1.1723136276993054 2.47080413603718 5.383398283837584
1.1614529370776154 2.5657919049736977 6.046612878751986
1.1842692411009224 2.168235469243978 7.376404119704867
1.1745621563833857 2.33466728933818 7.119924262512253
1.1721495001525704 2.5012135111878138 6.784700907395527
1.186634613416097 2.3973433311823102 7.1931760537619205
1.176084750755214 2.202324901561018 7.24507505624889
1.160113752652827 2.5296386723257918 6.178006084537847
1.129826431721344 2.1796449838817553 5.319121187032451
1.17050019076743 2.109791273734862 3.7688032239036264
1.1469305760974815 2.4245157962752817 5.4411724068933705
1.1886102278081343 2.038787011150432 4.495932904856062
1.166809904214499 2.0348584855247553 3.4875153965767858
1.19900632104534 2.282457250216593 6.534364572543311
1.184476567756877 2.15445223603673 4.423796149448263
1.168989091559229 2.050191444063343 6.65810841337232
1.1535405516859205 2.096090822631035 3.3510499010816552
1.1831366645743524 2.5195282426105337 6.738061766126247
1.2009502990452754 2.2368893870479907 6.492166809472591
1.188220262525225 2.4924886726641975 6.450706034045632
1.1927201319137257 2.0954472091113128 4.802144036162346
1.1780575025013245 2.205308964283398 7.244834182416634
1.1838121066120117 2.500823955184758 6.011505791240218
1.1915744860284194 2.0783698396609926 4.698142439145297
1.1410691931861467 2.1516273447492313 5.961742730909995
1.1391103262722395 1.9999571247023904 4.933905039291634
1.178725029204039 2.355129766789604 5.137791840292138
1.158340053492465 1.9765360987825007 3.8515330606169957
1.200134624090465 2.169269868451143 6.853987446615291
1.1739898102719735 2.6030635542285507 6.27919997567259
1.2020665156932142 2.1820998288614426 6.4203977163267005
1.2021019186125963 2.1818225285957675 6.441408170503523
1.1689494158253424 2.536881524340978 6.4573055885677775
1.1261408528070886 2.209691949801894 4.5536144872353415
1.1505481368969375 2.2082233399863216 6.427323507903207
1.201479461678149 2.2100780259758803 6.504911878770411
1.1900546763990374 2.0606659631384088 6.857300950635215
1.1647247081271233 2.5488719204838826 6.394720861035655
1.15310745013031 2.4684734859993154 5.8766092614093335
1.1633483856490492 2.3921451685210258 4.902520563042652
1.1665704260987004 2.4599198702494283 6.6537776027342765
1.1455560119498676 2.389265616406361 5.431952836398908
1.127663479124516 2.040997869759313 4.7696522869181806
1.1433458693606162 1.9938733550837193 4.969516065660935
1.1773417279567362 2.0383443084961623 3.9388395488006385
1.1669193570487564 2.2534497914861737 4.33442083901255
1.193003159341643 2.3729778593797266 6.364879483244351
1.1383087031446741 2.25648032090745 4.250914436496574
1.1745099163292176 2.250840841802769 4.530047892640809
1.1382610310878831 2.000857711458112 3.324668862381703
1.1525426086444504 2.0531313807975407 3.244771593776008
1.1531251806087903 2.4593875521845394 5.444600449189341
1.160763924511137 2.2533256404352864 6.762921663990497
1.1666313901687069 2.5506983474373532 6.297155058234043
1.1205254187679428 2.065158745752816 3.9724005727129477
1.1878893690244383 2.106190387117902 4.506340351335588
1.1560237744029584 2.4130044668389194 6.25413516186857
1.174817635652589 2.0129971637528454 6.2898072898825514
1.1505809603066566 2.3798372311399465 4.91056119198565
1.1885962228205784 2.0055389111932476 5.8218777189570705
1.1997408474533695 2.0821400166324158 5.972280299632205
1.1393610652058734 2.319818976892761 5.321709332829808
1.1330493346761155 2.113448799906304 3.448673718544626
1.1232402000675852 2.038178595599887 3.7011083268635563
1.1371392660238242 2.0221045073098844 5.110771127307828
1.2000476759743566 2.101299171229334 6.2122408823362765
1.169752827052082 2.400626074827412 5.177602939792848
1.1680428182546014 2.512427873016561 6.3748465439933195
1.1959033726329356 2.081130071572746 6.63667822324965
1.189176682703801 2.2803861126668243 7.181329285237499
1.1877043060905583 2.127866182922577 4.575282410885688
1.1724715975706146 2.544727796247403 6.430413035912114
1.149202123842351 2.2855241718082775 6.193531649627742
1.139428346953982 2.011617094153655 5.096149112908188
1.1929467407032486 2.273815441233517 5.65283533043185
1.1521535745959746 2.324830203964922 4.592158795593919
1.160573063973153 2.0599702665841026 6.432828879513627
1.1983927685138025 2.123840967482333 5.592103089667194
1.1399970361222098 2.1614558844187073 3.671286477660761
1.1885635133609274 2.395464495273779 6.860280339231936
1.185709974880268 2.423501832732009 6.84934617696554
1.146644356387348 2.377490554428326 5.491213165821623
1.1603483256291396 2.483556245145744 6.021405995761828
1.173806011735369 2.483644306950258 6.602549516828983
1.1863391719045058 2.0208014298818524 6.315726127733598
1.1737401623972106 2.1125088616342143 3.961460426212339
1.1956145240676073 2.0905946391643253 6.654571756383847
1.1454424643585708 1.9814923063353347 4.010262835607945
1.1898797249678146 2.1191108475684755 4.742176385664445
1.166537330049734 2.4904493075539444 6.406141026717293
1.1561579765965317 2.0071033622392864 3.408485942475453
1.1278172899911594 2.097439559614901 3.5202097645909216
1.1775203679069066 2.075753753196003 4.025540383185081
1.194327369668346 2.153429915006884 6.9715699225516214
1.1786705759516716 2.4171446610844405 5.569836679315426
1.134044530296164 2.23893371907294 5.238739944223795
1.1780185352467332 2.2000030774229478 4.490354112612417
1.1478295829767797 2.331317151291696 4.7177897748165805
1.1796371971166504 2.245665132240818 4.758354902240956
1.1551099182328572 1.996538807626079 3.510323268319837
1.1459239084927675 2.0059181352567244 5.268908139074961
1.1486734423227982 2.0165103231753685 3.284343787318001
1.1858607206013931 2.354019785088745 7.023240791481085
1.1833402482021658 2.205259488952805 7.219930509456628
1.1613823373800864 2.3950289549529375 6.430865029739806
1.126092768382326 2.1427703306389123 3.8941944636395682
1.1758595937954508 2.431914859269933 6.7262347337676776
1.1448363696582646 2.094544452215254 3.3986132762594607
1.1600855439393774 1.9805903298513903 5.0843396043182985
1.1630535998584457 2.2323718557820236 6.809981399900916
1.1728227923729313 2.2504758675989462 7.040611206826581
1.1811999515433695 2.2548018367177365 4.873296698571323
1.1356505600733728 1.996294730330647 3.7113013014635854
1.1894353551167796 2.0179032796170495 5.175821235274823
1.1861694882579343 2.2352532610904556 7.224246935650681
1.180101051733526 2.0016593850118767 4.517494059980864
1.1439483596404312 2.1008256551575686 3.436486710022253
1.177778163936816 2.100681872598014 6.933324597288285
1.1826322119752972 1.9966639993981885 5.367337517990373
1.133974128331637 2.0296990425698795 3.3213564503078103
1.1772834554314444 2.0537086495051184 6.648995251740358
1.1264379714282209 2.034482335633059 3.6057371276992853
1.1819827765970419 2.1129797175973373 7.028387528626258
1.128988682009295 2.1732236257639794 4.039989775599057
1.182463131206421 2.436175811700237 6.648890567528332
1.1819515426194664 2.336590426594519 5.358411266388565
1.1394186956145185 2.296166980236046 5.263509705216471
1.1482315619724353 2.112061911950353 3.4909477872230283
1.18050467183379 2.3562121815780483 6.9523660440861725
1.168354440054304 1.990369200740099 5.500453965018295
1.1946125252030926 2.15455524061366 5.367181906053
1.1801260210564133 2.4602226648556873 6.049253826356555
1.1403317331590421 2.23493486445248 5.6817394410459965
1.1263504992642503 2.060574347504586 3.5309414912989414
1.1846748178204967 2.0024481366135203 5.59268423868124
1.1675284511531847 2.375629892836264 6.647063891109703
1.1815408456870569 2.381420829053492 5.588065274483942
1.1239108130521274 2.0813489282589748 4.39538434598515
1.1859497759573612 2.4372193895044383 6.432528958992764
1.1827659449555932 2.4493231924246324 6.318755260515921
1.1437194302092892 2.055391265133591 3.3155411218203525
1.1661174716604883 2.110794368981564 3.761451533786108
1.1819405041714146 2.4359493939258554 6.020239914438909
1.1467104580283658 2.3077255839057247 4.665988861155856
1.1907944270148296 2.028593755042596 5.293439650473967
1.1456736718144895 2.343216826218147 5.361520732083719
1.1904891429947113 2.349811147424652 6.603363733745777
1.1821799031908953 2.1782085767040797 4.617901979761493
1.1508270551369895 2.3918077183259223 5.419940243114452
1.1654818774275677 2.356112090494592 4.93431857424236
1.1547132934859627 2.0946022339689727 6.315624849034986
1.178124248827796 2.2011011448222284 7.067474260245902
1.1773617885932173 2.1879801424235232 4.479928992980231
1.1953048114057536 2.2181091170949365 5.834705960031338
1.1682167780220105 2.012126192054751 6.012828033382142
1.1426536447162667 2.145021110301366 5.83970455754336
1.1308865823472491 2.028206925736138 4.587005163631417
1.1581247200564833 1.9934021284293775 5.357752041471709
1.1813220805753566 2.4113697294584675 6.675707330252729
1.128993758459789 2.1048648082333856 4.951256470260823
1.1843474212466332 2.418288163810381 6.613959497241254
1.1515712435215142 2.085126131656441 6.1378057585928385
1.1548217773478546 2.164050029630172 6.443461969036658
1.1979045222456195 2.153750603097147 5.925256510162075
1.1772864036811126 2.3108230401110417 5.1278086376835965
1.1245299340907642 2.1104267153247296 4.142411180577476
1.1803259970291502 2.2110346796771267 7.0732295762117605
1.1622642808444874 2.069762814290515 6.430021796904105
1.1330690628938873 2.1617542486848866 5.24510112467615
1.1504879449291643 2.3396514017658268 5.893907521448217
1.1686998703514293 2.3534980786495727 6.619071964498712
1.1691722606533883 2.4618443917094446 6.087874459522206
1.1775443042248623 2.0603404851770732 6.617386847636228
1.1936293958851465 2.129622036576541 5.300321788209006
1.1251363591490309 2.1053642383927738 4.010328843096916
1.1535396557399253 2.3292750003911635 4.794204219465319
1.1589380792377222 2.359754217930239 4.997467166358433
1.1867812082929188 2.0108241114498546 5.69344751533596
1.1723856227489595 2.151284014474716 4.158918996849986
1.1546810224310533 2.289829792308295 6.275379144435686
1.1742525280566662 2.3768623906761372 5.375066746372422
1.1907240228781064 2.1685963109403827 6.974737342458402
1.1293429523795306 2.0877137739576384 3.596730218958749
1.1542484940378077 2.21029794575563 4.092782680815516
1.1799870262056948 2.432493498465738 6.218010853291057
1.1833467552372778 2.145019941105794 4.584226659283724
1.1339379209567395 2.2110055721884865 5.094641342006456
1.1517033819765767 2.3042011589048776 6.051067697360196
1.145449877981591 1.9910070731008271 4.056584144121263
1.1716074896548943 2.0830053515606486 6.675944760319524
1.1723753541764057 2.163966485921031 4.2306165465646295
1.1631328435189132 2.3453645296300962 6.489318565186627
1.1750449177498643 2.204024540819992 4.5368740764004905
1.1423589785103494 2.230052222583547 4.292791339125053
1.168705209856928 2.1801057511679884 6.808203239331823
1.1789994907466101 2.190289869284417 4.6142513818908455
1.1548747328663973 2.3964588310540833 5.437060293868651
1.1789626831899482 2.1598908394250618 4.471285147885677
1.1594857462701542 2.306464134489363 4.721010545812842
1.1431636466391126 2.0158667488099105 3.5124732220088557
1.1285659723416919 2.042344657724198 4.354875380595507
1.1449058246024548 2.2949515475829285 4.866599294926196
1.1276006826518756 2.0534154471624895 3.729379337988526
1.1261499750530666 2.110380769749438 4.36699886534395
1.1381864227248935 2.2392337552802957 5.279137694483609
1.165738723488615 2.4554344499225165 5.864204172761401
1.1786763978501957 2.402302441097662 5.859737729921358
1.1348607257239434 2.0073252845515155 3.9086120165697
1.1326498697554777 2.1836166652377993 5.00312254698296
1.1817018218876765 2.1838930382116093 4.715443213323992
1.1359701495975292 2.040210954450746 4.953679192684882
1.1619212900623306 1.9839076888283647 4.699036386225112
1.1549428705012064 2.331359599224434 6.0984347776428685
1.1373673926601175 2.211198214741596 4.298148537741627
1.178968542673167 2.392338033745636 6.489816961072851
1.1569716796298994 1.9866076390693441 4.821683213478568
1.1748005669044543 2.1315366803675757 6.837594375760194
1.1329154772079246 2.020582503919354 3.8175206381586335
1.182237320231569 2.3618893511750296 5.848933681399185
1.15293458065091 2.3637835688205335 5.270941002681262
1.1490326649889102 2.3395339931016212 5.237415651174318
1.186226039504978 2.133451924184574 6.945142273260096
1.1745850173464933 2.0532636968768605 4.065315569549732
1.1948594785470052 2.1717575932142505 5.9199296298338595
1.1812860295540721 2.043869514335828 4.445482282231286
1.1509527955415244 2.129901358259303 6.112785922962084
1.1679673506604835 2.420017320670989 5.857797086345636
1.1551464607741126 2.015493209773358 5.567593334465537
1.1841402694920578 2.3478871582541294 5.872327009137626
1.1703869159330882 2.4140813538423016 5.942127718123894
1.1842754271762381 2.0643598462359734 6.555443988978945
1.1851807093406619 2.0177828950380805 5.259173040784072
1.1340189109715297 2.01880500102602 4.200388825251396
1.1840337876475562 2.1151278261280355 6.838885456208995
1.1506037642392428 2.0346945970490697 5.5994877198072945
1.1310498804872695 2.170926999792347 4.508152292430282
1.1775155310077254 2.3204910724754804 6.638140229668958
1.1628441590944594 2.3792365813214613 5.30320997725606
1.1945217479908006 2.1783749177879046 6.114447233650161
1.1451380501853377 2.2453092190905446 4.510522463485717
1.1878289577607246 2.2932459486771553 5.821590804715427
1.170677896034686 2.397790650706754 6.145170255405162
1.1795588597863558 2.198340135922175 4.774671310928868
1.1301829333194213 2.110071225160001 3.9436418113967893
1.1671161150490592 2.3234840393118974 5.055466205072893
1.193329374968891 2.0836421626092854 5.9248442998890525
1.143753498329611 2.1487754295359567 5.695549965434125
1.1423087303222235 2.2054637970973565 5.557841916150537
1.1485688357888093 2.261511639531659 4.563669005626107
1.1845453259617262 2.0665688193852865 6.498862343976381
1.1315136749303336 2.126157001034382 4.029229423299213
1.1780393595397962 2.2795366356143236 5.190097528072718
1.1574213664147666 2.1243908867404535 6.302469809603599
1.1705073845362106 2.307291211643526 5.094074773887376
1.1778118286480013 2.163830823073283 6.8221489360764345
1.1460284333036572 2.0945352172371194 5.728247124149718
1.1793692857156333 2.204745953417267 6.857739679242069
1.1509278613532716 2.2684027618460902 4.620188931939612
1.1729792807867299 2.4007741263268634 6.158163464880811
1.1677345727646082 2.371923629775135 5.475897866206994
1.180281626499278 2.0103458753754464 5.420175817847182
1.1285016669126011 2.1041071438050976 4.239480604980239
1.1305996508877292 2.1343934676978242 4.166863177338698
1.167705439476099 2.34119949209189 6.370325953108056
1.1596704957532658 2.136893260592363 6.39352373332019
1.1931880829893666 2.1321928307203897 5.651929809593067
1.1840710521854088 2.0996826381208784 4.660152668961889
1.1790130451897265 2.32040798993057 6.562034290314882
1.1560638733632884 2.330184185028158 5.918686953183272
1.1594248425934814 2.338942814683754 6.034880706104156
1.154274485654242 2.041936393107648 5.75494843027708
1.1659867525958232 1.991836785991345 4.563311957342268
1.1586005464336098 2.3208854294390346 5.032309016454509
1.1805938244340213 2.0393515277879795 4.574125555675174
1.1685015454166257 2.2553606180978756 4.760127035033928
1.1820185092427653 2.317404328957673 6.520855016677626
1.153245856401995 2.284022558105214 4.738691268078869
1.1926061498678193 2.094703388314387 5.622219134302787
1.177485623395824 2.0308455138596115 6.002993680281698
1.1588404513175847 2.029198468337735 5.7447414884283745
1.1609188534608879 2.3411696870331062 5.215630601276542
1.139488940740187 2.2067439859945477 4.433177834234735
1.1431759426897878 2.221195081767069 4.4930248578628
1.1330726151711918 2.1685577173123756 4.580198537738244
1.1869465341164047 2.1553499298011953 6.831300853812296
1.1877179762835608 2.112397788927999 4.975441403086162
1.1456062676454228 2.0372706528958147 3.6304691668086324
1.1512384645926566 2.005556755544581 3.8447516963030104
1.1762793225702666 2.0689869039276103 6.418580534908854
1.1720220191941393 2.0483842383513853 6.229606989681047
1.160375011919939 2.001266153603027 5.1804104903164845
1.1370077983074987 2.1798890343457105 5.139539313553536
1.1829871410601265 2.296818003944314 6.5552843990009055
1.1417157759797978 2.143873675783217 5.496943581520771
1.184818868584077 2.2849485664692772 5.72793415638994
1.1925296761082573 2.145460795629149 5.7688228222514795
1.1760533035140686 2.142846655936725 6.700064436777897
1.1849977655015538 2.2118484261483453 5.22850914813943
1.1749529387564734 2.17676809083775 6.718803705949393
1.1722933802848552 2.361388878337984 5.6963012672814255
1.1570539144029486 2.3267495257521835 5.192941412963757
1.1859932866668794 2.0375562158021294 5.23917208229247
1.1744988157287317 2.008484583564129 4.682270676489985
1.1828157872178513 2.091008745248882 6.545481943009957
1.1547599013773353 2.2168563855478123 4.353734314590824
1.1709478098732444 2.0841293676750583 4.115889041803108
1.1331742028938545 2.1399365219563498 4.753099327825497
1.1493308162554567 2.0150804898748262 5.066521676064596
1.1411024065941948 2.0324062835324646 4.860093061383168
1.153858039883296 2.1832398391250427 4.159170495023629
1.1382966369444731 2.174664742345728 5.193075582298665
1.1468802125459359 2.2032852440896935 4.31515104406558
1.1708422688978746 2.18547120802521 6.625607891847965
1.149312178624567 2.030315673533878 5.30470325271861
1.184436923712941 2.069485354337842 4.821036522705677
1.1547204086016178 2.0487253188168144 3.6849706569607186
1.132454082353252 2.125975716452375 4.5327429859391675
1.1784513391022937 2.3039084534206538 5.59184999434669
1.1535844786167617 2.0026007082974853 4.89329671084459
1.1424952294866433 2.1454065862658593 5.464928437452405
1.1516665719196166 2.074704986406244 5.784691729289957
1.1843231882877276 2.288036509682411 6.463766708194585
1.1432658004681433 2.23512438121857 5.00134909382923
1.152061028580531 2.0242602692180016 5.320012686945212
1.1497431394206192 2.0348694718193547 3.6999841802133364
1.1448184493819422 2.021873792844906 3.8851914624236503
1.1687510361571432 2.2959724899669203 6.332800643648763
1.1664085746522193 2.3601367009406458 5.974083076633201
1.1528120927015746 2.291766689677805 4.9927669722173
1.1812292479602562 2.1973071982681227 6.724340954625054
1.173330896029283 2.1439630783708763 6.62861890406905
1.1404808939290962 2.0311948885418873 4.719315279008724
1.135652758226417 2.1623887227784455 4.895158630552837
1.1658604724641202 2.358882914207817 6.019590851817167
1.157750219962276 1.998690569200652 4.582846995449671
1.1585780469838909 2.325507638924767 5.361587862311072
1.1833183825070446 2.110667586786523 4.797574244191237
1.1472745756070781 2.0087072832136443 4.01371895391773
1.1871586169079131 2.275695673084729 6.124256919069474
1.1668962355956665 2.0153538390549492 5.563644679844797
1.1668922689044652 2.2157692295069364 6.499740352782551
1.1646318004198442 2.1573069339433806 6.47567184136215
1.143964416565583 2.037972846613786 3.8245567336805237
1.133126222481351 2.068561452014639 4.325559343893039
1.1678208748936034 2.3460707036527184 5.85481743616227
1.1737532711240495 2.2745901317739117 5.178394702965184
1.1545005944257822 2.309177199056573 5.375475922233159
1.1726104736239216 2.3103885889254165 6.354795790085955
1.1720009032400058 2.338217109275091 6.11045810218023
1.1403571408645805 2.0226958409892832 4.22556947990817
1.1693273463174938 2.028603340082154 4.241484145492279
1.1571786654889418 2.2929762552354034 5.022455243816385
1.1506050363326714 2.006829907284974 4.051655974773794
1.1584771744357256 2.262099664355669 4.794043655024435
1.134191745616098 2.067899245462428 4.491365861974504
1.1637175023929103 2.348366827687629 5.627042577141024
1.154260542662666 2.1241215111741942 6.02171293705973
1.1643866414384938 2.323489766458063 5.280190875777603
1.1842185873505202 2.284797283635613 6.169622442786881
1.1477095388031981 2.2513302955793533 4.859476200175111
1.1880140897389526 2.071774210333988 6.03497187633614
1.183928905278786 2.2207401298092355 5.365005080812061
1.1363723661695595 2.041802049834403 4.110420016489238
1.185150856472616 2.110991248096111 4.981789116336792
1.1600472802465762 2.1824106457253274 4.3163736348264585
1.1645412348817756 2.1899846482898875 4.4071523766625145
1.1719013170990713 2.274253754644533 6.418072200819898
1.1471949156486556 2.2179930736409643 4.542363608669609
1.1774313492927593 2.048965371578138 6.01581228833936
1.1682329312936603 2.1626137370319873 6.476501946398038
1.1529294471698384 2.2212150315027452 5.9264543476570495
1.1649067491638785 2.211909616378083 6.439059653602678
1.1766362523878129 2.31227774895497 5.928057874624368
1.1450972507406665 2.194099972376759 4.4328243640059455
1.1559744494498423 2.285736856433643 5.034014649554637
1.1508322158645397 2.2707671175078676 5.478305922792323
1.1765544206281269 2.301587681614367 5.671961978182761
1.1792015563531564 2.2801268538796053 5.609449456816508
1.1586348086198996 2.138053376045925 4.091349479049473
1.1376132273377806 2.041265311892395 4.307740340910401
1.1435248858599318 2.0311311114544957 3.974368161788844
1.1634329662300342 2.1748824472965604 6.388942270460792
1.140736704875776 2.1291983273868955 5.210635880920103
1.1710532889447625 2.164784988851428 4.527518703857089
1.1553648505176866 2.004686177854288 4.718785178297365
1.1588234472399892 2.1141792364454766 4.018571796371367
1.1760382111196472 2.0329457187414612 5.681672020757029
1.1825756270934247 2.2704016995731027 6.0067734358539795
1.18392953417105 2.1889168051221786 6.55802389197963
1.148311773871789 2.1477248235303494 4.095452442577807
1.1797101993443715 2.249485621740913 6.418359941283519
1.1846715440978706 2.2480958602265204 6.229688826724523
1.1559843840187916 2.17248484047635 6.052853294496124
1.1860039008990761 2.246552044237817 6.149649527368043
1.148383093842496 2.242732729787191 4.89241667957301
1.184461994746354 2.08831608404455 6.265205221974481
1.1454650411177023 2.1655894331088437 4.2916139727150835
1.1653416616749543 2.152092493293656 4.2925440932752785
1.1763746680546707 2.286690859706782 6.17573449225957
1.1814932888108571 2.242968916296256 6.38504804218527
1.1676300783543283 2.059277611702369 6.013362308871033
1.1729983210938166 2.109087114991337 6.388136020152444
1.1449399826426845 2.1426241282457865 5.415110732619885
1.1638788056437144 2.2476926172968517 6.256114239437064
1.1520443120275679 2.0200010550726826 4.955529013012939
1.149187872856537 2.2435351862524646 5.37359951184758
1.1457202002206317 2.0245143645321457 4.5234796521583185
1.1861711349274322 2.1537654374469577 6.45503262212719
1.1842798242761474 2.252504906721624 6.073087087466204
1.1774432848173924 2.07971863840237 4.6443761814208795
1.1881632342228363 2.0992170410339837 5.527878888502061
1.150903283052083 2.184595000606996 5.7450898988206305
1.177606557450794 2.110516366767269 6.340767004929534
1.1688134138139745 2.1332056023844546 6.324831543332172
1.1860197324926725 2.0777220152713642 5.276871371771497
1.1753434036046153 2.1557922924135733 6.444981002162345
1.1884004895016647 2.103878212962434 5.9662487969850275
1.1786129617390542 2.0911107413874506 6.269001549759189
1.1854427550540612 2.163099615402425 5.31491783118269
1.1812611154091495 2.2615034327128436 5.940430960649149
1.1793540517712473 2.0704104640260894 4.81054294245317
1.1484043318927268 2.2286399140381277 5.355498897031541
1.1860619901494287 2.0874726393182454 6.063949964339304
1.1818652139526589 2.2306656964301057 6.246624642901034
1.1509296643646922 2.0365921151793853 5.113314001362506
1.1528763986231165 2.1719573135969457 4.312846020049895
1.1735126625559518 2.1893403210742206 6.4238642693689965
1.1505702334927599 2.205475552388341 4.595038866452635
1.1738077789821588 2.250166707249833 6.286276148664729
1.179186524242843 2.245936866678747 5.62580890753927
1.1723960616718396 2.2390040104829483 5.125419836949558
1.1858505914004376 2.203076974152245 5.815110832742471
1.1692907291554815 2.022859695900034 5.120966204490141
1.1431153218778523 2.058890827955305 4.824239102060705
1.1539585908690737 2.2560033471231207 5.1000646628887445
1.161451984937209 2.267042014330082 5.169413323120979
1.1879584046225649 2.1363979133034467 5.924149893654718
1.169126587995207 2.2694697075039194 6.0033798591389935
1.1725268172206114 2.2654283359333536 5.384053387320515
1.1623070407705898 2.0711911077691614 5.8943385589928265
1.1663449557234602 2.1528894376636147 4.441780933167671
1.1596502959137227 2.1548133704582364 4.338655912642622
1.148500620236109 2.044610986679526 5.047353593745196
1.1460529411329066 2.032120284563864 4.399545379926117
1.1540739017569055 2.1829532915653895 4.466845316839345
1.1484546711616215 2.1904174562454117 4.588389879577999
1.1796701111033046 2.2440369631580044 5.889648461547839
1.180109345968016 2.1123597010043005 4.96872604804544
1.1449649761431484 2.0841038929795985 5.112197431204651
1.1770931261492223 2.164449869165314 6.3205966250079015
1.1614598703464476 2.143025325147322 6.0720742922713224
1.140899828693927 2.1383597706036506 4.54951477961014
1.1702056311035718 2.1147048699238966 4.486555434706069
1.1781493353909391 2.2044736226070576 5.3155239046284315
1.1717560759755352 2.141585566509879 6.3019835264175335
1.1612205589931115 2.049337238207712 5.588873291699153
1.172382563634161 2.1436818204513974 6.322256459724715
1.1696327308025118 2.268940380530771 5.65656555135404
1.1588847272874179 2.0199015693593725 4.595517816885408
1.173748810002337 2.1859013175926645 6.322125423896798
1.1648692746639182 2.288618653278536 5.61063742876669
1.169284424723216 2.1750467154466198 6.235674444123655
1.1838354404768618 2.0959682057557503 5.308807779657055
1.153267832103848 2.187171006449705 5.720565103692442
1.1697504427332952 2.219630906987815 5.067160701355869
1.161005223685056 2.1028784682284 5.933736898877926
1.167340146601091 2.065268302499692 4.314664304412265
1.1630376448053006 2.090929970913648 6.000778087262933
1.1414335046462951 2.0949456254601517 4.337929465471108
1.1555448928260303 2.0376425205965356 5.205281199448388
1.1754336044977745 2.1185249699703785 6.190804409515312
1.174675319890918 2.245594758940241 5.5413456798588125
1.1705085252982594 2.0794645553617577 4.484988218180682
1.1535706733664934 2.1131045082071416 5.677107812658463
1.1592674936175973 2.0339472611932377 4.290547872940138
1.181034508094298 2.0814145808587003 5.1378873077452525
1.157131984788582 2.130980310799778 5.859760640360763
1.1683297693757126 2.162317673923458 6.196507114159024
1.1445490176985513 2.1060553008989578 5.01945183559323
1.1715840484998314 2.2493993332917945 6.013571673855891
1.177522001128489 2.0670731109215774 5.696114321983023
1.1419439498326789 2.1126395144707653 4.624196291143544
1.1844440794962527 2.12824700105313 5.929713757501892
1.1510782624955553 2.1764505091913784 4.579462942669526
1.1564912081985672 2.025378048650795 4.65486475690045
1.1478959372206297 2.154993637284677 5.315870368511465
1.1454624438657495 2.0868955868949057 4.255921870094339
1.1503075623011576 2.0789785931572737 4.101516243985129
1.1549311381280603 2.1271854672821124 4.258551007509558
1.1724829992869903 2.2404399939782405 5.440225849185744
1.1778587461491632 2.14785206029738 6.124825064494551
1.1546623865974177 2.1213472443831902 5.687001304348392
1.176798389661978 2.0975962873459943 5.948685776751345
1.1446730509995184 2.119830685243754 4.50987256410194
1.1530224548136836 2.195984513329207 4.746696215439307
1.1570204117350824 2.235534267463404 5.390815419964273
1.1691340288388126 2.2269319603658184 5.2922415783723515
1.1708747962089512 2.0691629501650897 4.631860388850647
1.1605381563986383 2.186081631314395 5.870092185533272
1.1723633127204183 2.229981634895003 5.376085662761298
1.1718720485567182 2.136012194674776 6.135793707099616
1.176152740414941 2.1295018133044006 4.96029636457636
1.1670519362643839 2.2432283401983684 5.392034204588413
1.1670916484142917 2.0364224219653333 5.1228991519578955
1.1575428029412334 2.204517870032624 5.667714000253492
1.1721373547091114 2.2377430374214304 5.791845515650673
1.1659038679039584 2.0871634945516897 5.913680808758825
1.1713195604967934 2.2312556618518506 5.8372541679027705
1.180792174118714 2.0982483206461846 5.444315782283045
1.1804558780095469 2.18204516432272 5.823456820267166
1.1603279924639327 2.0819769894677496 5.648660794646631
1.1648966264875875 2.140847372435799 6.053796931995979
1.1581695284234186 2.048338038095136 5.2126576818959816
1.156489756055929 2.204545268801068 5.565417506858692
1.1699045106495631 2.2141727618749107 5.868635291994529
1.1601548020799741 2.2038938980110094 4.959033415161189
1.1551688026804499 2.076148212433301 5.422457193068253
1.1773932214066272 2.114740938182586 5.850416612604279
1.1642249825189135 2.031577430824939 4.964915582448938
1.165979850070328 2.04484139695726 5.405316593938121
1.174837237164021 2.209096303948516 5.6261815109485465
1.1536960264290066 2.0405129986555015 4.6453133709205705
1.162213188649277 2.2372564787022933 5.472560223168156
1.162046982679629 2.034452966004432 4.877656331557779
1.1632407827096038 2.0653176922647734 5.614969479836743
1.1589033256660688 2.140339767428553 4.49981549490616
1.1799770925528814 2.1537888584507865 5.811365066685253
1.1705605965520334 2.1152962603846204 4.751564556227194
1.1754393924829252 2.116649802242233 5.0524888447810365
1.1647662357751543 2.0435050133235886 4.577358347968943
1.1494381288250195 2.1225778451828337 4.462831422111945
1.1771600015186168 2.160259747661061 5.42385017340397
1.1608987311378995 2.191332545744738 5.714534901247388
1.1683525067401006 2.1175369373503123 4.697712654476163
1.1636438637443476 2.1913207863712705 4.881472299026257
1.1695874866148765 2.1032898082050613 4.763550118692926
1.1586206831775934 2.2025270744619236 5.1256682180694355
1.159574375129294 2.093630803042089 4.398800853874471
1.159735341091634 2.1582759398591675 4.683728685411456
1.1658117992565957 2.1880839350968277 4.931711680934729
1.1548633281663463 2.057178503224431 4.39693721129607
1.1753132005097287 2.089882070787385 5.560818699339558
1.1628593161115812 2.2159414103428707 5.6691971132942705
1.1635548709707697 2.1962662288828017 5.813600552493584
1.1688188459887383 2.0627182641538155 5.315169985275112
1.159601083732205 2.091341602564084 4.4073075631415435
1.176163876493825 2.1661924074918226 5.78541776582912
1.1646539510596174 2.2264191340641126 5.414935120986742
1.1588738203069084 2.1062494927592756 5.551054974582922
1.1623456607906886 2.2179562133276 5.354687107190189
1.165371275843412 2.0827802675302216 5.7093326804879165
1.1736823614645409 2.0983701393292438 5.73046943997649
1.1484698549153778 2.1189905953510175 4.911483194513767
1.1649039356229398 2.2056245063061404 5.123471028851181
1.1591516877524675 2.19004883150099 5.462712275880694
1.1580917681070202 2.140976210436289 5.577837871583151
1.1728277011591148 2.0774242197665655 5.558423410177898
1.167757279033188 2.2007140200661572 5.537876100540535
1.1582650370663963 2.081128348773455 4.461289648651086
1.1649445360541715 2.090282103130167 5.723185512336231
1.175348702383587 2.144681932592313 5.461682347175559
1.1500118211074764 2.1022565635540147 4.588941305335609
1.1729746775259016 2.1885175245480455 5.730723372038861
1.1532849878992748 2.059826935370662 4.640225081912909
1.1603421909494938 2.058834445465963 5.079589552816971
1.1651048512109607 2.07811852425428 5.598306875359194
1.1578179439276388 2.1104210070222225 5.433130550235623
1.1749042624698012 2.1317634200996243 5.445749310933866
1.1738299126042828 2.149674018164709 5.265573650349342
1.1551887380812926 2.1606346814027484 4.832306799075507
1.1702486551127103 2.0870442069607353 4.986606955928497
1.1536739152880666 2.1575221882769977 4.959229900845749
1.1545097083730735 2.1383919659209707 4.701438594333748
1.1695011260689532 2.175015615547446 5.477402459346127
1.1705036338554644 2.161575826223454 5.280294618361326
1.1559634753736199 2.0954266857103843 5.261963800919636
1.1647276928330845 2.1121341152951945 4.640894021262007
1.1736259715292372 2.144057012422173 5.34465001831663
1.1528232760586354 2.1445013639793045 4.963011816399236
1.1558666280485121 2.163904347168306 5.158440046954274
1.1697427682639003 2.1444760012537833 5.209650460087538
1.1691727504721432 2.156550329659633 5.246691845021781
1.1597595965127443 2.140117512493111 4.789080285299022
1.1709224511383345 2.1102718285546764 5.261086068952681
1.1721411830165906 2.119493208473746 5.585391765274604
1.1571672206819275 2.158686583047153 5.054380720499585
1.1589173250348481 2.0894906121030177 4.652999385027389
1.165564866990713 2.0870143977891806 4.6973122119609965
1.1531491960005522 2.1094221616221933 4.80412257233429
1.152871086636602 2.118416722024742 4.865572202769906
1.154415683816795 2.116089258886255 5.069334214954399
1.1677940961084166 2.1158101432226872 5.219179988862274
1.1567431052459103 2.1108857196734103 4.9397929053392
1.166848585313243 2.0941307147070853 5.226685594804337
1.165134760861585 2.167396866156797 5.556851674363042
1.160759842102569 2.1076050527349945 5.171860049012151
1.1661834027329543 2.081149021680579 5.259152486179428
1.1659455836585861 2.089745103617938 4.914031417962793
1.1665298222736644 2.103577015526514 5.235783668370793
1.1654205773722435 2.13628503217443 5.232313576451242
