mu sigma nu tau
1.467061267526446 0.25330523801992666 5.721764640817507 9.501209171231324
1.379909706271053 0.22586872044621506 3.4927281606354925 6.452377061112612
1.296598975306479 0.10599725987462344 5.234610287289518 11.573715989956334
1.4408175300560115 0.3625283947933624 4.1068727265497955 2.9516280143999998
1.4015900441883986 0.21984673211560618 2.070988718836484 2.3755914018199866
1.4432620897924655 0.18785988286264133 3.817652000091391 19.018755470605882
1.439278373875712 0.23367205292708573 5.219183698369395 9.87571365977031
1.4523956377099356 0.2133037609399712 3.736283179136377 7.032174850702415
1.4433121925055057 0.21112884195739343 3.1066211789178655 13.943911447801533
1.4040217103348054 0.21115924244252657 7.4945306562209035 14.02597603069702
1.4307718202496384 0.19778712228028622 5.639851719756691 8.372848986733205
1.3647377672919876 0.16875373893238751 1.3607460804933695 13.064795352841324
1.2960597770012505 0.11815446080343919 5.889913470618216 6.011063951678786
1.3585964997526054 0.13497540707941363 7.512662299364357 14.109915411951716
1.4105969558230167 0.1799749002636771 5.262175733866982 5.699621961766773
1.3591414736405274 0.1816694008027069 1.829818320633021 12.139171632362686
1.3661933177429557 0.16989064082481994 1.5061454792858782 19.311333364092274
1.3168886157401176 0.1911075149648555 6.180385606221635 3.3126414464506686
1.4300133446565102 0.20478343178784045 2.8904976072243196 16.09994281323401
1.4010791133862983 0.19575947717201017 2.2327237619857234 16.325840005841748
1.307717976362263 0.17776680862118666 5.9723407301568265 3.1113042145607523
1.4341860106306141 0.8907124730626681 1.6710178932811688 2.037003132245497
1.3277452852771243 0.15805950121005474 4.655041741994063 11.09718380787524
1.3940605221095919 0.1933350303664837 1.8692614476399019 9.809192067048636
1.3186742879202262 0.17317068162788776 7.047103045366083 2.812962022990097
1.30553770181752 0.11680602176926425 7.769323620451626 10.466835761715464
1.3403402373193956 0.11469081462440105 4.518731643241249 10.805975871252407
1.3217035310771248 0.12429016710252465 1.5108397790828856 10.9113880910224
1.388741655112669 0.19830303055636783 3.082143866852255 11.266576890272038
1.3592050299755583 0.17765238360320995 4.879841533883505 17.01708475691756
1.4206379907342752 0.2324675851968793 5.258423040088696 3.35914751051791
1.3376668547279777 0.15935072302613304 7.626307537280466 17.728241392998626
1.4386250675714551 0.23004153849467276 2.3917189638748475 4.427836596280466
1.3570777124251547 0.17531845567857926 5.2894115580894905 17.22100342836481
1.4477546479988797 0.28388479175596876 4.977014242996733 3.6144654825606146
1.306313441507222 0.17803693752862323 1.8215263545382927 2.2804339400298033
1.4108433034380876 0.22948770416641315 5.597033648551664 5.825372922168038
1.373566829393296 0.1924823991201859 7.557830220701923 10.600182885085923
1.342300424333629 0.17769091726000205 6.97939992100472 2.9477656364478904
1.4366594520641087 0.24510616332975171 5.21650587352085 3.8451286527202524
1.3799033825637936 0.18463951453477767 2.155762775411308 2.46923695194178
1.4510782030696667 0.35350199824048323 5.354141091709334 2.6618993969687548
1.3010492924162291 0.13219045458148657 7.202289936904073 3.748958466306716
1.303414725273361 0.14696855969705566 4.435357298089736 3.2213268167769793
1.425980621701269 0.19671219463046907 5.973097790455693 15.98685610939865
1.3241639142932526 0.14620977486872277 7.082051780144796 11.634537174821673
1.3955023738978296 0.2776630274654291 7.873285884040895 2.6353772122875436
1.3329834797972002 0.15323548163955772 3.922548977483213 13.666120540755287
1.4048929888315795 0.17406697568497315 5.23704983786366 7.643968298548799
1.3132180847817918 0.09667507953685964 1.9319634878861947 5.3965106681754484
1.3568797643469277 0.19691694377105423 3.715108760125122 5.255548846113476
1.3228994760520343 0.2615520913246336 6.324859667874518 2.437247444445741
1.3479562538813674 0.15815380646018654 2.082220243197046 17.91718086368181
1.4216371694378958 0.19393148161228635 1.8766375977301504 4.476556965537491
1.323231641046237 0.11157137532243505 2.261512886823294 13.71197020879732
1.432183758982398 0.23384945533254997 6.8877909729818025 4.962970365393956
1.371842293212839 0.433568181868677 7.5135292270812375 2.284194263355624
1.3796128473036733 0.1947614093183659 2.1993037444107317 6.962564857641169
1.3547204885536557 0.1703762755008435 5.252919103301872 16.326880238997138
1.3136975181270496 0.11270326365599896 1.143112762358979 3.1976700081949407
1.3504656095269214 0.14962290061958647 6.237608647662459 3.910439093510577
1.3979873429752936 0.20702377063681543 7.91078561548987 8.326724839694501
1.365811410325235 0.17681819325960538 4.712651869743538 17.29351655426785
1.3943559931150153 0.20832812908911924 7.11783097857462 3.6456212599882947
1.403396382728212 0.18093052614836172 5.536383539709891 5.9338741459256
1.3426201196669458 0.1960444781763994 3.924062916649225 4.111997591429434
1.3876583019152093 0.162691367133531 7.32503059578944 11.574900381462703
1.4447380402281749 0.32543739028481106 7.185634100214427 3.0742494441303574
1.3485555931290183 0.1563637999276778 1.8887665123484818 15.147578698689536
1.3785439705226112 0.14780489029183122 5.759996656605625 19.650856695762005
1.36920886009786 0.18023429416879078 3.7058725117631584 13.32600202522215
1.4094510229836958 0.2307696999030883 7.604496426711527 5.248078087484624
1.40406688086343 0.1990867103927768 4.3947191748065775 11.552762164816706
1.3721839804369769 0.19538837127247366 4.358497344347702 6.975595486392363
1.3908317526009013 0.1591794717838183 5.123672330231255 8.779289855069033
1.4255807995497056 0.6721855126894621 7.166692384962612 2.1671942207868744
1.4244471924145692 0.2086228590430821 6.063685457917669 8.820928949842727
1.3734017060273431 0.11908222814854262 2.4791431360219054 9.962713411236308
1.3840793732550007 0.1952066035495255 1.3106919103040617 3.0538650635782623
1.3953259787917636 0.17542013658278163 4.9779960611238385 4.800222986796017
1.311545576582458 0.10996344778962935 3.1484600767181057 4.641751229012559
1.364808089355773 0.13393213850276922 4.790829674748032 17.51934813148232
1.424122023837466 0.21282190805555362 7.621401105193054 8.226987349823473
1.3739351657523349 0.1400242759251125 4.732707030034775 17.764881624277088
1.3708906480729495 0.12418151839677395 2.988672672693604 16.497039853571092
1.3985421970675678 0.7549852013814369 4.489277008218421 2.10347533051314
1.3793662352948837 0.18361267153159141 2.3913164872480097 10.052427543999938
1.4381437847660496 0.2722320655941784 3.3049209335120278 3.4025419305626095
1.4193062910863479 0.2704969021132086 3.8099796381914595 3.523426476506269
1.38716260883128 0.1876324971193897 7.532534108058067 15.212557777186841
1.41624933574934 0.235142717373584 4.109604102351434 4.73059404666751
1.4305485808909264 0.3004982795313946 2.5461967244172263 2.948230035611421
1.4268997536030366 0.2237920868652639 7.689789780460922 5.911403060068352
1.3353019729987545 0.15806030821014191 6.838262192835451 9.064686468441545
1.4388893082698684 0.3039368944109467 4.526089764169678 3.039615222045291
1.3662202185602395 0.17516012267892678 7.314325035918071 15.9443630818355
1.4214240117920243 0.3981574801403374 1.8342349395458533 2.1828543937719074
1.398843520798828 0.1687011388485172 5.4532054827030505 12.08723636162828
1.305606888117279 0.13934258009561926 1.4043086114657557 2.691946745823663
1.3137583261030303 0.16114202412676817 1.2608354689913281 3.1394109028149586
1.4264895798910362 0.2216768375301522 2.76197106727402 4.69325903634272
1.4179025390521638 0.603138388640504 7.105571337850593 2.150178505946614
1.3851204040313978 0.13521483159183012 2.994872460102624 15.97964622349682
1.3796412027700158 0.18156476338982627 4.986394498754703 16.150071332481936
1.3391768188540454 0.12154488385548132 1.6837916367759842 13.974794199924444
1.4078520451422425 0.2138225299468763 3.50911340179061 5.985641646892929
1.4131943282605737 0.18753257762000172 3.2764852824795696 13.52085734197449
1.4371310661733383 0.3318535895951267 7.016453116747613 2.9324076283945186
1.4024102017681719 0.19979649069250244 4.251772613027215 3.498925755592629
1.3979151134562726 0.3090435929282263 7.047067505586681 2.5257030171214816
1.39422080386136 0.28074001444306373 6.9767639121777725 3.114112979317884
1.4218071619092845 0.21308254944093846 4.017989579793977 5.93352173371872
1.33280452158121 0.1598008988714169 5.593253339206514 6.8474354860753675
1.363965549755675 0.18957887198392878 6.931111552281019 6.525386274253268
1.3830774154975476 0.18292018224522194 4.249460838819487 14.953880234146654
1.410392996910033 0.20593251846912022 5.048977845523111 8.178255638080325
1.3143357512371334 0.17840877661642604 6.240835994408299 2.959886123554055
1.4194507051352403 0.3925659523130501 3.936730118388734 2.5080912808577556
1.3257877432690777 0.11454294030534772 1.8150801960940406 9.444141840966932
1.356564791995533 0.27089995869555134 4.487451694514078 2.3043732599184374
1.3738615264930591 0.21623348445994733 3.007710146856187 4.193564641081038
1.4008608501847077 0.18528020510056578 2.8024423161915517 12.435223952448002
1.3600786948146386 0.11636391087826509 1.7914253798542985 14.596773094394019
1.3497190530624055 0.1687424816184132 6.773392345835451 9.4066749215803
1.3531281382680147 0.4449662359053447 6.490603392121983 2.150018410152338
1.417415483137429 0.3811700528850841 5.754649713939347 2.351357086620325
1.4085345128823792 0.19222988697444726 7.931369540486734 16.985854188389382
1.3294749400857118 0.16888170237627473 4.735561282799213 4.570687956924578
1.3775507207844384 0.1780781309328132 7.788328290649143 18.768843565627648
1.3715513172618672 0.21345212482212222 5.094937833160255 2.743424459350684
1.402164016178428 0.16963222868463224 2.1651904417155556 15.089115024141524
1.3646185416413346 0.1710885876257777 7.351667202633127 17.025290333543108
1.3146731497484718 0.11768272692986015 6.948613395220356 8.861812941363823
1.3850590749142249 0.13207327069559668 2.055710694267426 18.7289710592527
1.4010718899588008 0.15876423871373188 3.6603751852016844 14.160674104988978
1.316879968764287 0.1228871126389156 7.659309042932993 5.673081914225753
1.442975754411313 0.3743491992250289 4.297734047483293 2.5552723011192837
1.3536898407108464 0.20661885338598623 4.759607771684355 3.890132231979185
1.4161743281033008 0.2093427817930294 5.006183517943536 4.957080375449028
1.323111544445194 0.20541916713176725 1.7066677252365376 2.1699047521375716
1.3837852800131585 0.1627125511644546 6.744447032428192 9.482696632066501
1.3541907244738105 0.17914890347860626 2.333202888842113 5.843411163323392
1.3293294250743428 0.13298096751494495 3.157985767008981 15.570357556829906
1.324025579542095 0.2722783515877032 3.205454822075216 2.2577687449371915
1.3216789047464452 0.12188795200904474 7.08293109439221 6.729217222900962
1.3182535587779687 0.10105938035043402 1.7401921581487259 4.808819703682651
1.333497844566284 0.12120173097195837 4.8732910847474145 18.78815605430255
1.3497508664406834 0.15759178928914114 5.679689558773844 19.047867158772856
1.3802826338277363 0.23671045646489697 5.538035367885729 3.6904314107119545
1.3938181941709218 0.14583322993907025 3.0523797105618913 18.67922897338425
1.3301099001387162 0.24039915033178963 1.0586825460612184 2.1454504104042287
1.333132378811773 0.10198829913897786 1.5283111632818245 5.747497981073334
1.3562669997265946 0.15445927122943442 2.1237770180725515 17.188565881074165
1.3232465183694153 0.12116098719061891 5.290726987003131 6.568650522284701
1.4038455749350516 0.19205523677076905 3.3183210286305886 9.368365317305358
1.4312546534635757 0.3417955069425619 2.8702761660377765 2.664141557235187
1.4147674197393245 0.21527212982359747 6.021883699377496 6.25349701057473
1.4330722426619817 0.28703977577243195 3.83686143223027 2.8547689358301502
1.4329375028770217 0.26473466708588983 2.5282583212681526 3.0870731652549455
1.322762052342411 0.1268810432968467 7.0247542011276725 13.514647054212054
1.4000543117986723 0.17586221324074716 2.528877193884581 14.581161431510306
1.378910760136175 0.23247726603459862 3.477919748561905 3.6744590696077006
1.408257317079689 0.18678280300991862 5.133232595026844 14.55791921724165
1.3376900903769697 0.1431836164567004 6.154003454694934 4.393782440992647
1.450326653475062 0.5630168494617468 2.6723798035429787 2.2006240917020246
1.3918007053866184 0.16749173955680496 7.885152974883573 15.098841594621659
1.3279673317026126 0.21631925925316506 5.894901813272333 2.7716193300689596
1.3473646485280741 0.15372102286065922 5.25179438953207 19.055828152776872
1.405184766570982 0.3358431591151431 6.700489093940231 2.5003040420034073
1.4305953592171847 0.8261451440638524 7.0536644155377575 2.1059208473798803
1.3637084326269444 0.2525525119570765 1.456071495543109 2.1429733042546677
1.322382533881922 0.13319867223745357 3.5406276548135196 3.2652281683456286
1.378376669042231 0.19039480617185267 5.990343132510918 7.730403810013847
1.3938666482597624 0.2311170801505174 4.5728861537919805 4.155724138620074
1.4018163485769501 0.19649298098158777 6.451219850468786 5.331045881963233
1.3983141337810925 0.1867546688171981 4.137799322584289 12.607450841988795
1.3981791256525284 0.18666704431332146 4.727250069220274 13.827870694338278
1.4110052273771823 0.19995273491575352 7.94120228395354 9.245317769193061
1.3787243162968168 0.2525474033894038 7.261666266206389 3.2596655731860436
1.3295938724471827 0.1342510788288281 6.425253991813738 15.87602819467157
1.3976693136425218 0.15584174096560816 3.4567228025590833 19.123621528330773
1.4056359443618098 0.1812204121590321 6.661632977654076 19.200990576672687
1.3619067357385632 0.16506861949109747 3.665679043479672 16.544346907662856
1.3165487737567434 0.1650348280418507 4.1522883719018315 3.2823789582904856
1.3436161490536007 0.15833890152577407 4.885240159192961 9.991881719865654
1.3705623581999866 0.1446375649622881 5.423263550707548 16.550701007137466
1.3584401156030037 0.18131989672193016 6.921144761201858 6.579742175619717
1.3905026807682093 0.18662226812719904 7.505888257510403 12.4064894969275
1.318914693171626 0.4723623124442079 1.8659148557591845 2.0547028404789
1.3799436602688155 0.22744186338930922 1.3899081935981823 2.733801589121285
1.326085399932055 0.1822625839542139 4.138355608342386 2.716308524297918
1.369902838711444 0.13227956955881034 3.521397964042449 9.899752279782714
1.3312853615958493 0.12717804107419703 3.6435999752626347 17.3588358760995
1.3608708644637693 0.24264944124768562 1.283452661897432 2.532469131504683
1.3863517361358197 0.2316872872325014 7.77975842907405 3.962524532588147
1.3524993259033902 0.14653328306264538 1.3539319332332673 5.730906135157051
1.3616200531889402 0.14336423451757055 5.726320879783897 8.481270411707602
1.3850280695349189 0.17374972349612675 2.370517456014462 11.7812560999076
1.3624155094094492 0.12070052821347943 2.85082994041267 10.384234092259847
1.382439003518436 0.1649115614767972 7.705067718891547 9.076702397181045
1.3346445792860009 0.18838182176648788 4.6939336126899365 3.570917921104668
1.401413819003416 0.18805867283366423 7.563121832311518 14.497995344009917
1.3269520522898937 0.14303202798891562 5.234172682878674 8.138616169839679
1.3945174085449348 0.19795224384401292 6.874379940037986 4.573600700180646
1.4063962712529627 0.18707660292322312 4.7179423615270775 10.634366118483031
1.3531495844578687 0.20866217106063928 4.918910229090306 3.65391103754298
1.4203591132366085 0.43649629459746464 4.988070558520068 2.262085826120234
1.4120203527734967 0.17636530657276334 2.4333727156320517 4.9369514204161575
1.3806917900225422 0.1764992640171286 7.041110533740858 5.249919622147546
1.3755090679867328 0.1578618467679561 5.959917202380446 7.528248335805294
1.3543791914637908 0.19074081380928648 1.4824538925240358 3.552243232167749
1.3950122528385733 0.18822674151424418 4.540275177325633 10.863895872082747
1.3652252398559042 0.17359499100534248 2.9701249609204456 9.10997604119229
1.3386755858274526 0.11259497638399914 2.0093655336454406 3.1677166154372673
1.3941462913176232 0.18884959705064736 4.089934953063021 9.855419645767995
1.3442324215265233 0.20721081003064665 3.1870158224920613 3.311278121582924
1.3439069347570323 0.20657562658907513 3.5272149157708164 2.426857638118827
1.3496528559386798 0.16562173383136633 3.988843179152142 8.424290340608325
1.4007634421199904 0.1966506585765272 4.270517476138032 7.8811327136248295
1.3520360253375308 0.15763279941640715 5.881547364437145 16.594247713990757
1.3718886084333777 0.1442107642550449 4.57258278583784 8.098275494122683
1.3997309297812002 0.18963875850109874 5.041259483820353 11.030377148439639
1.3475395469914058 0.13160208336910076 6.559304179914877 15.26680819524194
1.3580824879331688 0.1580577249800488 1.5256094960100177 6.305534273844705
1.330900266894707 0.11968439167606844 3.8523998415565988 4.9998743290824805
1.3868750314700344 0.16857359205804595 5.403077562447848 6.655802547367038
1.3434320941615714 0.14878266991543757 7.863825215304053 17.452896687605246
1.329929285891693 0.12621012905234422 4.11665129256383 15.421946086519192
1.3319930723019198 0.14896583900818144 4.382257030285279 7.868162860617389
1.3506566394121289 0.18950794518476463 7.254712122839777 4.49745945859987
1.340328455569109 0.15876970227775578 6.404021167836208 7.834744563734738
1.3255350606345184 0.15267459602452238 6.358275290737468 5.295079884333428
1.359642221746139 0.15704728847056684 4.669913276453446 3.6920667439799773
1.3941023108555246 0.19410990419141708 3.2727998429860636 6.971354492556577
1.3611952287584304 0.2376657490838629 4.219332061608603 3.122310959248967
1.3670360416613176 0.1736967562262886 4.884156406949931 10.697692026882057
1.4172501218819076 0.20238361380475708 3.317266097390158 5.02993638845325
1.4036962966116349 0.37695009407267377 6.006219646373356 2.355468718519759
1.407257789818762 0.18379957857012544 2.71355575259708 7.946037236859073
1.3879229536458713 0.16709595725328388 6.502656189605774 10.434809162913918
1.3517247144082944 0.36396181192686855 7.101323266905372 2.2410827171000904
1.32989429981393 0.10894186267598881 2.3517742016834853 8.199076276975278
1.3846980550118244 0.14582343578976648 3.534381933921281 10.138504064282087
1.4037000930939167 0.18261519601049134 7.868905666795097 15.050250075902587
1.4028587350863004 0.19598400606841607 6.684292753169801 8.85845771944244
1.3134742721318744 0.12065685325961845 2.458250251084801 4.062090570442521
1.3455616657017817 0.1574713751344282 5.809154195256068 10.404213823660415
1.4024412232935333 0.2000197570023269 3.40772629452892 6.23093224245658
1.3458260236951356 0.16017852598739998 4.645600893462783 8.952342491028231
1.367317119772817 0.1684203303023726 3.9633971280554343 14.321878500000684
1.3460952157938013 0.42740759280589885 4.320638208175468 2.140157046655517
1.3442016957952292 0.37740812519177175 6.986661878717128 2.2119176185384073
1.3895337906510834 0.19780292729203794 5.0747710631256755 6.753949645332087
1.333670544939836 0.1331969456670522 7.334461976796556 19.901442728858083
1.4017243934830246 0.17109119992347524 3.989716315868757 11.826140517393062
1.342219415424494 0.1621730980441113 3.9979809048671244 2.931148499289782
1.40099226730724 0.2800308923311031 7.554573264655429 3.106929967283302
1.381394501885664 0.16954715128931458 1.7106152579346783 6.200166529114311
1.3161388109560237 0.12864460860356208 3.5520116690110677 5.385067433173363
1.3592260413147028 0.24803807908102285 5.394997490095727 2.9400394233660663
1.4004113680506085 0.3213133945968942 1.5934045860566468 2.3597001437302785
1.3189062506851035 0.13021219963542077 5.561270800470554 4.829241056073663
1.400911166669264 0.1796561174237511 6.642674501903295 17.818789273037556
1.3641861506724782 0.18858497802104487 7.360094110749838 5.700857837978512
1.3787817368753794 0.27316478308917463 2.116623353121153 2.74487884521855
1.4041447839731496 0.289995702790738 7.146366353996883 3.015776787393002
1.3355928648363613 0.14500988943462567 5.949134365409521 11.265897580155782
1.38506076436006 0.2017129859742327 3.156228552863059 5.224641993208255
1.3960734117011584 0.3585798649659879 4.024016192504253 2.2602809395573638
1.3949596344215616 0.1989690071879158 6.330707253696839 4.5389308742711725
1.3453383899775464 0.15064146790191296 2.439853594197871 10.190450844917423
1.3856113450899046 0.29338181510280303 6.214249131637649 2.803107105170449
1.4065706633300439 0.2726504877377727 3.2021114335761536 3.088176968863592
1.3708400089911064 0.17590465423435697 7.898848002612242 10.615070343364305
1.3552951420162516 0.15407524540349818 4.230049356728784 3.5089829122575558
1.3223247619518443 0.2219442802431681 2.1721917239958994 2.240603832147128
1.3606626173413265 0.1555205429994227 5.435083654083841 4.565857142691856
1.407789971472741 0.2066846147511559 3.691096540732371 5.325867255882034
1.388650444879287 0.16058672165608884 1.9773983112996314 10.409244891608413
1.3211677697425674 0.23626969990812657 1.2100982151434163 2.2965704746149007
1.3535586092329623 0.1617994750825036 4.669815715990457 10.990088638257085
1.3685373105914658 0.16694539443638762 2.6722060996814134 11.024429433794607
1.3749188891291133 0.1889791852210366 5.640273558600773 6.679101688842801
1.3699209793043134 0.2514800618055437 2.1629626308744205 2.22558184506762
1.3382128756056308 0.10640252095862805 1.6593911549452693 6.0928140372421975
1.3928438154597063 0.18174115932783141 6.979862622811364 6.799696349504428
1.331516304028621 0.1253178844889775 5.917533166600022 14.859235289922712
1.3400557585241626 0.343172691247748 3.791212538790814 2.2021997414545296
1.342400566842651 0.13000352592730066 6.3079369072638345 12.626423886666622
1.4116385211129294 0.19294042881903234 2.4649217225239495 3.6930060195592773
1.3526256634554075 0.1589048624829963 7.7985032021255964 12.945535307770758
1.3469526433049694 0.15379419154739932 7.594475684617048 12.931707189573048
1.3881624156370351 0.1588981583179614 4.442780598441699 15.040713934367158
1.3605665981425632 0.15029305517372027 1.7462409465033755 9.393816481214449
1.4034649628640405 0.21792258632332262 4.344805019300162 4.715203968801206
1.3530502282812096 0.2453334106900785 4.528920322452992 2.8425454972761215
1.3914149114916055 0.1670389872734301 5.780520945807178 19.652067479302485
1.3874357835768631 0.1756061954542346 6.379861193573699 6.7006723724272454
1.3835905724041064 0.15422515530679082 4.427474992825543 13.05446950506911
1.336110573163177 0.13415214498571415 6.190438324146788 19.149549025467696
1.3521815563475168 0.20434241488088006 3.310959524769791 2.458528683551198
1.3940020805589326 0.18418010383894207 6.512531582845184 11.955369069311274
1.3251710625086466 0.14078636906099048 4.3048433449764305 6.710730638050798
1.3532840524786431 0.157154018213749 4.016144580033773 13.310817893522206
1.3968654293740657 0.16846972039026806 4.0122944378365055 7.634372057823697
1.3949273031867981 0.21395889660506934 2.2557890562031493 3.990794803898421
1.3222148769165352 0.13668772493080564 5.001512386954534 6.643521686852553
1.3822389177698948 0.1750107404149847 7.3013080920722695 16.10623466061198
1.411579377147557 0.23496877645110933 7.255751590235525 4.041348418368472
1.385071782404742 0.15091300019625187 1.6462857110496234 5.598892244427274
1.3885151593906726 0.17511266307406076 4.162744176752999 14.829102605445211
1.4113383978123022 1.0875852498244136 6.225784773590062 2.050065171877845
1.3819037227559006 0.4883626539638261 2.627055301391174 2.187504041831607
1.398726894007408 0.19525206553347724 5.345208840963841 7.499846902450992
1.4184822638462977 0.39168397870670296 5.2385244566873554 2.428840464894037
1.3282481110597741 0.12477193198778903 5.234373470689418 10.743584928124328
1.346072233518611 0.1281561319891006 3.5942855098024014 4.567641948555619
1.3525192336493623 0.13376085943395086 4.996438928868717 14.606587764589133
1.3627129532574525 0.1694655464523007 6.754254657485443 10.26457123560499
1.3386667169467896 0.2577810082197164 5.614970597833772 2.532079348716727
1.3515099378052757 0.1292760484026522 3.930312716472165 17.645592133136212
1.3900785088584433 0.1432481520310439 2.0426290036486208 7.225835317700639
1.3829929379416686 0.32021574243835627 5.99855434423933 2.4258942113421
1.3362459894052865 0.12990372214530985 4.855802023666704 18.00962218119022
1.3471004950868035 0.12008269811811936 2.656651107337109 14.639805616100565
1.362428692329508 0.4104686740606016 4.401199181709374 2.242698083243533
1.3932303103209505 0.17273598549229094 6.817393173031847 13.064461705277315
1.3465787731587366 0.139426963708524 2.514492115481876 15.654366140095984
1.4024399195355635 0.19334396324950773 6.292313562257798 7.702749960826015
1.3534801175286306 0.1370667430809161 7.729046601886297 18.807580322977806
1.357749179328945 0.1569970875313899 5.880763637456203 18.73356262594912
1.3890346973543912 0.14848629968743166 2.8786796208962233 6.234052810726769
1.3724952605204832 0.17540188885489277 5.804798208170663 10.251109956922628
1.3463837136594456 0.14885161200547184 7.117398433758831 16.20493665249088
1.3447104706425217 0.3106255806574951 7.921049504931311 2.3667565589510167
1.33226050060481 0.18005463087425994 5.572881289567842 3.5959470032217817
1.3826562892027492 0.16290367765735342 5.822772617635202 9.94121081926902
1.3969056224631755 0.16762569568675914 3.7117063865611044 6.777434229171808
1.396519547663505 0.17740472407855556 7.29623103091731 16.711565780957336
1.374011536137234 0.16816612688709737 6.082100726628142 18.323935015665548
1.358196673968876 0.1575093222769023 6.0182874717820045 18.230611944130356
1.3790687372140624 0.208668441143164 4.836669691009044 4.540028058085017
1.351439073369594 0.20099233712743672 1.450291745784358 2.214654469374913
1.4018267373843671 0.16370607632027911 2.3929382044608642 7.353286330579737
1.3917284988385452 0.18116892340743274 5.689150722802099 12.253664307869892
1.4192451887279591 1.1412598705471322 4.830494442668948 2.0445284419309697
1.350238075743348 0.12222490059953006 2.468724195846077 15.833485601611137
1.3886202548991995 0.16283078273475754 4.5918774639083395 16.301949603591847
1.387618114422482 0.16666902424025984 3.2435303532430724 17.052053583529105
1.3868358696721934 0.14564483360484037 2.9964442857171814 10.000157514511272
1.337224640856269 0.13891684222174475 3.2841288510783047 11.671643177802643
1.3398169693799902 0.14871045206219205 4.551726362719003 9.907013663520306
1.358011217784762 0.15602210587249152 5.656170897921561 19.722629044384266
1.3509025224837168 0.14993069989730923 4.780843965924805 18.745989285721347
1.343956503879848 0.2275849938026156 6.102256592517624 2.8873008783119376
1.3304396563145584 0.12592809703651087 6.967729333635802 10.468914883291788
1.3311626024767753 0.12778630225730883 3.6050173696894414 10.892012860622584
1.4007024707125657 0.21470327130131966 3.7939980682916796 4.573056071160551
1.3905013207070254 0.16783198649038836 4.960687768075636 18.628427734244752
1.3356358718378993 0.1254538996834398 1.6120524331725794 2.6851979966538906
1.3944549852966475 0.16275299860955053 1.8091062139000547 4.109442658744303
1.3254002175353212 0.1667969841106138 5.289741270078 3.6805202308811715
1.3394471319553465 0.10769691643315545 2.2168987166639322 6.39960706321769
1.3353772869273386 0.1318941155990735 3.245709311276441 12.354970361204158
1.3965919332022163 0.19312342392021795 4.242064581986879 6.842921638138721
1.3326652940485646 0.1484136240271968 6.212736424831734 7.159241861642673
1.3191728857932457 0.13167026205268675 5.050052334233682 5.837083279233229
1.3799562620879615 0.1713643702434612 4.263885958922697 14.680073188734722
1.4105723330595237 0.23998381371736902 2.800919101688468 3.480267442847241
1.4105589865690882 0.1912779398271412 2.9340043614046545 4.781697285377521
1.3386992878766772 0.1233558053167749 2.5360494855258167 12.646327631822137
1.3198079219769951 0.13060537384226392 3.3122842236635486 5.035731566676852
1.3694845924090873 0.20040110780515052 6.9522087635943475 4.63515798583526
1.3540692216468386 0.21369123812298513 2.3912497392033085 3.1818965097360756
1.385778532389835 0.151880447930751 2.2260468805843505 14.893213781817606
1.3614716439564443 0.16027045689282482 7.436383580066798 16.99250348637298
1.3934805983167444 0.17548007430010681 6.5598860558716225 11.115010671411762
1.358899619377718 0.2081271085856909 7.349409909751734 3.736198875069115
1.3966730462169517 0.16170392002419914 2.561843386059247 10.74715955456614
1.3221213868928745 0.15955349064390723 3.1973198912411798 3.280848372445753
1.3848386249121725 0.14608023979112206 2.0954059531073836 12.650534442610978
1.3337808629688575 0.12574214252322835 3.923913346273215 10.877705907902381
1.3482019743142402 0.17157524134226868 5.547184127056507 5.663980055674454
1.4033372736382417 0.2328760966561674 4.82333986493666 3.2508390736546344
1.4100246731392212 0.19929707537052432 3.0584670554986637 4.809604994390604
1.3700724259140358 0.1486611410811351 5.242665313146095 12.421427432357024
1.3947223971796974 0.23101290654059087 2.0492631619801953 3.2707510780837357
1.3825309013466358 0.14266150417532245 1.9070869043466052 9.398112487450886
1.3670505250955691 0.19851985067497618 6.95785464939784 3.400655542883541
1.406445795161929 0.26171193117275054 3.915880662422835 3.2010189895191203
1.3220397992073853 0.1353900166192016 3.8503875075722354 5.7467979786741825
1.3569474560304178 0.14675315607513972 1.4524394280006727 5.304683391839942
1.3567652870779898 0.17429270184377588 4.316190217190334 6.329440331813384
1.4033554564146948 1.10299804675229 2.1972554134580813 2.036630883403748
1.3749173693190753 0.16487877591850522 3.2551642647033456 14.146239002421325
1.340264111003207 0.2637504150038623 5.077038227086206 2.4867443266535494
1.3632041857487707 0.32363451069841304 4.090018406547356 2.235266558866613
1.381963941412918 0.15219835492253844 4.0405304966965065 15.068657440879102
1.3823020095468093 0.15291149802017673 2.5893347781927405 3.72539935464432
1.376019607421215 0.15440363870132243 3.9825403916161175 5.056452642223514
1.4099306045982334 0.21604287658354213 3.5863890615966714 4.196630044199466
1.4000181828584004 0.5613168567074855 2.8416450844508425 2.0819256025659687
1.4025657648436611 0.2521660137825971 4.789500939331162 3.419633269957537
1.3338573049334985 0.21590395165578438 5.984668688185887 2.7837847838038083
1.3300379925328054 0.11435014235694528 2.10140736233319 7.142076477902396
1.3390684418908658 0.14132052599638018 3.7752493857477902 11.759748886173714
1.3865627477096218 0.16088639848632894 3.934261270137706 18.915779887001698
1.3525959824184453 0.13779224778006832 3.777295994709121 4.321105551833897
1.3605767514657807 0.21707969745362507 1.9149508232696402 2.2555919503975805
1.4039335414124485 0.3186291654750445 6.975703473088467 2.630469474989021
1.397265062047325 0.20376276372767152 6.1454932918333025 4.670859867573645
1.32844929881626 0.12779897347639613 7.242325927528896 10.740453046720315
1.4050965385208147 0.37291860117693515 3.206459627668437 2.237886425411668
1.3423797581014765 0.1386894580502213 4.878021676361471 18.090125263622053
1.384262192838361 0.1528942691922422 1.8491161008804298 7.6129803599112655
1.346180861480986 0.15444299055615657 3.2462497792707654 8.499600262156966
1.3918223026900731 0.4253663632540476 6.938778665030702 2.3144819444928495
1.3333489747770622 0.19916162271623417 6.419282677934025 3.0335648369457577
1.3294347047410362 0.11774028657026936 3.1238558335817537 6.549686437264189
1.326198404446929 0.12855643815680676 3.635652504896002 4.4454526661435345
1.3580669073877059 0.1517389700505638 1.9446281798710539 8.694133476138795
1.3833273278191547 0.1609196589020966 5.086541564109991 16.548939794224076
1.3695708137271518 0.13887295066102873 3.6016806822320913 16.65242453577576
1.3710140221543727 0.2578584968025582 7.20008120225369 2.6961369575721714
1.4320059474380913 0.5548355654363698 3.232681882208391 2.1905451294429557
1.3567314396008738 0.3189239319340272 1.424132203440733 2.2654351266889927
1.4316366211096208 0.4726832870465057 2.6742187342374133 2.2443333363816653
1.355164498603316 0.13377698999858445 3.798862149605981 18.71155429595965
1.3350522118052282 0.13056419705430328 7.992797801880334 8.782651339595127
1.3690223159196953 0.12375875970726351 1.9332069858267893 5.060810746108575
1.3853325811163861 0.16548381951115088 3.4074210303750463 14.39847034258981
1.3793173914638461 0.16971220194082692 3.5013027359310853 11.465845328437442
1.3315481330704908 0.13539431672982374 4.228621732589365 4.427307388789424
1.354820052252224 0.2538005526976399 5.480663656323794 2.549660790486141
1.3331810771627772 0.19315383078624768 4.552507021206188 2.85908944049537
1.3671901169341498 0.18950378312133218 4.817920973415158 5.212578973110286
1.3455498761946705 0.13358229675229055 5.437372116643879 19.308684127570334
1.3237629971315608 0.16447524979499348 5.799713033275367 3.4280596581149227
1.3663123995625366 0.16190620224301583 3.4137186453754715 12.367256758106556
1.3533567375006004 0.15807532234014035 1.9251763212430313 6.329418609190135
1.3916482870892406 0.17264197862680386 4.365279284092857 9.188348352076801
1.3971846316111767 0.17218137079244064 2.9699773466674437 8.56064524817545
1.339866552329634 0.10956025294997705 1.5422660768057384 4.191870977827691
1.3391979649812573 0.13960795419787497 6.759162404467084 14.012433154783237
1.371788608118114 0.13111212420514018 2.5877427390615346 11.332411354685275
1.3887169111655333 0.17223401392593263 4.63398302989093 11.926060119335581
1.3765014077657107 0.1785669059923525 3.934316000002256 7.910755585380258
1.381460991138456 0.8317178648585672 5.4666824381006665 2.0631047795744513
1.3389074587043797 0.13031921142013192 5.23191627216211 10.001875036646616
1.3924224175294224 0.2205850207925117 6.082270796583691 4.255646681496394
1.3311992231210135 0.12830156332168302 7.3249286491451135 10.213039507086998
1.3803249016628698 0.16540127060283707 6.631208185315081 9.003111405535897
1.374553945251084 0.16564247817054767 5.169832908172859 16.91237701962646
1.359882095099433 0.1676849742270561 4.6968789873669765 8.376688516106233
1.3521818606387037 0.16880211297892142 7.2604981097235886 6.561424859727348
1.3719873928539714 0.15482703540134599 6.308875463310402 11.026307322693869
1.3849630444170085 0.20928171582268495 3.825071476456437 4.387227040274762
1.3653812888836399 0.15395905806333443 3.059055433695631 16.122062252508762
1.3966965149018953 0.19544968519520878 3.721006345537505 5.517510740217317
1.3844655308785625 0.16537910640118722 4.500239660452701 15.445375245902676
1.3301197957870232 0.1278446458921953 3.9757970931568343 5.763235990755668
1.332717191238006 0.1179454973380035 3.0472907003495093 5.25347640264641
1.34310438050471 0.15095173124333006 4.141562159548481 8.90211600341144
1.398905582413116 0.4522752008077633 5.808084129101218 2.2557866062862018
1.3924081539170339 0.18797396115000647 5.328955422702469 5.613179914741375
1.370371084215074 0.15150201315537037 7.925148513704025 18.473380781333532
1.352595469810107 0.14976966724195742 4.750555351581295 16.28328852050405
1.3616041922909456 0.12128311612454742 1.933481375525125 8.32534823655543
1.3715354444339092 0.15970232893974282 1.8886679210949096 7.184120720243849
1.3506974416150717 0.33075552491267207 3.8016721441284114 2.2926091360747414
1.339968014193965 0.11690772188993696 2.033004635357792 8.343544855682978
1.3267605022869997 0.14078177776175688 4.287000182711868 6.004960647520829
1.3817399594034157 0.16432019440725618 3.853296686396551 14.764557423974312
1.3853219647046662 0.14520289726048113 2.5642485472371477 10.825988273197455
1.3837400472130228 0.1663033445619304 4.752182698961474 15.429277069293432
1.3542155085166492 0.1500814249340717 6.173183821209014 18.975694554893764
1.3979201917572308 0.17177386078809362 2.7599174306200887 7.37719397713051
1.3647880552164593 0.1861080817399366 3.7242812398279974 5.12259206601138
1.3685033067111296 0.16139857893913945 4.116529622768238 14.840397621739076
1.3576588026782972 0.1577168960812011 4.7473971926608725 12.580007521813785
1.324360761417731 0.12993449951090252 7.494125072913391 7.0441646400608295
1.341070594079491 0.31504809168854214 3.299208422519605 2.241644879019968
1.4074821343528283 0.20204224501955262 2.7994727620700717 4.283352096156352
1.3397541836722482 0.1319116436534786 7.274028063537887 15.207280650513635
1.3493780650382188 0.13219192635596203 3.577586746305662 15.542748173736122
1.342577842983418 0.11892722182702062 2.7796664614332975 4.616208810979234
1.3422167680214865 0.13240496939046884 5.291522989389092 13.674729620958667
1.3886397134869242 0.17173903889882067 4.611048285192087 8.482806639135948
1.3904510955226355 0.16641583352609352 3.700758263479633 10.216081647007213
1.3488871018261657 0.18375155419058473 3.8373939407422397 2.760297297498183
1.3599809472578355 0.14851360380739315 4.963526366568447 6.091665918762571
1.3965962322267829 0.21888672480706267 6.546094473383223 4.401786477006096
1.4005920736166146 0.22905574451422198 4.599493861209504 3.417174412273715
1.3242517959276188 0.1355679378053633 3.7489779012657753 4.718155826893405
1.3507132334226584 0.17133332162458267 2.010930228884991 4.490221423523435
1.3621987891383482 0.15969521538636647 2.404825295851107 8.468645699840208
1.3505740294770403 0.1457020706075864 5.0802262524176 18.240529215073956
1.3593281764765368 0.1422811071789356 5.766686527863582 17.85419326645194
1.3289819972679255 0.13191279760660357 6.173180555561832 8.900211024837205
1.3934065021467228 0.22757965380874431 6.30603510549562 3.9409163358687684
1.3412820326333708 0.13230172373318208 4.730994701441253 7.980658859700023
1.3933729721668475 0.23751145406604277 5.51545086297219 3.2151731134393904
1.3492232845343208 0.13896781067828473 1.9588059335532462 9.10342562858055
1.3522740783158294 0.1430855313063282 1.7734177905595137 7.531641459284987
1.3917206455511715 0.18831503781808 2.5229859126946708 5.296071904389183
1.3811040134853416 0.16301759070537028 5.741762615809206 19.358650227383055
1.3354809913332781 0.1356914069722879 2.4077925725720046 7.648832504904423
1.3538863216995871 0.3191468854795549 2.8425543678194454 2.157793486579963
1.3550151067133835 0.13563113783352382 3.741535735663319 16.642731024825395
1.36400727777297 0.14564236745099518 3.0357913468012336 19.889384182708056
1.3554007652054245 0.13659261780974793 4.176321202946966 14.37106056361088
1.3678653269304806 0.2260362800876498 5.284583831743403 2.8174470364973363
1.4078557743196223 0.36921914036643755 1.8389501983284275 2.2778706275154694
1.3409449221542862 0.22949641466383086 3.5953988708024327 2.405799324204691
1.4026124277303071 0.20521422888675356 3.866757703197573 3.8642218860951365
1.3339672043740862 0.13232847251169935 2.3731728516830586 7.57029936888809
1.35047764408244 0.1387693638542987 5.245980000189834 8.630554991150492
1.3256371734025822 0.15997416426685304 5.233755137330425 3.6060736534597777
1.3268436524698484 0.16376532662146925 4.674658801887961 3.4781996673674014
1.385348132958824 0.26806028775504487 2.423063499019535 2.7864130685360555
1.4160899528867248 0.29008989957817044 2.3541607220339302 2.6517040512264964
1.4278446897009427 1.1758204883710757 3.354262992406002 2.032550888945488
1.35509578598394 0.32381921130315 4.607981955152002 2.347105135249579
1.3738524723087757 0.13143045845170626 2.0148341418190325 7.931176208216536
1.3531985790736039 0.11932662644148352 2.413992984178403 8.873740837313749
1.333164102317358 0.1289052635012578 1.3239261261405457 2.924242858709775
1.358797362037349 0.15643186156148275 6.887874475585581 14.648010046276145
1.3759707731061521 0.15649416278589032 4.674691583616191 18.65492781766857
1.396198890389218 0.21426159119756966 4.336974494100902 4.216270727746238
1.381892032082931 0.1601361890828413 3.861819823827196 13.821797567392615
1.3528133519761252 0.14405266439339234 3.3049700110213456 14.728405404717911
1.3622685541261603 0.1448235946339297 5.594022116833856 16.966193312012514
1.3863636424332246 0.1556263155436561 3.3570167402756113 10.387776718681437
1.3788826805782377 0.15072779399857425 3.78132425810356 11.167768987329985
1.3889043129238863 0.20405588468218688 7.674621120387057 5.113386511600081
1.400845223728223 0.40921884097257183 4.64951945080243 2.2983166586986807
1.3543657772211528 0.15563784161663216 5.315377823065018 4.6968397264634
1.3744596686669244 0.1640657910659466 7.571862076289051 18.109347127249073
1.3536940847637182 0.15386803114901232 1.6091081292919482 5.08759937721167
1.3533378157337368 0.13138686300408636 3.7505027823451376 9.775350531307527
1.3556348496472888 0.12655420291104466 2.3813810765502827 12.616353726176273
1.34889048013454 0.1320819047973039 3.801245073478546 5.448714710734297
1.3910182812272711 0.17121381277858877 2.0033576344457855 5.260766627388528
1.4044892223017778 0.21616380363880275 3.8818081352666005 3.6663295534402973
1.3782609215966226 0.1651885498546417 3.8827809329778082 12.142789149772662
1.3595123706654504 0.13679524006596286 2.4987845078593702 15.872444921024602
1.3371016855712825 0.17918392311196094 4.5514664688804185 3.6637307678755717
1.360267471729996 0.1552933170408403 7.04271975943718 16.91462383904286
1.3489784510235958 0.14693035009790725 5.509143508762661 14.41232011900895
1.3524014086525793 0.16452550922991097 4.525835007760357 6.947787979547066
1.329627902856108 0.17120696977497477 4.972262976249449 3.4969045698876524
1.3408422600029637 0.1420352490563933 7.795980012471551 12.055250823612482
1.379669444664093 0.16184619152506877 2.5376830465518005 9.971242217305107
1.353084271313236 0.16977293942975083 2.998477348075797 2.747940523187295
1.3887407532345524 0.23450320594450855 4.820787727608848 3.5389969189500823
1.3940790503054212 0.18841491706284627 3.1069132792356937 5.634184150226135
1.3573850969085424 0.2565437419412963 1.2741031934299094 2.2592610379753055
1.3400140756741268 0.132958662178068 2.9835309601368367 10.160751434642801
1.3514889598402284 0.14584620964548142 2.5913269039249855 10.376955753442962
1.4030116250383315 0.23917728249104878 1.9200180716225517 2.814909092171413
1.4002758752023188 0.2980585438440266 4.257160087599674 2.721575382666815
1.3560266037059643 0.1433876272574271 3.6435407656900676 4.126607892713132
1.4019164599340255 0.26171914970934984 4.417337251818084 2.9480032304507064
1.3313196224563766 0.16790428781887218 6.4112498427880436 3.8467469228999045
1.40468174384587 0.22088160135003354 3.1010254295924313 3.7441148910564075
1.3256570213354097 0.1303018201914039 2.1771167867657297 5.02404729768296
1.3835510826500985 0.21764191196574662 5.582098126928765 3.3598723020273256
1.360492854843962 0.1439595121413395 3.9581873025779015 18.98376430778746
1.348304276189873 0.2621596582839704 7.5109864762262255 2.575862440245422
1.37057397195081 0.15387944815212182 4.543324280850526 19.738261042613562
1.4060876799799091 0.3774340454183747 3.8231901242755795 2.3964353501140954
1.3705253081091024 0.17620652231040018 3.763504678610068 6.84966655179541
1.3753779060569573 0.15834110559697778 4.923621014822154 17.64965950082684
1.3639286839824334 0.33077470434158035 1.6407401727376993 2.284712856246026
1.3713534257443392 0.13252379838354716 2.2458034129504187 10.454842943567407
1.375977075828096 0.14669291552132843 2.5135108128348143 14.493039527759962
1.3264578229738366 0.15394879633831518 3.0873575772617246 3.593349401172792
1.3707243513222502 0.15966202188062878 6.4307088152985745 19.94300157133222
1.3843219888247145 0.14494090465741938 2.5174260423104102 6.2030902296395745
1.3943171227146638 0.22686582928246646 3.615862501950751 2.8646288271526745
1.3280568513541122 0.1384874754936974 6.367775993234807 6.660906085783926
1.347831523106973 0.13824797278351017 5.591350420924559 17.6776497636995
1.3810430995840781 0.207812672997042 1.8284075406026599 3.340965686644411
1.4036547349274322 0.21646730741347578 2.8511811158274654 3.7925796499944413
1.393631021300083 0.1882326755049006 2.051024628044486 4.246113641469144
1.3325476890348593 0.18022141010596734 5.186119340035286 3.155373480029991
1.3263041741066266 0.1388149763094607 4.234559109604922 4.980236736079517
1.3747429584664927 0.15479003793083845 2.281740229681916 10.246960248794023
1.3740856728638065 0.16674486218526818 2.1606598142457942 6.632222936623412
1.3513067031127 0.16887527657773363 4.476901327202468 5.796175529700033
1.3780593322212162 0.2115722261510041 5.656719898867333 3.3529681766494974
1.360691635995332 0.22210489435509018 3.7938340452481465 2.542496413724327
1.3722893987873577 0.2707045671888232 5.348792793812381 2.593798264641513
1.3798834662048296 0.1554618248301214 3.490168761539388 13.525850429013746
1.367476096962907 0.3455300315703293 6.414198007306576 2.3424878802382483
1.3582565992877438 0.16017125007351274 6.282142955613897 10.384269605112108
1.3957148853147276 0.2160909237854279 6.2556042374920695 4.259361931096926
1.3928070920245645 0.2024853738923267 6.572259196948119 5.178578758435979
1.3830586336430222 0.1877356205879201 2.517713430934115 4.975875407720121
1.394807774590142 0.16661681648743062 2.6874961441665466 6.674178373578686
1.409233562565567 0.24959113490163928 3.467791390214168 2.943594288814873
1.4006941098682728 0.2635296195301942 4.443022002440334 2.84652670719401
1.3827111326721784 0.19121100415036527 2.9656938194851628 4.957816719441658
1.383942450262211 0.14687585023391575 2.713493013312437 7.209702743320545
1.335344890649324 0.13413517829879879 7.983505286909138 10.94761913002064
1.3455562421633294 0.12881993088939966 1.7213732439050957 6.951886500466767
1.327195008474944 0.1440775128078918 5.0675226623654455 5.184878302038479
1.3661211937490345 0.15990713990610253 4.232494174082158 4.08216832481329
1.3534219117357869 0.13880911331259366 4.621672915544921 11.911739805561472
1.342204920771871 0.16477333335834432 4.7651234737511485 5.103168539245205
1.3930666355658843 0.2193769946082164 6.002439958097295 4.119526231658381
1.3829590333782784 0.14327746874231156 2.3583772039334048 7.7288928079586245
1.328839247936632 0.13571166918602257 3.575378501813068 4.3697467196824995
1.3941804908867452 0.2264188628785492 6.502981199799882 3.8932800181259335
1.38024157234767 0.16773294574705527 6.828599628375757 8.994190156152404
1.3491483523775418 0.14503294664060834 7.484247772585708 15.898397284496092
1.423621815475656 0.44091085260431556 2.530495437998124 2.2476522937670307
1.36480049533062 0.15860283118522608 4.072024501740642 3.972117284552589
1.3567093233672443 0.14356574200477235 7.145849987006279 12.952002597301739
1.4036056060265731 0.3700278548643463 2.5571661116696642 2.3781956559985757
1.3229909864142495 0.17044278598064883 1.5804540802947147 2.426214391540118
1.372851748210526 0.15256739742371778 4.21587681433832 7.051496958634505
1.3898847346752112 0.1869497242921909 6.9426433931795275 6.391150637519571
1.3635439223396404 0.14652709961113677 3.970211576285446 16.5995560511136
1.3653852372615551 0.1492409940637536 7.32519079478985 18.240223235908804
1.3497463163898473 0.14371937519884329 6.630587448803425 17.0254974629852
1.372151694657935 0.16832482024061254 6.00780701118051 10.739581356391707
1.3769858830972224 0.427453036814767 4.36476370353951 2.2238744826542103
1.4092756686463042 0.7592341886471808 4.373300339678706 2.077657454472938
1.367255035238367 0.1415355203111826 3.374773950688322 15.010497411172832
1.3319280837694132 0.17598636536880086 5.10282151257033 3.286970154941355
1.3729108616291938 0.16422586854328775 5.223374029166495 13.011594670013867
1.3913346655122683 0.30985477875238165 2.8469480606490203 2.5620004675145083
1.3872660064109763 0.1801815658050365 6.4445083880258425 8.040835505339766
1.38331452640745 0.28676853202148805 5.598492307296207 2.623489489095641
1.3931668034130678 0.19606909036779915 4.269988590239832 4.26532667646479
1.3566237386684912 0.28491863915518495 7.9149566436815935 2.526567021457499
1.3287952645093943 0.14308098677965364 5.115152670840628 4.595056674912734
1.3843987523429884 0.1832028837882874 4.2614213776924075 6.486548275120704
1.326955196053539 0.15219714445729213 6.934470384906093 4.020028453363906
1.351055156835494 0.14217382018506283 2.806173730558702 11.194612680225482
1.328932841940702 0.1350458299862209 6.028708618801197 6.092935736510466
1.366271686407064 0.15392058504104109 3.880511887083415 14.50225204868905
1.3339853345830979 0.1497616087718805 3.797841056927182 3.4849130718177888
1.342931585048986 0.14639300794790988 2.279659500587053 6.5710479138766065
1.3998609513001126 0.2701756308721595 2.021374443891246 2.676745259465739
1.3937705725733522 0.23917115656417817 2.3110368465871667 2.487232378120723
1.3510667051502392 0.14360795936321452 5.10856078308081 6.650430214645937
1.381153194557506 0.2608901605721456 5.9256577767790155 2.9724982579690105
1.368593888706355 0.1835308363736825 1.807552713899586 3.9288753844780624
1.3798227076593856 0.16018687928201844 3.0923642996668113 3.9717085069846947
1.4233467341541979 1.26674947064758 3.643440636588452 2.0313242196718537
1.337693853253878 0.13628512719945318 4.371186953961306 5.570177808463132
1.3907766087746425 0.19713436113216554 6.914124506922392 5.062059064182551
1.365120301012722 0.16769555135411907 7.133405202918567 8.965618885642646
1.333777087443537 0.13373708717489347 6.8842349864582815 9.297429926619094
1.3610933129768306 0.18472159519099884 4.654360006794661 3.14249970242866
1.372086240836672 0.16905503838710847 7.282065359652781 10.426970729884818
1.3867668801725106 0.17781022260222268 7.788694228884001 8.397338147243309
1.350005543534424 0.14801149963865562 3.1371127423684255 9.403082797512553
1.380659662141009 0.15327043738326712 1.7145882550498301 4.057881358455053
1.3882957241222085 0.2207773630317149 4.583919417151456 3.8215331795165093
1.394880182937801 0.22112353504799473 4.257420650469064 3.661306754434004
1.3684444336130368 0.1447343326142737 3.372756610833835 15.19441182852407
1.3645666701080645 0.23651890950657695 3.0995654660818532 2.936069431257633
1.329371974113482 0.13842301222726142 6.311465557393073 5.387254097646598
1.3776147458709034 0.3719984194807372 7.063826227241015 2.3507264290477297
1.3502241292563961 0.2143536306594991 6.8352064594341515 3.135980240813229
1.3652076248791232 0.12900479826681616 2.3482129106256138 9.60077961764101
1.395457392291661 0.23623436862004446 6.912146718912849 3.512044107168325
1.338346425515534 0.13477188477533 4.158900309570608 5.736521220892672
1.3700649099618243 0.19231519914750972 5.23327564423527 3.5485431939672543
1.3475717763926962 0.210422065142621 1.2680429470823364 2.4098184695699727
1.3540338093958586 0.1649921048362467 2.957671212938027 5.859322458803764
1.3613540284123844 0.15358659710354713 6.190694051457883 16.650540170837246
1.3719038326803794 0.15700796926652721 2.4270286134850787 9.241985356707344
1.376594278244213 0.1455563416012168 1.7196540871285926 3.8890625270761925
1.3753350542078433 0.17264772112042337 7.8571188122072115 9.493216087172804
1.370110352418104 0.16213820362911935 3.103540387592162 9.129370661926334
1.36122303704623 0.2507549332654339 4.671592601119641 2.7992293210314303
1.3617343439776364 0.14765401027379566 5.889350600201939 19.092007568472884
1.356757278767979 0.1611057184334197 5.0331662865708875 8.596526079603194
1.3792044686945877 0.2121255355400557 4.793569758816386 3.9804707935239128
1.3560249214022841 0.1495385890883793 2.5358828064411743 9.182056994483254
1.3578558611730958 0.1602395316382233 4.070609091437522 8.660183195971191
1.3570920166994447 0.14400042109690026 5.293520192969327 16.039758272853827
1.371973435209231 0.17538487490627144 3.7963093554989267 6.704593013551046
1.341103641898768 0.1506898577227858 6.002150473267538 7.386958485506504
1.3985261740156476 0.20675703696969613 3.7958483110704315 3.670494865654463
1.3689518504335387 0.15251037006496984 4.703535401413709 13.086571013628756
1.3848312872297894 0.20491292975622505 6.067014822028356 4.612452649015186
1.3485829462846388 0.14381541932470987 7.516074311483719 14.997722322713871
1.3590658603725365 0.12561722833181804 1.7162125242064632 6.097061531313329
1.3688322471284802 0.2179601572071381 4.379897894377287 2.742162621740174
1.359934581856809 0.26927512791542574 7.3749398759755485 2.6479569483116587
1.3649495526277313 0.1544106759569542 7.164331470682393 18.91789758942277
1.347765840289173 0.1456686610561794 7.571592116148684 12.96276828817825
1.4038525595184086 0.2138071587440063 2.1956819059634287 3.1816469685748485
1.3949130273602772 0.1730194087161004 2.339525996652921 5.117805853828919
1.3534611027440864 0.14393945096979108 6.398889836699214 17.73880159439511
1.332037460932368 0.14978812764279817 3.1318455076786025 4.559520204742832
1.3579540139187867 0.7883933428686115 2.8494391492622744 2.0442948041969298
1.3783998207637178 0.16570350641444745 5.745599131372499 10.895482317431807
1.369222014761203 0.16111233277419992 3.9012545511131766 10.438674514614561
1.3631682166337606 0.1490492308051756 4.292751367913938 5.705459384246634
1.3957902507754636 0.21442104900434475 4.037493236939712 3.3613003433501927
1.3823605456498211 0.1853643018140058 6.885114621571638 5.247325155791389
1.3627062433231114 0.1410163664548091 2.89732413150788 14.094276514689973
1.3503002313852503 0.11980013162032062 2.1617743216995278 7.7011454835978075
1.3701317984553776 0.15139943831653924 3.559538879350212 12.980069970866024
1.3616245469749098 0.1643429691526907 5.730016271623176 8.735921445364548
1.3587971372028846 0.17125105985669725 1.5535287749326716 3.6403231747279263
1.3526536852284634 0.1564749051999548 5.473695060226986 8.962139268790045
1.396715898556984 0.3295648288162738 4.149675728350663 2.4853125206051114
1.3247333712892764 0.12557435411732654 1.8910530382735178 3.99400154856075
1.3500965617475187 0.14011844662852627 5.314852937171112 10.23770926023402
1.3696436561420242 0.1728273011765746 3.981727576040984 3.5201846508222987
1.3348766156262797 0.14025213886304114 6.697187769209673 8.003207767076667
1.3714405974241306 0.15660570816806849 5.043187169195486 11.29601394176445
1.341903857087724 0.12360769020004415 2.185572096546746 7.915427445543928
1.374044967956003 0.16045322617995478 6.981992141966103 15.267477076622027
1.3776086059282098 0.15488361524569538 3.8260157525536664 8.027879625273972
1.3771879828567153 0.1602990657504565 4.02256978530961 9.577422021767358
1.333587015283085 0.13185419751139182 2.9236789246459574 6.552956341504304
1.3833156380001608 0.1827178988130344 2.425355277596857 5.01967149206007
1.3445447737422564 0.15522765999738217 2.3467200120472516 5.316325704061045
1.3859485452155933 0.19327101535972308 7.538291515028182 5.690350122600648
1.3443669630401278 0.15370753588921846 4.126588315664059 6.864525450318233
1.3798051885665146 0.16435216583846815 4.00076679297432 8.556501769975931
1.3746964703080307 0.18602728262024162 4.032594030898817 5.341056406136504
1.3727301353737429 0.1662660465190219 5.576530696032022 10.703252181369631
1.3949022905768254 0.21723428964269068 4.138388634657855 3.520058842498221
1.4039677644436106 0.23335877825463455 2.3087085622692545 3.073463817483047
1.3640870861473813 0.15897806777872872 7.869306886806655 12.968586941719357
1.3300413099901418 0.13660592310712777 1.8020818347704435 4.331168773865908
1.3825171276784227 0.14900796250111195 2.343598143545164 8.017651079932202
1.3566215655138614 0.13856563402308306 3.420639928985045 4.734306537386431
1.3861183724480413 0.23252104269253662 4.869937084992616 3.422349097655915
1.3474062516979135 0.14760066294021928 1.5047451571995765 4.184641275040641
1.3318836311690188 0.13943557088227052 1.5217853450043117 2.6517265064814266
1.3579616572823539 0.21755523218025802 6.589692910168412 2.965273271870559
1.3802937362338175 0.1813531094452036 4.611809293338866 4.517086505161365
1.371685174541718 0.1467546323165934 2.950911951188087 12.611018671005676
1.3383656957626275 0.15218521778026944 7.537500009997991 4.522886410885622
1.3436625461620504 0.14682050162861085 4.808021455140775 8.711523809876379
1.3748725394652999 0.19570798466117534 5.278729853918083 4.697499282155051
1.3600609761455362 0.20757536776399907 1.9563231760291124 3.097179959965164
1.3703050108884802 0.1467204535666232 2.7689279968470024 12.277749090989046
1.3571633331696404 0.1456122455731498 5.11968296579943 9.344020099174305
1.3775632776545281 0.15728942877857385 3.8726253259976096 6.433759999125352
1.3528787712995176 0.24357642332380433 5.316352879795973 2.729397509500301
1.3420491159690067 0.13571368089073302 3.9183789741336965 5.355886917207661
1.384103517746325 0.15386279776282946 2.4386765087853868 4.307743192421612
1.3682124764627779 0.15478469738384384 6.392455550789135 14.4646235428716
1.3710048262725905 0.15790158660720566 6.557424633049454 13.992455249372995
1.3404292364961352 0.143685105722814 2.2809296187105206 5.964649467379655
1.3726227553187207 0.16089097305038075 7.671541400525233 10.021960025044903
1.3863729681446664 0.23790588824075626 3.0755206738709444 3.1438459262409335
1.3860449179416814 0.20048488325676556 4.889263819680323 4.444902236184466
1.3540453456426451 0.16365279556798545 3.73762398313334 6.28392679555917
1.3668804686930287 0.15166408320424019 1.520496629986246 3.7058150912216554
1.3483690810553204 0.52936746870745 2.3822768928697675 2.0833122438622818
1.3416384642295118 0.17532323730949032 1.6456502864669407 3.20137897216007
1.3740873874933932 0.15030272354155108 1.8868365118205623 6.324459346134388
1.3379519436536285 0.13709047143569125 6.790701194211623 9.109775921981884
1.3366274886006855 0.15161868486162364 5.211111875064699 5.657443614528554
1.3708106023181863 0.16412646494955666 5.497861937957722 6.546795915478551
1.3644112714607581 0.13892641931976812 2.506202723517258 11.467842510259565
1.3373673875260876 0.17838194674361138 4.309811296567206 3.3401623373204887
1.3717511393607142 0.16363225266954468 5.228323384809675 10.510399062178184
1.3851869393868572 0.2640076090219389 5.336661723864984 2.910357765553162
1.365285418761096 0.15279760093092742 5.715063293907552 10.84871680323916
1.34723594833463 0.14914297472598897 4.474482743701159 4.634093336391557
1.3548786722718817 0.22711248333898365 3.4468979181850616 2.4680770222827983
1.3828424608324619 0.18241263121228346 7.365096252501464 6.03397746869282
1.3832716036405428 0.18909842250091788 4.76902874770055 4.749138169984983
1.3514816693259124 0.15158308023379585 5.175616430102343 9.80625971742457
1.3952788228262443 0.2665736528242161 2.652937085792771 2.431937399788419
1.396026711476665 0.21055338245666028 2.863485390561495 3.7684068129373514
1.3838042411186888 0.19600473403817353 5.030398436002055 4.391439568570348
1.3645391754289151 0.26780398350630447 4.258708176354152 2.4248388780311636
1.3451955207223878 0.15936723516824383 4.802300082744614 5.882415919173825
1.3583084160514898 0.12230516734202161 2.141577968160762 6.141992276924656
1.3357350917744257 0.14987116403492118 7.919959540777952 4.632385727898999
1.3536440775373066 0.1531873900083791 1.7975644077389903 5.168520061557282
1.3384534343206906 0.14039737553745638 3.5725328521386395 6.85815407234209
1.3531046957912407 0.14055389824088246 3.4545152692610848 10.641219770592294
1.3855719262646304 0.2247900077205342 5.266843471783117 3.5766726399045212
1.3397248415574734 0.14543694829206588 5.825995316329651 5.3244374635896365
1.37658488010693 0.1597005279202205 1.7974017954332615 3.0968242408079973
1.387360692400338 0.16377881124039276 2.6412144810784284 6.735101938661783
1.375823512496911 0.18464151051262967 3.2386172691900703 4.993425584510511
1.3855539310646603 0.16500662052963874 3.4300239046919394 6.475086975794303
1.3829564857167649 0.2379189973366489 2.9768191293343778 3.086399570503335
1.3723567801873928 0.18667585468335218 1.8721134682034588 3.758989031114118
1.343827079829098 0.18394564673854386 2.091765309015883 3.2522645478104995
1.3751786256774272 0.1622307973403342 4.127978163231782 8.252630857236737
1.4097796023144742 0.3549402523225084 3.54900003631514 2.396621124231127
1.36435107937823 0.1563148249333031 4.977404511814953 11.596529661600306
1.3818326389557474 0.17899070110167326 6.706936026515976 6.738431611111807
1.3891764829204416 0.25135333382232145 7.358413265768461 3.128248317762627
1.3757388449381973 0.28687638152784406 5.2094725644720565 2.6271293209973665
1.3487573865226146 0.21140813724596305 6.35969960879024 2.943080671136121
1.330823693310007 0.14158367903545227 7.192044942360938 5.645190609756951
1.368251940121906 0.14800305595223634 3.7003320618493114 5.9023585876822215
1.3500855949254906 0.12939772892806523 1.5361872843985072 4.532662096980319
1.3830084956675401 0.1784653435822448 4.079619668619386 4.354397941088067
1.3589249695789045 0.148014497449513 5.801784782815102 12.690873981961232
1.379936463834679 0.19466126249492574 4.502039980225857 4.687011666029694
1.371042348078435 0.29110868370201703 6.030271997444746 2.559439686628243
1.352091330712804 0.16467737936084764 3.138514219262198 5.344348532223655
1.3521944851544565 0.2283043793106478 4.431607933805283 2.8255384046391088
1.3631866112013156 0.13589630190793997 2.319503792692541 3.7187138966202395
1.3519204312418382 0.14883407612167615 1.5853227651458794 4.463181586578862
1.385914812589667 0.2814287085598015 7.444713283213184 2.7732738101517134
1.3508223194879392 0.14264382561947658 5.963229242870354 11.356660851765152
1.3351706483740118 0.15646974619042595 3.2096880836290618 3.077107177564108
1.3285119215036547 0.14220992378865116 2.9217618960759273 3.6578231659103198
1.3509081194957169 0.14806093123008368 3.2858068708896506 8.307550726607086
1.38650770347038 0.21851594648463218 1.9280368458495163 3.0729911244913732
1.3842624089605948 0.23198347496345426 6.5305965949256315 3.4351754702447472
1.3556266960313321 0.21186664963985932 4.045372561296225 3.1806871522333893
1.386377028858054 0.17360142693646355 2.0618933988246986 4.626250600697616
1.4063892909475426 0.35488302313885156 2.5456642174216313 2.26423942372167
1.3737480760621152 0.1703503671123042 4.654349245601803 5.245401001050017
1.341555550396031 0.11945943793294239 2.499332299111966 5.269731971021583
1.3698948205302919 0.1531353932725218 3.127091148523046 10.16482006086062
1.3442588780704874 0.13600856564428515 2.465404354500249 7.784381216585379
1.3573870479600654 0.12439954311815868 2.407939486493832 5.836240119135368
1.3444650381595953 0.14450437452044312 2.7116502849392354 6.810118613147429
1.3352436015082394 0.1615462260038222 7.759241716706633 4.323229114851959
1.3602198853424188 0.19052792142612773 7.339602782388521 4.245516899547006
1.3614151316990744 0.1518846123871046 4.347173135486095 5.814876339432386
1.3856497635564395 0.25147389340315185 1.9990123229434562 2.3503682200146465
1.372452885743746 0.16494335930493775 4.935198478569293 6.8682977392110605
1.3981546387776946 0.3691181844737857 4.0656842231471755 2.334666984876284
1.3610907349877244 0.1476007730464163 3.896941928657092 10.019137004338525
1.375252246585993 0.1684125656109867 7.190487446771847 7.727374604404673
1.3372120900624376 0.1563394329280277 4.877219099832377 4.866109899409533
1.3578019718990206 0.16539764219531555 3.1367184940900126 5.75103582156008
1.3697460879432228 0.1636797774619961 3.7197392912099505 7.769479385037528
1.3373501571150017 0.14820372802859155 3.383482938827986 5.186052807349693
1.3552528999118199 0.46433580178931577 3.0082414621263207 2.1229180846045934
1.3516206005032283 0.17770463939920772 3.1151098770926766 4.086677471189857
1.3595539780879315 0.21867145903012236 1.8461692223620667 2.279873652294182
1.3689727489582788 0.16163357067337314 4.805577296970749 9.215338172612116
1.3441642056614491 0.1843826884248726 3.7608808055626106 2.8442955334957607
1.3766344504448023 0.24553554607083583 4.936414859728874 2.8909979029537833
1.3596756920169506 0.2210524750895544 4.371860674313703 2.7858870915640637
1.3557484053667994 0.14395016925034645 4.120340575030855 6.819377209407543
1.360421043547569 0.12742580995208938 1.7487867006208433 4.914912868948017
1.38056205903369 0.190386637974783 4.792515262012374 4.553160179571408
1.3649893379532787 0.15559836524670645 4.223537571149374 9.471037013274238
1.3575104097344204 0.2248095623038621 4.418581890863679 2.803195706749378
1.3579255687389342 0.1516395862554046 7.18895794026275 7.92172622282127
1.3876052308497828 0.2748050500920486 3.4762789163215277 2.4676611290486963
1.3449691337316416 0.1478812454982308 7.162604193571687 5.863084853169581
1.339722971638333 0.14118613038600514 3.7850535625583333 4.5779994201933505
1.3778776481931507 0.21950407434229177 5.453727695148214 3.5731753941390205
1.3466228109527403 0.16123329676513365 7.329434776538183 5.813337657483514
1.3531084312688952 0.1556002263046004 7.369801184949601 5.652354379349079
1.3680784436573474 0.14909921279594202 2.5126553896808517 9.118488095767818
1.3724111302441717 0.15712109662561421 2.586871943118314 7.934207877474545
1.354913840275106 0.1583067469296137 6.906796031398959 8.227627813539225
1.384109437497735 0.17890620978054836 2.512113695805488 5.019896190919022
1.3599827093646173 0.160363133247983 4.434819324135942 4.4750151585896685
1.3856117991436598 0.18040192086504264 2.3197029787997128 3.061439206366356
1.3700603016276853 0.24674398027617278 4.42004332552392 2.7046850802477387
1.3790987975431563 0.22614015023547612 5.959566745093495 3.4367058894544202
1.3281976633484187 0.1315480668827294 2.3852057819190264 3.643257900647086
1.3830098186236852 0.18782885791610276 3.727092311876324 4.737526594182574
1.3631513143737395 0.14359517305201752 3.349337285540391 10.085386323630164
1.3267216911235242 0.15892323965606223 1.6231799301200898 2.6939172761690076
1.3371916812670672 0.1505308679769904 7.596793521707374 5.772005325437097
1.3740817510293493 0.16672102974182504 7.119563651823621 8.840140438757047
1.3336764087007174 0.1501242708783099 3.1510840860090017 4.0546405529461875
1.3709060519577183 0.1368633541121713 2.496039786230517 6.262546002683202
1.3740661403684777 0.14966405562467525 2.9043253848894177 9.117979703702492
1.3641189139282837 0.16898678988907884 4.898007318473577 6.748483742472748
1.3776999184714938 0.16461079938164352 3.676880432381552 4.729816446322182
1.3760160391666374 0.20393302664269408 3.3523172000279113 3.7603205525650036
1.3885784568668347 0.19318421772384958 3.7132617305792186 4.208967890657628
1.337883409833915 0.13283676193660893 1.6495037563078514 4.440084686206392
1.366875703728729 0.16232595402535205 4.7059333835650285 5.801228741471503
1.3767483004819687 0.15208613076034608 2.949627487746025 8.220413433411476
1.3770482873744456 0.18565722030241605 3.1114663001479848 4.672554361216228
1.3569727327645051 0.1473235679452414 1.759337355794506 2.809606810000295
1.357631361379779 0.12501378261934631 2.3113562383504602 5.4381896074810605
1.3649807623676113 0.1571876382238981 5.155892219647463 7.792402180559673
1.3415576332207186 0.15750689931804604 3.8791506984642057 3.6606804531563273
1.3456103646837074 0.13787824588184613 1.7099214344432072 5.083599643586329
1.351050535103762 0.16997044676868037 4.612762525933206 4.948965280541567
1.375798637479401 0.14914807897177518 3.0465228126220065 6.546141080365317
1.3688651175247115 0.17604709450781042 2.7265090957957314 4.972656769916631
1.334325670715165 0.1538313518393483 6.449590545089602 4.60021920868048
1.339382311465712 0.19601575257716078 1.9733374827284735 2.785057164079335
1.378062935988829 0.49289163423492244 1.5202632212035667 2.078242420447813
1.3655759576779767 0.15409894165967017 3.2045750945400324 3.830643195602989
1.3466212614456292 0.14558801936750418 7.249036655743206 9.526130307856057
1.380767202949507 0.1940156855686073 7.174924841354403 4.886400962489706
1.346206074520118 0.15075396232888305 3.7982522061202495 6.490218428205116
1.363947818134153 0.15750481862662735 5.251343729041462 7.285388701045726
1.3725723101623495 0.1740604767820545 6.484955097642551 6.951348210362395
1.3568256203875202 0.1251930946743571 2.344171969086891 5.921463709381159
1.3575137499576848 0.15497305144745768 7.4073976774516135 10.011706203532222
1.3423556243953267 0.1624040674016621 3.816686259912522 3.436904015834687
1.371976128352157 0.2064960414908843 3.6929843070312867 3.605561423732526
1.373435154793211 0.15843622401693522 2.21891501973404 6.336927439820359
1.3374515517074257 0.13586245892627657 3.3884988740192803 4.702693766850384
1.356244263027889 0.17627152013604772 6.307726720659516 4.003979450075189
1.3771452438838043 0.18891997481742115 5.230941812335258 4.78790016703447
1.3554878449086216 0.18587531314219113 6.1739097270647685 4.133576557894672
1.3508842892485315 0.15286312410646097 3.584547710824089 6.712645372060514
1.353072601276634 0.12610173889762472 1.6870039305818705 4.692736983548162
1.3747903628967701 0.15484672456898207 2.3367559337535613 7.018283579287212
1.3638526555476083 0.1993069439858694 3.140704760773454 3.5454073986125807
1.3362946554029271 0.11927493446342197 2.0685379244001774 4.65599405813653
1.369584066554039 0.15955637762083516 3.402398187897139 4.012859040801908
1.3487970782827767 0.17379343261116872 3.855283912143026 3.098026546693724
1.3729390874528067 0.2603112306002155 2.403074286725824 2.654465542093035
1.341822635778233 0.1444103759405424 2.827762638704154 5.792413991575235
1.374301050758051 0.16133674645668344 3.799168476749714 5.18188121290693
1.3633622227366469 0.1356370110748637 2.5249551728412634 8.423194147715938
1.3558717067400357 0.1495249929462331 4.470663909962616 8.067132487874447
1.356437596816273 0.14934943020032612 7.574590603351475 10.20554109470246
1.3788126024243987 0.1898465847340098 7.2170217767302285 5.054468032654805
1.383007182878826 0.16666706781663698 2.2352385750397987 3.405245107386902
1.3769669865251137 0.20913374070916113 3.8790864306955575 3.577298992643949
1.3489820939889188 0.16295974954077644 5.3276696123487115 4.328784918723741
1.3543649747870352 0.2540074145423731 3.3138104264408295 2.3748007299963985
1.375107235374611 0.20098732609440229 6.479550042063324 4.181576135438522
1.3569047748867402 0.16674285273551268 1.8987720602101028 2.5775899812323892
1.3647338188300429 0.18271370553301455 6.920610981621741 4.165355239640465
1.3413503679640546 0.14412775681321313 6.09257330384716 6.705777068334953
1.355823192331726 0.14944050597573738 7.531067230750301 10.512465158570249
1.362192418832867 0.1891336394443044 4.9055724479224905 3.58300004643077
1.341005220020688 0.166834251795333 2.4419171959331267 3.671928043282348
1.3644448044486714 0.17978778451763702 7.583546642752543 5.2540456206901105
1.3512744897418965 0.19885739785143253 3.929458126389885 2.904107270499031
1.3644685465760147 0.17716889239474123 6.940159951509347 5.538102035338881
1.3771555745229747 0.1577698112760013 3.3751225137751373 6.2805716609144095
1.3712475053092241 0.17200052930483975 4.669231208993821 5.863778642401618
1.3411211916244166 0.1465069698593245 3.7149003112067445 4.346036060356479
1.372456784165343 0.17434304617745555 3.5517781143713383 5.43061121773477
1.3386500161119026 0.13237559412118866 2.998528286723386 5.854943412047044
1.3553031591469482 0.15313010422290715 4.106841164394727 7.467377793881452
1.378055451365408 0.16221873112732135 3.3355653424697644 6.642904028371817
1.3383996120255626 0.1801946069507167 2.558935605162983 3.0702882711217
1.3545840859277634 0.14515110537324788 3.018095200579838 8.0523504631323
1.3534306648512524 0.15137531599135592 2.9584324285749615 6.7174953942989895
1.369570266602046 0.16804633880251665 5.201707931523309 6.562646379545084
1.3519146356140213 0.14082406021823232 3.617977470779749 7.076631163539746
1.3659652388704546 0.28620713234693157 3.4592140339208344 2.4631511670686335
1.3509407077660456 0.16699669278926013 4.067263396738502 3.5428390449491127
1.333718503317879 0.1230442962238058 1.9975347519367037 3.6403885868190127
1.359803345606472 0.1833201368314407 2.7657474089263063 2.6902611127443823
1.345324982202273 0.18076519909366792 4.83525882146185 3.607396941808496
1.3815456905819956 0.1836147278271001 3.72769264756086 3.816024901093308
1.3492680371336718 0.1478950540786302 4.907348250922913 6.805615576745895
1.3583327883969167 0.15387697384258722 4.963149518964908 8.108407239009269
1.3820499535044342 0.15800778398191936 2.6796524504282733 4.669661017476115
1.3706856860231293 0.23365554904537547 3.9807059708430903 2.932944842433712
1.3448990816737965 0.15648952141278394 3.8134239744682086 5.122905123077706
1.3487928492554353 0.15549624853553676 4.874192927836273 4.9304503980618435
1.36726538656457 0.16650348071827048 7.929896877143681 7.880146481224044
1.3957631399656678 0.5631358745211682 3.303875362680598 2.106372993456874
1.3733731471358517 0.19644046979414162 5.088170136903237 3.9357318551139198
1.3739989268200286 0.20793268575843002 5.6784464075099725 3.745947502745231
1.3560041615797465 0.1502255236691031 7.886224594886941 9.715084571993751
1.375248354758865 0.15802915290036867 2.597218553721789 6.882916036399157
1.3714214701847973 0.17458080128611805 7.611353302705243 5.664180164433913
1.366193576103163 0.18345211521029986 5.861677480974247 4.86721473687481
1.3688914110393464 0.1820318760883293 5.285341632695387 4.389397263406433
1.3658887691262658 0.2098081018789995 3.694421133071023 3.3062134843722335
1.3875483214585973 0.19142898710312303 3.4363094072929927 4.160933786130865
1.371594771916425 0.17873113808573482 7.800599977102477 5.143731043160422
1.3832871238417557 0.24327419437764847 2.0543547464765175 2.7673792758096836
1.3932384946968948 0.18962010318789418 2.476142163545841 3.4497178068777217
1.3374245322469207 0.13212479183151188 3.025565860748917 5.093112201443915
1.3446247563268647 0.16421983431983217 7.68430157501361 4.8783394691444855
1.350300672835522 0.1602032952302 4.532289735220856 5.743866328367527
1.3721863459170565 0.18285327116498118 5.532863810859654 5.1287429860820595
1.3334004392849717 0.1253935944038157 1.837321005123666 4.136902132762357
1.3681665927566107 0.19628139012118226 4.321852146382695 3.34743312865396
1.3577101268386578 0.18533525238742393 2.2643643599649677 3.588022853484513
1.3491305190479363 0.17212383298632514 2.3801443200437458 3.838183818021271
1.3716559020094745 0.17553103894538125 3.221156755947783 5.1071472688036526
1.3700060842329587 0.3640306224263908 2.5256224732938026 2.1408271012712667
1.3518729225291373 0.1513026936885034 4.648092965577604 6.008129113713718
1.3878772220345752 0.18707334464574296 3.00773663128001 4.370689260663234
1.3680897508558818 0.16761236914551314 5.615528971437093 6.31150973768545
1.3384234636738879 0.15081636649472677 3.434382317174409 4.026675157753971
1.3582517924568456 0.17515738901194683 7.368001357310875 4.281090429099724
1.3771526167893506 0.15765027590824007 2.4542288669465604 6.410964180013995
1.371874550853683 0.18198804414506436 6.918035497901585 5.40002817929428
1.3686632683175581 0.15838257676322035 2.7442394496302738 6.820416279126633
1.3573162877905212 0.16183600350009383 5.255682975665014 5.193089283436286
1.3673524942207576 0.16402121827479751 1.84090340290628 4.346835136767952
1.3471089897256037 0.17350322004550917 7.458061292152026 4.293060440562396
1.3667852964282725 0.15766885873715708 3.069902892347418 7.056910567669872
1.3554296414407683 0.2252886302996213 2.8697692250808022 2.7791372732782844
1.3504976765248735 0.15875173713400992 7.786539562964016 5.129570591014987
1.3400051554234118 0.12849934880663638 2.31003872794532 5.850966372374447
1.3413172521047625 0.15628590748193105 5.789998727393261 4.66559028321418
1.3659006469413286 0.1455577911374013 3.3045551250142626 6.310332450281674
1.361626243059504 0.3583061448668133 2.582246736365769 2.138641653478324
1.3676185362244897 0.16475989027476715 7.293603024770435 7.360703353591944
1.356659154631426 0.367797378897965 1.5486621844949915 2.161602458204454
1.3660015477540075 0.1671668543225866 4.7831542676942 5.853726396194077
1.3484967501751486 0.15229844212923974 4.034482947490652 4.712911367360116
1.3513794770409016 0.17483346450832438 3.051395873963472 2.8481269132692404
1.3908245230177605 0.19558393408993313 2.110898216092513 3.326429232024326
1.360463177736134 0.13813782023467583 2.8857858883814154 7.710458014646736
1.3456397741157904 0.1500120763715622 3.99049084557799 5.213700213505261
1.3477924011694316 0.15151741035700542 3.9849872603495387 5.810975906803989
1.3494346913823396 0.13059997411444768 2.499115447589009 7.092298705081525
1.348108428503984 0.25310471847783783 2.2737421718988227 2.4408686753798827
1.3600101038580177 0.17361147624507547 5.383521159247976 5.223570153785861
1.3375108577704666 0.14576939797247726 3.268696975865739 3.9872752925169257
1.364215310740486 0.14807566204984624 1.703858521080845 3.1470421439610874
1.3546083747994149 0.20135513876259872 5.824245618648184 3.3169900211299295
1.3666849984482083 0.16564010680677496 2.0345797514591206 4.642304380414677
1.3355966221606463 0.1974483051641562 1.4413319076933824 2.4000370918809817
1.3645893467649586 0.16504119667031011 3.5639744540847778 5.811728649392343
1.3611359288051814 0.15202787679076757 3.5744972842951612 4.4024156032529564
1.3695396194792067 0.18199639173423116 3.982533361060587 4.514041141482117
1.3463285561395804 0.17699594204232405 3.468231238220125 3.516526366315495
1.3488543962306725 0.15187990320349348 4.512594667551029 5.897095290440596
1.3771325439437079 0.15822985031399112 2.9143657256176514 4.405315799399746
1.3399581840821264 0.15926938572257998 1.7886870479714663 2.5448848131786166
1.3579551909038319 0.1565763209147725 6.494107272808403 8.056887768151862
1.364052647512288 0.18249835864675754 4.159495518839645 4.348241473585389
1.3618172959246806 0.14657025202214488 3.239644274891317 7.815881671441229
1.3672838586473248 0.19922474823220812 4.346228554123922 3.585920619127042
1.3543237110340867 0.15032603569614378 2.044120380469051 2.8482600080208424
1.3816722344649224 0.20700521633248922 3.328336407168301 3.5636159699548875
1.3548560179746227 0.15434279622693414 5.71905062533403 7.065414595250976
1.3366071999456828 0.132317497855214 2.275507858219298 3.3874677529677775
1.3864151711133152 0.40953255400527705 2.910816422869682 2.2407195699997784
1.3603310927439287 0.19248298691421084 4.700040329743567 3.570869172764875
1.3838503942376366 0.16622859415537053 2.762382516921407 4.747757025087223
1.34575106282353 0.16429846244011803 3.4120736510613843 4.097511044536023
1.3653924093263987 0.14012997539328978 2.489378037152791 7.301815251766152
1.3405863881439997 0.12400438371522014 2.266644508493126 4.2364299811232655
1.3524515052683106 0.13752265069125263 1.9499752167470696 3.1289289292279063
1.3564395036685295 0.18736103872883167 4.809611107776727 3.783488529896891
1.3551506762666092 0.18104825078291417 2.94021018309952 2.770039095337261
1.3685230271318132 0.18439424075060656 5.761756418730052 4.608305404289185
1.3695178646699477 0.149134288613472 2.652055342136453 7.202485842172798
1.3467341908281212 0.15926821203148264 6.328644958218621 5.423076011253519
1.3527312366392485 0.21368167588948375 2.9070608670777927 2.8422508645826063
1.3546303318955006 0.17213745356377058 4.350196857382223 4.476435735244595
1.3506325157055132 0.17819159246238636 3.7337821665954305 3.636554539614749
1.3441531293449125 0.1523978142252792 2.698029275731957 4.719322704095122
1.36216221051911 0.17131724174514898 4.976986001318126 4.906263072899414
1.3449465413368014 0.15321407121756234 7.286171491419353 5.558611458862703
1.3705837454533218 0.18992614289438056 7.143820965637769 4.4151676681029794
1.3601347092817262 0.16720054747573118 7.743248074892295 6.1790838464459625
1.3480175003117918 0.338906529166041 2.3877596612010334 2.1947592513117264
1.3479806418949332 0.14192289902314986 3.2509775968760843 6.130110731191618
1.4089156867318602 0.8413940100028825 2.676268680871129 2.0529869787143173
1.365961470506329 0.1964125198675797 3.1771221961063967 3.542860240581188
1.3521059057925184 0.14188958569215204 2.76587466760871 6.90887172225467
1.3850509775601747 0.19651107508502272 1.975956183390278 3.2082263536025133
1.3556756195571962 0.15466014828587096 2.906657228621635 5.842950443303456
1.3663156052259628 0.1826032996020239 3.064611260259987 2.955010743927002
1.383150204698293 0.17601783674715626 2.9366082159289393 4.640753047574497
1.377110143640101 0.39908921693595056 1.712243969007848 2.170929410434373
1.362470263141716 0.16390814827574654 2.637761726246089 5.193830989240773
1.3725644126325052 0.14641643661746423 2.447742368851624 6.058013738094518
1.3499904508963958 0.15410825994173522 6.8388720220603965 6.473161774836937
1.3461810302019546 0.15448545725103077 7.498544700191656 5.887025921779714
1.3502129204812567 0.16284210955885217 3.8089281267532202 4.414932180047105
1.36415732538982 0.17351733826408103 6.532719687738234 5.108931081934815
1.3834598500409134 0.26503696270470245 2.021478607728069 2.5623289038944326
1.3756546052649077 0.18137946013221637 2.734312794094368 4.346297826923642
1.3516665347524504 0.15866666689208248 7.632641823624893 6.170482451100259
1.3796198971876694 0.2747454428600041 2.9617861727317054 2.594559423733122
1.343650737048191 0.14689479886433207 3.274428527411032 3.851115279359907
1.3478390068578152 0.16202905380037363 6.632003598152877 4.858626710490434
1.357825280182306 0.22344073221343683 3.458671086626236 2.743770612673301
1.3663590623347373 0.18943396042346336 3.939788067446165 3.508944766946459
1.3568946106439967 0.15234696835206654 1.7506483500361378 4.210797944884174
1.370636992433065 0.1495742258634513 2.896067944192635 5.49723612319873
1.3699282339123593 0.2922373109556478 1.6206885002783669 2.2982483424919105
1.3875535410725641 0.1819326643398916 2.4634169257653693 3.6221860408217443
1.3811375419430243 0.2762068542394971 3.714210540613046 2.522748997686771
1.345576479224477 0.5205658650874115 1.43859083101294 2.0447378203908135
1.337898472420889 0.13284695193373172 1.6810010997719682 3.289264892674095
1.384083089080018 0.24334370513217313 2.4813572763060083 2.817339407791775
1.3795589786889524 0.3496701030276224 2.2964215525435554 2.2969721174751507
1.3531611889683464 0.45715526431938425 1.7268537009585638 2.1000666860639092
1.338497355432744 0.1692687802260608 1.783989065735889 2.985817897648501
1.3638616912826818 0.17410536005636712 2.9277496791899487 4.423433534141633
1.3392869978528952 0.14401554441152145 2.5737274352362607 4.488087802556892
1.3673259621635654 0.14176686257477975 2.57064805361168 5.531035213944577
1.3531797356100872 0.1598307730132834 3.112753695012781 4.862689554185117
1.352147664840772 0.17771631098331683 2.3822602965839645 2.609145175039887
1.3631901244469318 0.4026912288730481 3.0818488914892206 2.1671455459334497
1.3388571089110735 0.15939638654646732 2.9735283630835623 3.340491793256434
1.3614273012516334 0.19749156234881726 1.8493306082483048 2.4231759397215353
1.380229443294343 0.28196377130437383 3.6542437451701106 2.5096695905361477
1.3403682001837958 0.12896187103969436 2.41199115772994 4.411927568515787
1.3561926541213858 0.150475868797917 3.5134919410891916 4.475744658318934
1.3395760096391078 0.19731108695284733 1.7891570253735747 2.602972640653361
1.361662253016957 0.14886606314478287 2.8964433529396327 6.594950409402838
1.3779437964848937 0.23644478769152166 3.0759206719847483 2.89058506110314
1.3510555390040349 0.136191430585596 1.866329361480721 4.984837092763957
1.3598561379381873 0.15430893906481918 3.493811299365556 4.327445877734639
1.3543195748306622 0.1557725183126171 3.1741442730532565 5.257949039754795
1.359241295684504 0.6653846569827054 1.5764637162252555 2.0281828627504654
1.3954823890967811 0.286351892883531 2.4051093830642976 2.5125124985953553
1.3636560741527814 0.1794566676766487 2.4361130205215455 2.7273921327092183
1.359940247190225 0.19253401892119915 2.767064518085494 3.37697388244786
1.3489287673408845 0.5897933156373631 1.9654642170343537 2.037616445884939
1.353530698076879 0.24074754381517166 2.73591400867935 2.5468841936326387
1.382330320046349 0.28416251674522774 2.8527503432954733 2.5359726154076045
1.3483556066517968 0.16774534976138022 1.582488540575386 2.55698782014573
1.342161181935166 0.16212404822895787 2.343082374021146 3.5674134621091618
1.3546289197029977 0.19822314881330003 2.707880588548969 3.077928019352152
1.375925499970317 0.1989058555437126 3.559689234334077 3.442596344013069
1.3554842042119555 0.21810551011791912 1.7466665938263521 2.620186763057913
1.3743642584618772 0.6615083678274915 1.9248797559026838 2.0619060984582864
1.391309772052034 0.40703487432323016 2.9348325209240294 2.230337859476644
1.3760726901130145 0.21804270204462806 3.59668150499918 3.0106825149231624
1.3519328645049231 0.14625714352106764 3.3177388568797945 4.941136219705618
1.3584029019693147 0.24314511153857452 2.315710065705592 2.2982397712674043
1.3639564230230057 0.14386172950703655 2.717214104053023 4.924758465930906
1.3558520981165854 0.1654304619802357 1.8212278275093863 2.657181288729343
1.3834337666369372 0.23885025695984644 2.657560684161769 2.5439428845997027
1.3634245355187442 0.15740635702865108 3.444561899456843 4.961214284330975
1.3362434713802978 0.15490081965790028 2.069216848219223 2.861781783384987
1.3873076793579913 0.24433958284632987 2.935907031478381 2.6494648458003716
1.3581043660371062 0.3976828661342811 2.0626826079204266 2.093173094480141
1.3529091498051131 0.17642102496987722 1.6041703786863089 2.9270493832038778
1.3404660728412652 0.26051763243090686 1.7179215311947225 2.244623096209035
1.3575376885960841 0.1374005946001431 2.5716711807359385 5.093390564452143
1.3593561600370476 0.18538055928354927 1.7440973223637366 3.0381731324642907
1.3452267369899635 0.23893846680241568 1.7078037991377117 2.368250514099844
1.3904831073526118 0.4819445033934698 2.810296540081203 2.13217397715866
1.369752698993195 0.20227150272512195 1.7723330514530995 2.84919417228716
1.3855500464940922 0.37763092306783164 1.9174747203066773 2.209676143107854
1.383735328039272 0.19105413260142 2.705779739069228 3.5266792309617734
1.3736826033495884 0.18179151725049056 3.359517980310011 3.621473240318086
1.381349546362547 0.2792663795472138 1.8249823492753494 2.3713070034469412
1.3655803664483837 0.23161863031769034 2.962011361058142 2.5098320666399303
1.365745364738201 0.19935431401875275 3.4809346398862995 2.9667968831822646
1.3664943762102308 0.1907604916472999 2.703878653345316 3.503918683715422
1.3399659255766918 0.1860709898279329 1.9571103595221577 2.6949667375841146
1.353141505702997 0.21559396730153524 2.9408473955578835 2.7131786128782798
1.3484780881063763 0.18055755918825353 2.7947869161569456 2.799960242230478
1.3821028637796715 0.19809049444678975 2.690454646513157 3.426142820520151
1.3701018947302415 0.49483310544048775 2.7562686572133708 2.0963261670619984
1.346040226719075 0.15462554438642556 2.1977057481319995 2.863298483704088
1.3973093001897767 0.5962452442307761 2.5825669587517415 2.0940929489178326
1.3636805787336352 0.14056344263641743 2.0596478954183564 4.406744361505675
1.352154798901545 0.23518772829992352 2.663363040959654 2.5244775604170524
1.350063546830866 0.37905320078358556 2.2026767095731765 2.117636221845027
1.3579837168683884 0.1979134072234619 2.0187184747211777 2.4456803798783575
1.3662499484047272 0.17728496272810504 2.815764965308941 3.0454632228290652
1.3671536255368535 0.22087753701949664 1.8165029279984046 2.6761548772204966
1.3654365473793162 0.14482736548443192 2.38419293905615 4.271498411247636
1.3628221497479953 0.31587187957419943 1.6043833344758416 2.2095907480614603
1.3767772736042891 0.18466679184587342 2.5391413916873944 3.7524955483628735
1.3629778185483268 0.15974056729157318 2.8045827193380575 4.946318198008948
1.385369305881413 0.2206251132593163 2.722712535853861 2.8141025435206983
1.3783094096901072 0.21182298500214738 3.224069374977146 3.0204855177592966
1.358015956506042 0.18162835263433746 2.633078868555999 2.7696960873800096
1.364254779294242 0.2713024223092022 3.0738538524319208 2.4304356915585275
1.360357665130456 0.16814279853260553 2.058736091077519 3.799127673260436
1.3468081942534516 0.14544320196132798 2.1436502254613616 4.355517448181388
1.3450953593750778 0.17427879269992355 2.7804358769722457 3.1095413276370123
1.3798228153043843 0.18922383920280847 2.868942533590195 3.42843715632098
1.359031446306651 0.15363467684168855 3.129530547113159 4.840137765640511
1.3498370417891312 0.16528509152861087 2.3832522327606673 3.6991898935647214
1.3575341280211015 0.17682332223940095 3.107337678726945 3.644319661208671
1.3387263541072394 0.16215815681141812 2.0736396585838515 2.832988153204509
1.3729765944189003 0.15804799474574338 2.4332541065299798 4.1611855573144325
1.380560962054711 0.20961009731859925 2.9213367331641953 2.9581281898757776
1.3648308464715853 0.1983023813618645 3.2362403065615926 2.9200566333168716
1.350219646335966 0.1405154245733302 1.7477911131941175 3.4737796228458757
1.379659203537494 0.18758394307943263 2.6697949396545044 3.563237630537227
1.3755340416676964 0.1839454081020042 2.8453506751851565 3.7455534401355735
1.347892884845757 0.18345103802133023 1.955431207525126 2.4914581018579773
1.3664006041276382 0.17513156947448397 2.1827813291128293 3.7267141096487615
1.3699435560799813 0.18300751844480834 3.286177758165193 3.4563198555517705
1.3684615898285908 0.2755329210574289 2.14461804090495 2.2503994076831773
1.3559636674839046 0.1468298448741293 2.1859762731488823 3.263045097705671
1.3709858775060468 0.1959638533311534 2.9978359216830723 3.376851098720449
1.3572749129864534 0.15986101803964747 2.1686176028100768 4.1325858943145946
1.3428914205216549 0.14596370112881954 2.3019665139134133 3.917551177396035
1.3803743786286249 0.2082365408307961 2.5514120405607263 3.108614990603947
1.3516029710060233 0.22731300076015634 2.6007980135145994 2.4610175156971734
1.3609703534822255 0.17241479216549624 2.0247044461642156 3.541190679442762
1.3639482352723187 0.16022040816869948 2.6879297352563194 3.491312772224357
1.3568793800619376 0.1579560084777125 2.365500844150257 3.075800019222684
1.3707637613762402 0.19031052464025602 1.9312465596459416 3.0896389408248695
1.3488047668294396 0.15455809346471996 2.8321793330475313 4.051068782372882
1.3654033215805041 0.1503874386701196 2.5172912358477206 4.6663198308557
1.3612126465729237 0.2037370539565132 1.7568850287106146 2.719304286776901
1.366266070700003 0.1692349345235803 2.9000846757999263 4.1933149556440945
1.344138520861485 0.14995403015244832 2.4887983475259903 3.8002254510262325
1.3790232683425416 0.22210299202853867 1.9369845743063538 2.6173543280996387
1.3763687250890606 0.33113742911200267 2.8424999778552325 2.2729901396264633
1.375457846832655 0.2619378205723402 2.6199656547178884 2.5510927919100856
1.3590615762557736 0.15378361820249026 2.5833780082885376 4.7067943930106715
1.3462078157404203 0.1389149857028781 1.9024615863067125 3.6997380094609884
1.3574565271543921 0.1734302850391657 3.0894001944881038 3.2818931656610872
1.3429291036700075 0.18052711783906175 1.8482989316683933 2.5348318546122464
1.3422760007625976 0.15399137923446332 1.999105174348892 3.2992638433086543
1.3645512527984347 0.226291491529018 2.0994166234675182 2.662720315104014
1.352060344249756 0.15327162309781955 2.446143885534588 4.206245450834979
1.38193026577139 0.24483503371734427 2.582308295325372 2.5516907107736504
1.3509955548485602 0.15490930710339326 2.6700975906383384 3.4538528437671223
1.3564458138979525 0.16762659236596242 2.5662827696914197 3.778024257978259
1.3803323954495381 0.6516659067163609 2.540935093841644 2.06129759177519
1.3534628213027897 0.19269921767036105 1.6588789584212775 2.507645258964661
1.3497615245088814 0.3098850240607047 1.7324730963616413 2.1798560026781564
1.3880439135117233 0.47939946313677856 2.38822868681878 2.1295570104492003
1.363822642342905 0.2037457373275089 2.8708874911598268 2.9925364368073817
1.3473764611434942 0.14353321344389935 2.010109326970107 3.8115985089143183
1.3821547172086692 0.4214566937554839 2.052913867521575 2.130305339213032
1.3799601688838106 0.20648158320349416 2.3335088450660773 2.8329832941301865
1.3567110894835208 0.19114196124172161 2.56844099358827 2.703456193255779
1.3578711369553185 0.18530186787449884 2.953405094779148 3.0436260470614798
1.3599459997829235 0.16576684755224236 2.867164225817721 3.8899799433096196
1.3634076955558756 0.15304999425557636 2.210462850437088 4.160001401486507
1.3621846715620332 0.36066946721334875 2.407303665126655 2.168644148229568
1.3674886402757482 0.16708558364863205 2.6494083922108667 3.9232543117940164
1.3830447185987165 0.6275002683790147 2.2120599546147663 2.0697774492898238
1.3688939586328674 0.24412068798150824 2.770563086624346 2.5649003458209316
1.3773751069024098 0.295283206475675 2.5916272884581995 2.330370511620608
1.3731084109581815 0.29830771832641406 2.4373457916825227 2.3515484303981538
1.3499300917748993 0.1600194109824924 2.571159399001459 3.3310747677363786
1.3616356155032405 0.19612549912568888 2.863651431434646 2.973787489933544
1.367028230994883 0.29005504038416957 2.1507300068079 2.2353938548787586
1.368352602447444 0.1704386439057349 2.3733786965038095 3.6890155607013844
1.3532610417095594 0.20529235732296644 2.0902960287649055 2.449510267716841
1.3539470138986192 0.14691235077936637 2.289454377338205 3.9857650238152287
1.3572508965633878 0.17903229552859584 2.5595663078933906 3.2765161944166246
1.3528843147868177 0.19564722688982367 2.3541716054730086 2.6133644103851927
1.3464637395110035 0.1788973116389077 2.1046761879377276 2.7335262603207324
1.360593102029784 0.15475108188350764 2.23847711069874 3.7767775743881833
1.3559183524236833 0.2623483564729533 2.107248567713943 2.2851326685218685
1.3734316170432355 0.4037061801942936 2.206306820697776 2.156227046496943
1.3626273268798044 0.22507946331386722 2.170283437081431 2.593668072721619
1.37294504166739 0.32116167928372324 2.3643221223292556 2.2583786564057657
1.3567476337088815 0.1811889462028815 2.4951182779171277 2.9898995067799197
1.3652160581423007 0.19299803836434598 2.080026605091559 2.6863599980282444
1.3659327277329651 0.20276051625307986 2.264337428800567 2.839913027584653
1.3605844335137285 0.2024357702649311 1.9110203489706565 2.650047411511767
1.3562197042060389 0.23867581048888184 2.0203883521676986 2.3574772291149397
1.3570728559322096 0.16941212314576895 2.0411882289357814 3.1185889650501895
1.3536428333771486 0.19808187281088044 2.0495733653251955 2.5785365266109452
1.357332025177995 0.171682674194775 2.010596352644421 2.982996538884658
1.3631428061584516 0.18548375140606155 2.2862346232506896 2.961866098651855
1.3578944161064908 0.18597484985792578 2.014215136956396 2.7123277050302823
