mu1 sigma1 mu2 sigma2 alpha mlo
2.3871648173500524 1.3467263580533597 2.878470224279219 0.07894374248869211 0.4599553803537181 1.0452719207467136
2.187612082666844 0.03342117772195698 1.6199439916625282 0.1288925076292092 0.18190897714386695 1.4835249905455323
1.5496606747737225 0.7598159354851917 2.8801069573774276 0.10140929771537727 0.05942785924996975 1.2798746323873498
2.1005356224905114 1.7125502363351133 2.6837331647981406 0.10155042896106636 0.5022717396569361 0.9024784752209045
1.3527014080849185 0.9521823122477197 2.5089158337317565 0.07115792563638848 0.19164785332528703 1.3539055109155564
2.823831841584377 0.1090572022326824 1.6021945923310037 1.8794850688021616 0.49095215823190763 1.3151303845653368
2.1097666470184775 0.7620375596260424 2.8063834146036166 0.0694235084044606 0.49857719115489196 0.9583933557538044
2.745231808318331 1.1869431783887037 2.542420537030491 0.02173314701615572 0.8328655644507279 0.9704358774350544
2.599905345965384 0.0700365985868079 1.772691720837996 1.2933399741039844 0.04429335979518145 0.9283468190873091
1.7312770775721313 0.2447440261984549 2.472891100049895 0.0550563203512187 0.46718918737359544 0.972471395750037
2.3390623998516276 0.29167238746415314 2.873791630465081 0.08144433172012853 0.9359658941588951 1.0443226732669642
2.5220922622285986 0.07545664740585513 2.2402399531099073 1.0344385840349761 0.12901274061066392 1.039333125531445
1.359889416913422 0.569793580648007 2.651807547858463 0.08360658954029365 0.7648548608177204 1.4471487988083944
2.4253668502239316 0.08329029192489143 2.7654656522464434 0.17684763288943203 0.5843235960431111 1.1913072077282494
1.3634904907730019 1.8696693596886098 2.5528799395111847 0.06922984376455382 0.8982947739269579 1.2903561679957463
1.3876855700135695 1.959748022241972 2.6891389805677264 0.07234957399415724 0.873774024819796 1.1068708095960569
2.430735849221062 0.480957904125692 2.869549384432586 0.04181306033859602 0.8819981419162782 1.4335305971833
2.0109729664015585 0.03661616167976732 2.045745197141172 1.9135278373960576 0.8845079207010127 0.951272331927074
1.9951543644966532 1.4182709716742605 2.412750670786724 0.04095058965784789 0.8301530235144318 1.2094991040619092
2.485369238442772 0.030816862731011772 1.6347618223800726 0.1990066935268259 0.5968255987450086 1.49425099199402
1.3283158446480163 1.0243174728774485 2.7664266172742793 0.019938733907136838 0.4760357300554502 1.2364703358832614
1.4758583472493454 0.38098250753515905 2.353204575427082 0.0628699458923421 0.6639929027460685 1.2777475223308543
2.6933599578947707 0.08588978846855966 1.3963186290658705 1.6521633763849684 0.25796525318420677 1.3544517651850798
2.1483771880043303 0.04260543948738972 2.6187813837863056 1.6960792128763822 0.1631714696671917 1.050465690372283
2.725559947769215 0.09120604355412265 1.9905067853542802 1.5202099337821422 0.9818598757835378 0.9869396449954464
2.6001168484848383 0.0802710408677978 2.594325639466538 0.9838723784520553 0.0441538817354115 1.3061795958406468
2.275211687617873 0.7096525655672615 2.8301326986293374 0.119700448393305 0.1324933699528051 1.360676803564721
1.0882360544724166 1.0215380254166522 2.3368983562277945 0.05738202039748089 0.7602110868096943 1.155373644926736
2.701150267324402 1.7874596098762463 2.8269597366043837 0.05643695551572926 0.4164784948314308 1.1377038051332706
2.733202681424883 1.8997229284258663 2.890887772373356 0.09473374547057808 0.8495575194506199 0.9475157324190098
2.385500248926276 1.851442178849592 2.4644274524318157 0.04194210926180586 0.9956303990141318 0.9177758372256759
1.8259664961645106 1.1737573241230874 2.4050679532831793 0.027160552518071125 0.2816912451570577 1.0768223009543871
1.2608564195011107 1.2634572185222677 2.823700987579226 0.026412355988850257 0.01641288442539457 1.0221844938849474
2.8786982751141257 0.11412450612326078 2.79351992940835 1.8706473340787177 0.13305803513154751 1.4301641761627588
2.733202681424883 1.8997229284258663 2.890887772373356 0.09473374547057808 0.8495575194506199 0.9475157324190098
2.5527767645890824 1.555740177306622 2.332038969363353 0.052099734021121585 0.12069863392957321 1.1691623700225837
0.9441778652094096 0.038406077571170344 2.2902413339069407 0.3403520105913473 0.07720084109987786 1.2803640646555952
1.9596974486423058 0.027197069506722855 2.674025472105414 1.2661941318048515 0.44127286541756117 1.1919693343046605
2.51579001611128 0.8084283954721426 2.867834924409743 0.0812684123637944 0.1347600167406862 1.1773620043955213
2.8732768779939937 0.03814122554419088 1.2641939866409677 1.9167331754367045 0.7333066619603913 1.1196841201872423
1.4382497921766064 1.5903165976924198 2.350983196812661 0.01565561990679195 0.9133694968654379 1.181672735693774
2.7227421174443616 0.10103453104458027 2.041380287229523 0.07077635725028339 0.636969047298266 1.421675870900195
2.6427193616550673 0.06529081984786539 2.552917694360596 1.295243062193113 0.020127131482335626 1.3116961164606256
2.6197566835516923 1.3467472317526115 2.563639853031972 0.02179183341897742 0.727411211597099 0.9127509334412777
2.7960719589553418 0.03728706447596176 2.0208705736804244 1.8226326801621349 0.9965768141727428 1.1025678868558015
2.0694957689983666 1.8913615935009818 2.367688690520462 0.04346903428484971 0.914358473581624 1.3302841469342979
1.1101743707347191 1.517380560072995 2.185641637526679 0.031154287600933486 0.18368615411044628 1.4527735091861855
2.2707506064882383 1.500854247270545 2.6166992690332846 0.0850474823181573 0.5460687842774732 1.3085508069060483
1.2477510535895777 1.8812759043554765 2.1630055870824334 0.01924073495234896 0.34096587554192076 0.9647342051612681
2.513498520130528 0.06834957041648405 2.6549775754703964 1.777817473774131 0.798359574696006 1.0143196012829325
2.725681531868953 1.2458456280802581 2.6041430866422597 0.053729073577538665 0.36735455924217464 1.490091017402908
1.5523240474188267 0.4350774526967034 2.0303211785075397 0.028470024933206786 0.041482495516699004 0.9098772616975981
2.3102837266066047 0.06924629626668187 1.3128161570075787 0.9679138167275865 0.8446885376831509 1.133723846551301
2.4867464609919763 0.03812679779455003 2.265395667912859 1.95761888836368 0.5623881609757307 1.284479683658873
2.880336658418673 0.9532767696525776 2.786301659481052 0.11571733415348556 0.7732525789091008 1.0093848565068833
2.141813484804302 0.1758241569463938 1.0126378669389635 0.029817490075361434 0.9423464914028075 1.4483993317432837
1.0166783705966798 0.022286165699861207 2.2914626913701084 1.9326255307553657 0.34062626392474243 1.2585551294875739
1.5949667707247497 0.8197460027543547 2.317585053003695 0.03272951404922953 0.6838789032109179 1.3704622228060694
2.666964300481695 1.245723990729773 2.037038932851003 0.039436632055945 0.2927052658329589 1.233543510697162
2.459683335807255 0.08000028077933069 2.405931029498196 1.4004681861721877 0.9428790288321771 0.9192131948878506
2.373767783781154 0.07410963325795125 1.900146034037593 1.5659943744078773 0.890589060318888 0.9616499958853288
2.3759460773190084 1.0728356055393273 2.5240133970031504 0.04946578327518243 0.734512308659014 1.4708756684659665
2.2796900677466936 0.05215575932853608 2.1904059006379386 0.10800603676279251 0.2024436760665219 1.2525181229144624
2.4099374113053766 0.6578617069374088 2.6592782003669266 0.07261068957858875 0.9724922571112821 1.1924751786400618
1.5187810792203158 0.4903970772009735 2.7740772694583757 0.11756895949923554 0.30425326610389825 1.499387448988819
1.7228922782502765 0.9786176159314844 2.38710469525343 0.073125517169285 0.7424466492136582 1.0236026157503855
2.397177252514442 0.8462241451248871 2.6417085002346714 0.06431968181215017 0.3480445107098874 1.2605843158622672
1.502257392415728 1.6126718365988297 2.720746092051071 0.02292631603105634 0.47738842123646813 0.9610321746992124
2.225948486389985 0.05777169958345855 2.5565998935830367 1.515148510070694 0.05206539895023167 1.237239595727175
1.9701070999761456 0.802050518668865 2.779532751977611 0.03205178301337068 0.3042285131054496 1.309207087448217
1.2570521513396593 1.0569682857063152 2.811517692452665 0.012161480563331339 0.3431775910730166 1.4292958296681915
1.24546408417139 0.21788618866443576 2.741659948071657 0.07863283827867325 0.6485490165767729 1.489375569216377
2.0216649523429577 0.5822569115257853 2.125651888053315 0.0420840933404106 0.7305725133290455 1.4518318624319728
2.0550081893898597 1.3515112006954095 2.8233570639888907 0.05414972031585542 0.5604383327662416 1.2734258128543878
1.403254262226894 1.7579736430167154 2.4304439077060103 0.053790686112908395 0.3987081572849268 1.390190012427663
2.7763108930436404 0.013511196570874722 1.6122813892715424 1.0660399479305496 0.6531090834179462 1.0660240792791609
1.9235129046919939 0.01823627891526562 2.8659788273016487 1.1716029193354318 0.3770540525177056 1.3566685818160442
1.0946669477404702 0.012994595256177428 1.760400125402183 1.5592149816393246 0.2528686467889233 1.3146042256255608
1.403254262226894 1.7579736430167154 2.4304439077060103 0.053790686112908395 0.3987081572849268 1.390190012427663
2.4612408462939834 0.2089110247436991 2.0420990067596443 0.036512725678148124 0.3616115745139151 1.3324806280880699
2.86653906312159 0.03180068597873066 2.3448837645892473 0.57151677379878 0.7690329425731509 1.3985688012589963
2.7241876975619284 0.0998979781052861 2.028371105210277 1.1250728516383033 0.6869355544491444 1.4734828909370834
0.9575099727466932 0.026420994588736008 2.768313479260181 1.511937432460144 0.5770616266563463 1.4217824094518476
0.9257358994083144 0.17316094728780224 2.687602968169662 0.05469097295176849 0.9026372643954272 1.185152177813801
1.0946669477404702 0.012994595256177428 1.760400125402183 1.5592149816393246 0.2528686467889233 1.3146042256255608
2.7241876975619284 0.0998979781052861 2.028371105210277 1.1250728516383033 0.6869355544491444 1.4734828909370834
2.3459498418464904 1.2384524712441414 2.2283996618557946 0.04553952832843739 0.6367273812023632 0.9176167135426861
2.893309099419635 0.11690977713484683 1.781392411382205 1.9127257551394394 0.08071149067610307 1.0838635366541551
2.3241807847604328 0.023461274577751767 2.717467277511806 0.7345152001484111 0.15070869316580593 1.4020014215198104
2.86487212310631 0.07559192585197809 1.5967314846678726 0.10080237302555245 0.04738791228453069 1.394723716985554
2.2904378779573933 0.02783628552509229 1.2945005104102592 0.7793930317624191 0.16453400963505743 1.0926028469862166
2.86653906312159 0.03180068597873066 2.3448837645892473 0.57151677379878 0.7690329425731509 1.3985688012589963
2.7217749733517524 0.7482132107758743 2.3817282764783734 0.013275795781752251 0.4655014479914398 0.9989291373603472
2.8860813821214335 0.014515355393371133 1.751443727164685 0.6435930133156457 0.755453147539496 1.2941999959286303
2.86487212310631 0.07559192585197809 1.5967314846678726 0.10080237302555245 0.04738791228453069 1.394723716985554
2.567940699081504 0.09632644599410028 1.5686225023462974 1.6527304280787132 0.6846797790174413 0.9240781180304483
2.3360952541311835 1.4768077051653483 2.601341279413434 0.09873528821110368 0.33028804082801194 0.9443301214283473
1.01015747007084 1.8858666830857191 1.9319316950224086 0.015267193036795712 0.39250666314760974 1.3683530298115858
1.4838702595827633 1.3945980380632164 2.5903844849558433 0.10034527718527951 0.8609435444079931 1.1923491026061472
2.1989354854003325 0.036426711610011465 1.9339302795151072 0.5557406981675228 0.46433729361012627 1.0150217182668024
2.8076627109428367 0.016896130749723827 1.2129515676509066 1.2069612935754437 0.9468626997658005 1.426250049193844
2.406976549281231 0.05580738359418926 2.0742013278379923 1.2038881072313175 0.5108251389053983 1.3214258667124104
1.160574036611692 1.9826131809269205 2.65297804584191 0.10970626296720623 0.07632345791468792 1.0111617813474734
2.5940078112968337 0.07162116854237913 2.150042607305957 0.32401487978338517 0.40670824273231987 0.9390527292397359
2.547358876785235 0.06481413501320626 2.5355120864367664 1.3254431191074976 0.6727620670174984 1.186028484978319
2.8597687494992656 0.1204906104283555 1.2808847425913639 1.8155208404395085 0.8988250773155648 0.9903846509369177
2.4034238291289842 0.046645084964548056 2.7601141826877145 1.9811495089500426 0.28092312728728636 0.9299112933126598
1.525503022880403 1.4845246482221601 2.404240063093851 0.01932513988659918 0.06958328253253851 0.9342804695293884
2.8513816982558255 0.05894900072349095 2.295974728698196 0.6451932695613338 0.4931394673133702 1.0901495610326457
2.0146236378091045 0.74276612699315 2.1288041854267403 0.04563260789934366 0.3771339776377495 1.2307028816391405
1.1250087078888664 0.8560293663543026 2.7094553322453563 0.10067998364150192 0.7208387477493158 1.2143817630165048
2.1377314697741165 1.2124950668639134 2.846221442803602 0.0766265374949509 0.8161794850829522 1.3130389995279343
1.205914887540248 0.031089054234980214 2.596906973860665 1.4056269402776056 0.42878082648873783 1.467753135420811
2.3295216931188922 0.045844540975633334 1.8836808584627014 1.8324007610059403 0.41497030799917306 1.1543056302116066
2.668525947235533 0.09892872547972988 2.6852099625487558 1.2100766307287631 0.6049276223826952 1.1293895152240905
2.864799157956613 0.12094196766981054 2.0318080756281476 0.9687920646022362 0.3992571052251719 1.186340974207577
2.739748717195325 0.0684589915752857 2.18493714838439 0.31140426205554633 0.09872230626111955 1.233821163048723
1.9143988832001364 0.8864478976839986 2.856762161826062 0.011389171543842754 0.7410962896003914 1.381790170383467
2.419720093849071 0.07211470367801837 1.9837687088528755 1.3703109620815914 0.9228442939805221 1.2605014506038044
1.3464357425756135 1.410917967475238 2.6070811255649633 0.055708335739866305 0.9281147604258184 1.130921344774301
1.527792137205902 1.6205436203547057 2.8790550353122737 0.03816402601454116 0.2584279882997494 1.1515779537390518
2.179300813547191 0.05476207885306749 2.3452219201318294 1.749306645421035 0.36286652513941614 1.2895846608996702
1.6619691709094542 0.9474421349740445 1.1841642769092253 0.017485746423046858 0.8573536074529606 1.4522358792321617
1.5757536267137908 1.487885985833039 2.6258473764354004 0.034836337991157616 0.9256671196948708 1.4050752883583444
2.4145370191974753 1.1719216466701847 2.531840180089954 0.062626475475901 0.26627944619137545 1.1014759323775891
2.870618559724848 0.07377881382274945 0.9526526386161939 1.0152386807147864 0.45416655007894374 1.1419204856432286
2.4075324686670507 0.018157761505385173 1.215280215527717 1.437269490920223 0.9087766705545284 1.2969848408497733
2.809433150354326 1.5580713587372812 2.7037301528245172 0.0180678794086786 0.9051829238476498 0.9837758725114958
2.6739770555151807 0.03225572002687501 1.644760173010785 0.27133250150364574 0.8307818077819739 1.1361316780894146
2.5260567778250844 1.673365950628173 2.765195602764136 0.04675932435757899 0.44345512806539344 1.1314497073522318
2.264444368742486 0.27284176358549145 2.6243341579378345 0.01581310872346159 0.8647911278913023 1.2131742507958092
1.9636528046693327 1.9695237701525365 2.1920675344917684 0.051692116523110246 0.23627433208293497 1.1268941166118185
1.2433727514450825 1.6025963286542555 2.3048949644089856 0.014592485798848715 0.20447022226902556 1.4513126071672544
1.999554665878669 0.032352471420060154 2.4348871591336114 1.1848454951157035 0.502144613450097 1.0494706413198525
2.619376978304184 1.648768977605546 2.8389733777581214 0.02758312454680171 0.7840158766943545 0.9620498063427046
2.774797965682599 0.10521232641221714 1.9951084566637882 0.6359474640555199 0.6627317280595972 1.182290701580499
2.7709457017684183 0.11908791827537762 2.5190862301189165 1.6172090713368135 0.3710992199857644 1.3943778855359779
2.0898712524320433 0.03538513950290537 1.011441459572199 0.32528966876547283 0.4047408409127374 1.2477347355629318
2.302656500205762 0.549751779037529 2.8875178104408623 0.0591869267073636 0.1402087155112945 1.006096839887144
2.60106593888775 0.5676722868885579 2.3200514910417978 0.061517065325316415 0.3185784834045545 1.3738625126415993
2.21829569178457 0.049479385535153284 2.4290294856584564 1.7648175928495482 0.012086872343319188 1.4445537901028611
1.1801799104878623 1.5571105090587556 2.3923020546653464 0.037841436309446384 0.5236721435516024 1.1555460657092724
2.891954994691311 0.04405550649546999 1.6816804791682145 0.11137354512142995 0.9868314838285629 0.904696661849561
2.399208227358909 0.07699711989131554 1.7439370800514866 1.28494621912264 0.7755987024293995 1.166892490665425
2.7051709187344657 1.9406837448423389 2.5886177656459948 0.019556673063930972 0.059660935373541925 1.445696163654271
2.7772363250355614 0.09526571844782689 1.2392150980254453 0.8760565720229845 0.36913967031320494 1.010668141757341
0.921032040040357 0.1710971845956969 2.1677485658940454 0.021222251351031757 0.15395185933128422 1.01844226705628
1.779395660759949 0.40767357462991105 2.0571099469431022 0.030650164378347985 0.42382233174061407 0.918625102392081
1.4247975167797824 0.05741785028084341 2.1040355481168014 0.044901780881279454 0.7076858724961465 1.3005050837925425
1.011079719602182 1.4615946189653637 2.7354114283121547 0.036388951776324466 0.0619960317831288 0.9847776354918875
2.393768008833473 0.015496145490393683 2.535438953271836 0.4793745913851635 0.3379855371268057 1.3358551241340837
2.011999064813502 0.03561768013781995 2.069010467755434 0.4730199259528691 0.9597288299342588 1.3575029513059242
2.7406822475794503 0.04666582718492541 2.81120673224544 0.4392043216985625 0.47528076021038757 1.3532914005484395
2.277548008753881 0.05224674085955798 1.025640935984642 1.0393618871305688 0.8649493008376876 1.2693665219197583
2.379618781438696 0.6849223501569545 2.807042297028742 0.06283509299410422 0.9201852446414691 1.4636369355080463
1.2370265451168851 1.673894519693084 0.9196373201966458 0.011739967029869226 0.8833177591910999 1.4823240583796689
2.4937867958112894 0.019380337999841325 2.5768149977036576 1.4752814424044036 0.4837195685621189 1.0834382502849318
0.9112716668623188 0.040004075389116676 2.844706248959935 1.4453092582972202 0.17879435304295904 1.3430769625977637
2.601973889699418 1.2329345826321367 1.057755815370491 0.030994952627996127 0.6038919977712871 1.3551301902209782
2.7151067239438382 0.09874275522200596 2.7947777354957 0.8050484063769809 0.33739218233413915 1.157489205732528
2.605011216624231 0.04845874340826912 1.9458795884594258 0.9151363957235782 0.5333663679179509 1.402151782525882
0.9112716668623188 0.040004075389116676 2.844706248959935 1.4453092582972202 0.17879435304295904 1.3430769625977637
1.4780483606941668 0.8131922394561354 2.4520275599238546 0.03077554408601501 0.03950172149153986 1.3413593103864916
2.819033605392528 0.08689836127106956 2.763389002714212 0.900492407231892 0.09558433516315815 0.9444510564706435
1.6849371975384666 0.04521724670500115 2.2998495452657397 0.03551013799217825 0.28384783766516775 1.1986416266492088
2.5973849813697374 0.034895654514859764 1.4149037073247515 1.8759511218425335 0.3564034212377653 1.2720648284267537
2.7589094211479193 0.060262928894324136 0.9346115665101197 1.008287210118776 0.3762787525205892 1.1545292751732077
2.819033605392528 0.08689836127106956 2.763389002714212 0.900492407231892 0.09558433516315815 0.9444510564706435
1.7697845202315605 0.5907194013707158 2.814703406943384 0.11128765666888968 0.7321559685951404 1.4661416945746004
2.5400644387837863 0.010967452404478077 1.7519692925211099 0.46168222787462 0.4063197629316869 1.2474865310775858
2.7457954368996877 0.11539244958008249 1.695988482692803 1.604237095363367 0.4353238343285251 1.3473202731555938
2.7467330135023844 0.04405559004713235 1.7056921708872372 1.2954656472961188 0.8016939913750839 1.3035131782941778
2.7223601572539238 0.03596240602470255 1.121115023197321 1.5304267687743218 0.31253101921169957 1.073712496554716
2.81724018763439 0.07807673108764311 1.2643675648594295 1.4429401923951122 0.21665779230574483 1.3745662377028178
2.4339387153939764 0.0812085137160278 0.9942162569590077 0.40498813367703235 0.6939360267904647 1.3080856931029992
2.4339387153939764 0.0812085137160278 0.9942162569590077 0.40498813367703235 0.6939360267904647 1.3080856931029992
2.8361354134433907 0.07178059349657102 2.3059238690323403 1.7981513783757388 0.2369686842328181 0.9109805130785444
2.806952913191055 0.09489460687519423 1.029932875217031 0.9949776783810624 0.741029224734655 0.9388647780719661
1.1518044367018234 0.7622666100810789 2.616570938412871 0.08934270091836012 0.04206407293186032 1.2606447115508845
2.394961664517672 0.5897172702417347 2.5738464312827927 0.07867781235508668 0.8006848318466235 1.2758775072804014
2.394961664517672 0.5897172702417347 2.5738464312827927 0.07867781235508668 0.8006848318466235 1.2758775072804014
2.8929560748077052 0.09146150061027232 1.8008839279767974 1.8480249385646947 0.9249045147088077 1.359967281414011
2.733836681312376 1.1238235802619645 2.635618563131261 0.027084100068504383 0.29420154148257227 1.4108540163787155
2.7665392329645706 0.12288075354757491 2.2547988972099327 1.942832623456055 0.4440755108478715 1.4714590516680284
1.1518044367018234 0.7622666100810789 2.616570938412871 0.08934270091836012 0.04206407293186032 1.2606447115508845
2.8929560748077052 0.09146150061027232 1.8008839279767974 1.8480249385646947 0.9249045147088077 1.359967281414011
2.7463458713541278 0.11603097630166972 2.2346609907903145 0.4377721236335977 0.36125225959321605 1.4436334902374863
2.3118470938483933 0.6011447804548437 2.3023481189063686 0.05231471451164476 0.877981466411177 1.024266833108059
2.855595752462047 0.11872597226072085 2.621593381963137 0.763695197697819 0.8830001771294067 0.9473936073089201
1.1337750995415576 1.306324729147293 2.6056935994274317 0.09307077277364977 0.23678544835293538 1.3523107292922982
1.689390473013344 1.0908783210212403 2.615529956845091 0.08074724417342882 0.9372352362252296 1.0220602531931002
2.6653084454420277 0.10846930510771911 1.8213959460745812 1.4416540222666325 0.9169911002387505 1.0719215761883176
2.104622699064989 0.03909108676072747 1.6438182425648367 1.5404705113325126 0.14543282978407332 0.9509261476008457
2.120584476795209 0.03310246756746016 1.3262084272824195 0.5743902864423878 0.227024221316302 1.0450331906282584
2.1117814879865744 1.6778313315044822 2.262940151952329 0.0589294689626652 0.47524840312848743 1.1395434212985125
1.6724466969154457 1.6881941128955575 2.534659339203544 0.08661316483299093 0.24394026040647337 1.4876122180077436
2.27838119320109 0.03321712725407773 1.9179503660587618 0.38575021864905173 0.5476211100068874 1.2630025655660009
2.3625447126030847 0.020321162046545736 1.856803980498439 1.6385394970146228 0.6135691532643822 1.063496855344423
1.2058251736634547 1.8970084558789246 2.8147859617305993 0.07242463741353798 0.22620263928534198 0.9061369596264996
2.27838119320109 0.03321712725407773 1.9179503660587618 0.38575021864905173 0.5476211100068874 1.2630025655660009
1.0826815608764577 0.01680072430650085 1.0041545948112773 1.746507265082761 0.5668987179535385 1.3101655907290435
2.849551190124638 0.019859869491038885 2.1832919174886376 1.6966308226778308 0.6822357581217101 1.4874776712568971
1.7088227903279187 1.9518385261298132 1.0479892720353994 0.020809086882452133 0.1459482141447434 1.435138193898743
1.4030684152369393 1.461313823473349 2.2691281016027194 0.024454631202823505 0.6239207651597434 1.489284096941489
1.9679571942528744 0.011779657204440555 1.8665835856579478 1.52635294171789 0.7664318799977703 0.9913184662365627
2.7384549527268516 0.07594805470422682 1.5469986240043867 0.24291544016880529 0.02230547911625092 1.316698366038342
2.1605338012362614 0.7104914002964968 1.9513777318634014 0.028819966619010345 0.4584841282312841 1.2347185880614089
2.675339490817393 0.9860193110472076 2.5821246433588008 0.09763663742214233 0.43040003618269085 1.4229935220536227
2.8971591129598426 1.5131384698814834 2.5636364671108227 0.08701386616110955 0.49293652763598944 1.051889100365041
2.675339490817393 0.9860193110472076 2.5821246433588008 0.09763663742214233 0.43040003618269085 1.4229935220536227
1.5849037751571196 0.06099834974846426 0.954861506707353 0.01284449303597947 0.19519707418696872 1.2096102469151802
2.4839613669741136 0.7111085547887789 0.9608518190603289 0.046235586453728834 0.14388448710383459 1.4962337083301203
2.755829084062057 1.0841997269786476 2.444021871623726 0.016314740842030336 0.6311325670022249 1.1411002738070457
2.49909082021475 0.0768549154577914 2.373403866078768 0.6294632128802311 0.4112050935935 0.9352498543449953
1.5849037751571196 0.06099834974846426 0.954861506707353 0.01284449303597947 0.19519707418696872 1.2096102469151802
1.4524595585495605 0.5766490685162905 2.793093881082849 0.041176464271989545 0.5013913566385794 1.1287192568453066
1.8426195939264067 0.6306942252898138 2.1709419171031046 0.0448768051438916 0.820557901066069 0.9039945779913486
2.8830805602574747 0.02326437096618679 2.8997901243182413 0.9171761199599768 0.7066959810195065 1.3960782376110128
2.7110885656347747 0.09473975525244681 2.7528820681380197 0.28149475563111426 0.4129193499751208 1.0931611693380563
2.6445150647751774 0.05772392583967079 2.7303130852504705 1.731888258001525 0.7107770710158169 1.3353759296927676
2.7110885656347747 0.09473975525244681 2.7528820681380197 0.28149475563111426 0.4129193499751208 1.0931611693380563
2.1528584246560296 0.04962537826095207 2.0670857027308864 0.9783798353136001 0.6264913499745501 1.2754131956798913
2.5613092399768713 1.1268937891126043 2.365596260820505 0.06765895924475605 0.47602167638496146 1.3420364858093565
2.6576478083646204 0.07543500099966143 2.187404371703862 1.1455352053612537 0.6734947052039322 1.0527127665823663
2.817498894986058 0.03266118809013719 2.2724305083940077 0.027147681229993635 0.8660949501816287 1.113519407628065
2.5881943315034914 0.033131886378663475 1.482021955954576 0.18685668512132034 0.609444968009883 1.058868595696567
1.7803423431646435 1.6546056873662494 2.1713715862055283 0.05325040632986116 0.8566268559948871 1.1247229203165383
2.65027360088079 0.07240867384467427 1.6685825002336574 0.7321073885539849 0.6274601668754859 1.000940818568666
2.688488342921136 0.014389393103848378 1.0228999274094939 0.6411930880452154 0.6308220842717854 0.978931040526137
2.852639622199584 0.05245669381644806 1.632939290195774 0.32931348222823936 0.5744252020859917 1.1580103817065477
2.7706476652844705 1.5504100810447852 2.083313986981751 0.02670050030074217 0.9405324416843474 0.9972904054872475
2.750561328316565 0.40628280242245146 2.430904766443759 0.07282123300096836 0.7987839807230346 1.191320584610314
1.7530971726868132 0.3433108190204157 2.4856765372606406 0.06748374399716206 0.7083915958397036 1.0297350079585805
2.709841882085737 0.012916830723029009 2.530236407972333 1.5604253126683723 0.8719184720686598 1.2441920324095295
2.7961785588590073 0.12995208537244285 2.4784533155195976 1.3927282406345884 0.30499738088141964 1.2469688492847446
2.8651501695478303 0.013153332601709622 2.875120822416155 1.1190732903053153 0.6209528753947701 1.3435655774267468
2.66915473270675 0.10130427012996504 1.752900430216969 0.9495432357807603 0.12459674583118906 1.4453142528677028
2.2029691297317844 0.054941289152453325 1.9984196954169895 1.2614210555667287 0.5792313363855502 1.2756287075656496
2.718635856517823 0.07652805694792823 2.0134368197135957 1.0599218084218192 0.7892583943149718 1.3634658807153197
2.718635856517823 0.07652805694792823 2.0134368197135957 1.0599218084218192 0.7892583943149718 1.3634658807153197
2.811030522782809 0.0638788349795083 2.891842578909207 0.3665227467867368 0.6943866624351066 1.1315014461043806
2.630017679486135 0.07449623403044266 2.4638920328103002 0.5782135134318974 0.5279575731073838 1.0415606469798335
1.9133224233699142 0.46561803229205856 2.660268878145348 0.061713967313682234 0.9042287287790789 1.0271718623512425
2.479284023099028 0.019041727850570137 2.838341158424228 0.2319169073036388 0.4622271590601619 1.0501263725591998
2.6546663658903396 0.09804754640161273 1.4802937321657645 0.8769043220233386 0.08013523250442924 1.0158429044607808
2.5397645052088733 0.049344430499597254 1.7675560563204162 0.23794341409297506 0.3345089439410076 1.2218432593829471
2.64366700808942 0.03475872415631646 2.033408082872711 0.5802889990654072 0.4116218054697065 1.247394650403443
2.479284023099028 0.019041727850570137 2.838341158424228 0.2319169073036388 0.4622271590601619 1.0501263725591998
2.4476413070955076 1.6479348817210993 2.0008674804633633 0.012541420683006118 0.6540028437962213 1.3721198934844834
2.2849628485064803 0.8441471520172089 2.147119616284815 0.049320241836235706 0.899004053299889 1.4381748102493375
1.2915270256478166 1.6550379485600677 1.9492458968435544 0.02482314420704298 0.9384260145216049 1.270191689747537
2.6129413447035357 0.0677312686400394 1.3795588200546107 0.15994653070785936 0.03108609082782672 1.4873260164209703
2.8356809711287734 1.4949367149597343 2.6397894107127997 0.10624216480605508 0.6442465414049525 1.2492087189180827
2.5068409107524796 0.03650785283206497 1.252150453473794 1.0049056943789756 0.4659171951663354 1.2917912599939734
2.7976878904258093 0.010289076087667118 2.8800087569316823 1.8724323005230277 0.12422667976426419 1.4572759986556254
2.8043987939562207 0.07873110693904754 2.827978820787154 1.9626646843861923 0.6070828649094061 1.128494677193194
2.151634028175069 0.14195502815637148 2.0834010824538773 0.04380149382999944 0.025502833121864486 1.1376160976634055
2.38116681194172 0.06723732184627046 2.0166979098330686 0.2429502902417935 0.22883387435788854 1.3374581514026744
2.7960703992797327 0.04828135803192857 1.268507176085575 0.6829829857057998 0.6266597422603312 0.9783699735123127
2.7033987190872484 0.10513326509171991 1.3747262030417104 1.912911177017304 0.48159323849568314 0.9242227333562667
2.5684249783621182 0.0696775097635638 2.172204879018081 0.5756470188848118 0.9983270015491548 1.1867304690924187
2.6904391433442316 1.9852916719723745 2.3372578919373392 0.03958913031602229 0.08722677164990483 1.4649634686848954
1.5206568865763446 0.5506029457846696 2.690717603770938 0.05132815129386352 0.5506673361232693 1.401379540713936
2.6376581249038513 0.035883791852162804 0.9180504797896744 0.33596273600052107 0.7733066945045779 1.1319951494744283
2.015409900499829 1.2964341847254897 2.625298425458221 0.06136044534830543 0.7732644493488346 1.4477802908347766
2.1457085438092363 0.04882392851331113 2.5159664941711006 0.2977396353107512 0.8105903125148594 1.3934732061433848
2.8962565281923913 0.1422608876985019 2.448007004256821 0.5288232380868166 0.6979278502492878 1.1548143133133288
1.6714529603449426 1.0334952074742334 2.771438534266725 0.06641081374422254 0.7910795220229349 1.2302866607131646
2.6670060171225654 0.11010620281795537 0.9133035733599274 0.7838341890007012 0.5594432291255211 0.9509028479320739
2.836380514489654 0.09717385009205924 0.9063099625621044 1.6549864449763565 0.6656307873831089 1.0267582025504796
0.9159215971136815 0.9427875543651941 2.843487571587518 0.13388238899419883 0.13410062207958723 1.426263242989508
1.8074999197174626 1.3567731434695138 2.3882366260844563 0.0817476494769968 0.5200918468171121 1.3518143710832093
2.686915517966099 0.02098594333206056 1.3508017606964855 1.9484775234073008 0.03307750297594058 0.9116758278433073
2.112520276289625 0.7187620755151163 2.856539986459736 0.09066237974709031 0.48200075247423396 1.3524673060382864
2.1151288673085338 0.03738600784097322 2.1306683558702972 1.4950204710815582 0.37382246295992005 1.0340132218686238
0.9780649298044163 0.043356179955015714 1.6284296891146783 0.6428981050465147 0.1872235313992933 1.4353930464918654
2.3550488633671938 0.02204464211605941 2.403251567432091 0.684049103196918 0.29524073467847267 1.4113710517019435
2.032713376299935 0.0388955446881398 1.1809080606659679 1.6295782963465977 0.4022782838491783 0.9108822885526059
2.6428202560012366 0.11208358747479563 1.8604557145804872 1.035603992494899 0.9819418995006982 1.0163507720277356
2.150189701411261 0.04687388411723462 1.0130092720238006 0.7198728851172302 0.3216335749008099 1.1212134751908576
2.465971997069925 0.02779401069926602 1.5184464099424804 0.7112661247975338 0.4528051708534877 0.9543506505957245
1.052122132979401 0.6855797277367264 1.1553705436193553 0.025637090263252615 0.539140715105986 1.4540048191075456
1.4098377639824906 0.7333454399687334 2.7419326218756606 0.07730460651224086 0.9642529118914712 1.289791623994854
2.7750033697803143 0.060028337327169785 1.811192838477084 0.26483380265673145 0.5986320221436355 1.2492923228035513
2.662583022276712 0.031648730362703284 2.369512164643306 0.39573553550750123 0.06990175254445238 0.9604859248249574
1.4098377639824906 0.7333454399687334 2.7419326218756606 0.07730460651224086 0.9642529118914712 1.289791623994854
2.8358295582626423 0.1047319498643482 1.1344632059330264 0.08083775976465093 0.6602938088386218 0.9818613613471446
1.8137707649091133 1.7195678863037556 2.208234016175211 0.055281279287268295 0.801425435577109 1.4382214996526392
2.8036226900765944 0.11838472053844273 1.6072937009153452 0.17428523794413558 0.03851339673246598 0.9316607742237525
1.5116074554558194 1.7339751843635907 2.6149386151008587 0.10357098071452889 0.7038149428866032 1.1523903426370512
2.726129236819236 1.4190878490252399 1.0739258393396725 0.010781408955079449 0.04193104094332707 1.3502293545099735
1.6676565737068993 0.5595744728979575 2.271829274364614 0.053537147382448816 0.7312280702283277 1.2000721040997404
2.535618034813641 0.050276624656568125 2.450427386385046 1.5776228034493807 0.047425765084897445 1.1931496798593706
2.685254243833964 0.06988650604261126 1.350919184770714 1.77266552040135 0.22067757843604036 1.493577114812753
2.268644416616774 0.05575592305854766 2.136368057453434 0.5975449430892473 0.6234634239945649 1.4140131415878403
2.826339374430353 0.12497075577627044 1.8147759984054708 1.8195437998095183 0.23148469909911434 1.3698172634268773
2.0732624804153676 0.03623285707319408 1.5122913313063804 1.9015663671393885 0.3048012856750488 1.3299697789267722
2.826339374430353 0.12497075577627044 1.8147759984054708 1.8195437998095183 0.23148469909911434 1.3698172634268773
1.4471128134543734 1.5450753566958504 1.9865126573515992 0.02110229870778301 0.2948787278449927 1.4955691777651556
2.6425215289292723 0.01119127158185754 2.897793345725672 1.6487870404965124 0.4549347265609846 1.468501525082099
2.6425215289292723 0.01119127158185754 2.897793345725672 1.6487870404965124 0.4549347265609846 1.468501525082099
1.124748786345135 0.34414958358061076 2.411572676863867 0.012558625148093519 0.040859450512428695 1.484752210646118
2.3826057623569716 0.014295100491701324 1.4774329767711247 0.03182114073041167 0.4797679558133514 1.0237659924020968
1.555016240688082 1.7074296777593012 2.386661305018068 0.040194942077500226 0.2932170194128868 1.383228265607332
1.555016240688082 1.7074296777593012 2.386661305018068 0.040194942077500226 0.2932170194128868 1.383228265607332
2.4528631036167337 0.0893084692863669 2.3623137944154977 0.2230101122346898 0.07500924345859335 1.4086519499858978
2.6132979617204404 0.0649813336258982 2.125596293874953 1.7704464899339842 0.5037849824757322 1.2566279323439076
2.6115009896220185 0.04554824461461025 2.658449567962069 1.6890010624982827 0.9192822804679077 1.0512658163946254
2.7097431725810446 0.0924352006259988 1.3370131795927027 0.02474688459347448 0.8657381181860245 1.29245993548132
2.6132979617204404 0.0649813336258982 2.125596293874953 1.7704464899339842 0.5037849824757322 1.2566279323439076
2.7667168503517927 0.03544907391844845 1.5022598155577533 0.41263323553867143 0.17818109088155856 1.2189976311724386
2.4654546068442023 0.05291768418084379 1.1291457528659983 0.05116351670156623 0.766407158953524 1.4250409524373628
1.9892561687577635 0.21595196671210168 2.466692174336847 0.020073604834536123 0.5017619455671883 0.9589748877212274
2.7330479035036936 0.05301183901285255 1.3009742196088454 0.7840894740442433 0.4637970895332854 1.2023385452782007
2.571583955968438 0.06112660454942676 2.79309643984105 1.3892441912264308 0.2571767504289523 1.442826067817895
1.0885090147545702 1.6726542149823274 2.560889102117181 0.09276905451210704 0.650506023362247 0.9021282144211511
2.783042590884316 0.027101397728468354 2.3365581574183407 0.3247733519368478 0.40178073491773364 1.4544693956278487
2.6761730656305853 0.05996384234991176 1.410923435300465 1.0475425293855258 0.24322791656480675 1.3518818751524677
1.5862377907227736 1.7491757700098556 2.4048970612671603 0.037313849603462214 0.08831607616804829 1.4670143827188782
1.2900914246522106 1.0507188025533556 2.5327343134177878 0.017610981470143394 0.09353704223468977 1.0800883453523464
1.8038934706259648 1.920844225780661 2.84497402481981 0.10120739812558299 0.15801391034840656 0.9590884617908506
2.648019584158819 0.01311355281998267 2.680387828791578 0.892328940154069 0.4473382673432788 1.077307339421127
1.2900914246522106 1.0507188025533556 2.5327343134177878 0.017610981470143394 0.09353704223468977 1.0800883453523464
2.173955027158585 0.2024442023088798 2.2655810399475906 0.031826060060640066 0.7382905902678477 1.1767283293343689
2.173955027158585 0.2024442023088798 2.2655810399475906 0.031826060060640066 0.7382905902678477 1.1767283293343689
0.9023800722476686 0.5062034732924333 2.600103729387414 0.08122210893432545 0.15283073326917024 0.9693035417317941
2.8308186125253267 0.03752160800433406 1.3402654588543137 0.25333074731737953 0.14966182349865675 1.4265799193135198
2.2017971722768435 0.788396087021478 2.6732282077296943 0.05680817269974501 0.22942476977066933 1.0151717446691861
1.9956551506707165 0.10782255980312415 2.859988710313794 0.06017342825201868 0.03378257248794678 1.3573541555097357
2.1692761568085848 0.03408792871973037 2.898534818905207 0.09031786337507047 0.81474835729512 1.2418193962772244
1.7473887547629046 0.731804606037731 2.807242114024855 0.08744092488880056 0.36543270484805274 1.222646972323134
1.8185535890579927 0.9323794010909227 2.683505008928001 0.054887541287247835 0.08344484154440145 1.2986828359510616
1.4320297930472536 1.4478160383864982 2.321356131800914 0.037253492318679686 0.3407109060897855 1.3373459493688644
2.3828574549205155 0.019276165608238704 0.9929209816952583 0.714587874473607 0.10942780570612613 1.418152872598522
1.4022361302816062 0.7630219723711291 2.1818247364602197 0.026489247434189865 0.15758489805615192 1.1977132437993847
2.7939568990348818 0.07047045847593247 2.5324913160309372 0.346680319849309 0.016523698670223762 0.9234457863002938
2.870217624371715 0.6125669078987106 2.52514606166442 0.0970678617332269 0.6578886232067028 1.1958412806213592
2.475722451972981 0.9514379048834442 0.933807404813349 0.022062539218264426 0.5362088866801972 1.3864952185165924
2.7303162932303757 1.831799881038073 2.6401826836018816 0.07611473204541758 0.5585638034705551 1.426753289782787
2.827142309443386 0.06054921374898292 2.256052433735604 1.7956885040911503 0.2575547676738954 1.183329031728203
1.0461626044009082 1.7310740033100442 2.459586075497225 0.05163128118406301 0.6897457010501343 1.2278312823062423
2.060261431017771 0.018724283147353818 2.0435081781131808 0.1604339329798822 0.6648847472561017 1.3127112800253038
2.7631233956011627 0.6580885393041442 2.4101695298466437 0.044262326135774084 0.3943002355731959 1.2512351415939338
2.4940901709328744 0.2839448836599945 2.676476317562828 0.055072249293054855 0.23695124348615243 1.3156560668570547
2.5282592495565814 0.012801015509190505 2.6927412909840487 1.2273336362710676 0.5743476807802862 1.1273090362252198
2.842608697215056 0.606909337457036 2.5727166394998817 0.022030865031264495 0.9548805908923077 1.0014542094339298
2.2480787186670717 0.031885551123534576 1.8120111884450965 1.0629438759488534 0.7593661308312926 1.0269596568036847
2.6160879375884325 0.38845578545989257 0.9937933267036109 0.032045552244875916 0.46701023733590674 1.2988730093890732
2.6060584849024115 0.08741802004062008 1.6217638098180047 0.6941074967202506 0.1456853353824254 1.0984007348876241
2.6160879375884325 0.38845578545989257 0.9937933267036109 0.032045552244875916 0.46701023733590674 1.2988730093890732
1.6984764300598152 0.7375345861400391 2.802757121137803 0.12115034313096144 0.4652049997848962 1.1615757543030931
1.1562814674975814 1.5223943605931545 1.23370386858462 0.026419237833871255 0.9144738980386343 1.4823742246883727
1.8723403599204849 0.4358365236078355 2.525804084596256 0.03634029628989987 0.4409987507032355 1.0787883312179376
2.2604880200595576 0.023097126740523277 2.2874107470795146 0.23950289012784437 0.06260053860171817 1.3850163120559207
2.7563681079238993 0.02686801764886601 1.34246149822552 0.594487952606911 0.832836117922954 1.2296161534304626
2.191603028882014 0.037788080858192775 1.7062741800059777 1.0601547174562653 0.15474463431538657 1.3615396736682563
2.7495433005183902 0.6068448176558073 2.110285451569362 0.01461660774372427 0.10828645935299118 1.1425046034510449
1.6727577384726153 0.29315188744505755 2.5199032130458834 0.014855147839068992 0.6326655522541257 1.2725690999031294
1.853177807631187 0.9506231595593201 2.6298535885531336 0.08083156502786001 0.6328057771794823 1.1010631540557168
2.5918291652558034 1.6598984646593704 2.3646558334458505 0.012582259129927255 0.5676151177686795 1.3250335354741134
2.116012848733841 0.027650914336436662 2.2189521785664956 0.4579542515561714 0.2585203500296542 1.1694934599789577
2.4844654048166146 0.056199000050800856 2.571932768684861 0.20966378108874473 0.0801634750033493 1.0933454306513268
1.070635363962718 0.22572116529429878 2.862788211867126 0.12558903555186346 0.70634893887534 1.2381424572134387
2.38118510021152 0.01828348373493474 1.1835586118427557 1.8593137944021827 0.38365043115379854 1.3649267200483035
2.310521877526799 0.02099938709717495 1.1049794622221816 1.9694425548189405 0.9201176896554396 1.3031559883825021
2.860068063254574 1.999879296966414 1.8089536743251764 0.012964532590626025 0.479716491264672 1.0168620767023666
2.607460816324049 0.10317302824714987 1.106087821903881 1.5284214957616922 0.28407391373682656 1.462994991565092
2.089450809870958 0.040912450502123866 1.5000401323618573 1.9435465081282293 0.933148501320462 1.3462310254781396
2.4373569586427744 0.06062076663818042 2.3217329019964272 0.618401053328924 0.4494166231080485 1.241985235797817
2.0154996125790174 0.014911239737156076 0.9178570722996929 0.675051998890945 0.32449298549664374 1.209227475178038
2.2387275003442015 0.022159685131785203 1.6039036087217564 1.9540017396414333 0.40919067588065694 1.1002694138249538
2.4475438011952573 0.08885033394041754 1.5202993117601902 0.6405837626844628 0.35759830792083835 1.0821733016837785
1.062062989741087 0.9344622781493951 1.9253001147454945 0.01237864190805882 0.667683274258314 1.3861653198163857
1.9804340507981228 0.1268194769696888 2.4250745878009683 0.038100306967475545 0.6215657300314719 1.1497090790327165
2.1965410254693194 0.36442905940197784 2.2879213753721794 0.04957935308126907 0.7452583821031457 1.3696190362028897
2.76042120802739 1.8834735789135304 2.8067859365360173 0.07657334708353929 0.22331132560575465 0.9099342637056584
2.315849235518232 0.03663593728964569 2.2226207927653685 1.5670855174726386 0.6010777835237355 1.301206954565357
2.6966289592488675 0.11825176346525672 1.1527430015667033 1.495033749079165 0.9667628052782316 1.038819367612755
1.8053283077514055 1.827594514121764 2.0586074978385263 0.015552078709926642 0.32998609279014135 0.9445444446807446
0.9760568512979649 0.014618903322270768 1.0973241224368948 0.058978288077592145 0.5586947805974299 1.2208602331346532
2.2746555741118097 1.5519224137577745 2.0516581697706116 0.038468799008632246 0.4444881050826793 1.3536386395163
2.458994638174763 0.013794060748138529 1.171227801572536 0.6158157521910305 0.1302206498259555 1.0112520726472494
2.5740366705251323 0.22907201918753187 1.0859666631246392 0.03746418433596519 0.896302743935426 1.4259177209400329
1.4288467977419832 0.812748060835441 0.9296220467719288 0.013993128236189771 0.6779668762216603 1.385564307104462
2.690492282586745 0.0833211563350408 1.5480963019021319 1.43514059999378 0.9546626265626549 0.9197262053110387
2.2976019847938085 0.5039475477781177 2.556931475909739 0.07425200162250584 0.35811369499205903 1.0736384951579916
1.9318264347060934 0.2855996829910032 2.0593036001907388 0.01507805369760928 0.4686079245471788 1.2484649834609627
1.966563559377719 0.021339388192909148 1.7824727336364008 1.1032951887630795 0.39341535800002136 1.1878159773485573
2.652836711267509 0.07373914258541292 0.9871723165826082 1.7688107578851835 0.8392628070231286 1.177524008039198
2.326422971356566 0.07195534557938194 2.2657504853835326 1.850605857677755 0.11841443535086973 1.3499468475908647
1.1564735392314986 0.8494212031544824 2.365607576473043 0.050683995177443736 0.4116642756518289 1.1169157693818463
2.7197042710727812 0.0948972597540109 0.959056845667945 1.443851992617045 0.8436439327054247 1.4633014083000104
0.9904456995954755 1.3282458368652046 2.2504770022313836 0.01308740424964141 0.8704434039533578 0.9858778783001076
2.283340403230786 0.06720650846530855 1.7445653406590593 0.38145258784204406 0.059271123792239984 0.9355469889386694
0.9309955480355586 1.7492353687381643 2.457475636948403 0.08345750119567534 0.05554437902776105 1.4380936414237273
1.8656590353208822 0.8631335355669247 2.522834031917532 0.05765903983784961 0.808987560763673 1.1455363545546366
1.4614829421629145 0.9864449409349118 2.785187100430305 0.02198958018413165 0.5950584077915411 1.2352754604735352
2.515636826186557 0.01867345706499107 2.027473378951746 1.7080489480437864 0.2457474971063857 0.9916581066174643
1.0762383916255183 1.887799013321098 2.007827438947922 0.01085727437242945 0.7613808401242117 1.492215221257158
2.5479515072658647 1.9870619599753636 2.8458908138989893 0.07900051619274781 0.15276562664514262 1.0780888340527761
2.4140494904523915 1.7375028848239613 0.9902436457974243 0.023265668546429558 0.6240341018020685 1.4550174287600468
2.8602889063452084 0.2932464896450013 2.388585060133627 0.025422665808846164 0.5853737927174992 0.9724524223924528
2.2226631963450134 1.2066465950331553 2.5759986585717494 0.05198435362159638 0.4032971480333249 1.1409603558514807
1.4454660459093653 1.3916240008600833 2.6586964858453412 0.049882632996735454 0.38981772191812797 1.0137659525785798
2.569612980456939 0.07029697251385378 2.7326062795397243 1.3957671999254626 0.900602083401207 1.1415646970446136
2.816845842940069 1.54486371092151 2.5597494141880994 0.020198425386372773 0.03561608415901647 1.1117514849347814
2.8981244214161754 1.8003433800103503 2.7699165914625663 0.1104078876296584 0.053022845608746136 1.349054409912184
2.700963327421744 1.2120860222056267 2.6348754547703224 0.09210928592883463 0.8444208440271097 1.1010179177357204
2.1714570950041194 0.043688138883788925 2.155373241023098 1.8890654608301407 0.5672771527194138 1.389526547085333
2.2793999800019686 0.0674276207295806 1.2503005631802342 1.2870460267264991 0.7603426242401545 1.0782599791404501
1.0124323754082534 0.02662578020202648 1.1168769053768721 0.8319665491732101 0.5298988852173168 1.331382087274434
2.8437738087979088 0.09255982983040426 1.0682317427563586 0.134723993320627 0.39560317270593837 0.9971417165587083
