mlo mup
1.1768849801642802 2.473006164757611
1.2189908529246827 2.462153943771487
1.0073561291878417 2.2729590744353207
1.1789226519140363 2.024754964145081
1.088620234126559 2.0839613679269786
1.0405340548564483 2.135845200650378
1.2255389588830108 2.3989761103114673
1.1423835931000075 2.3429665542968836
1.0878925350766178 2.102572233067268
1.1368986775865766 2.3309308906379185
1.2593006531603015 2.3277635299551935
1.2984184755624644 2.176210368039264
1.0702043759758726 2.1780658599198226
1.158215710869298 2.3180687877358572
1.2449541586689146 2.3337762540885145
1.260376138015061 2.310499685417138
1.2021778154368472 2.055285112253862
1.2684340896008535 2.292415288780963
1.1118811586151987 2.1066128099118386
1.2185166202699762 2.3438238751789644
1.1713136629637124 2.322399917251572
1.1988061987179024 2.0578306507380875
1.2594874275295134 2.307803215499387
1.2584861846924924 2.3078212192522147
1.1060107180519516 2.2381827809724935
1.092587134325688 2.1355802132550212
1.1117608629684432 2.246715918968299
1.226780891518472 2.3367581331844347
1.1191294059751822 2.105167037178215
1.104371287234456 2.2334214646994983
1.0891705109479604 2.1816691911991675
1.2188804257769994 2.3369543933899353
1.2227261067149193 2.054199603847847
1.213596951010768 2.3345888316201835
1.1265810450341274 2.2653091364709494
1.0959675260670834 2.205119518201625
1.089835597384879 2.163386160324175
1.1835876141655415 2.3208624527364097
1.128490862144682 2.2641412794356155
1.1711125480787365 2.309364831753088
1.1590229594346204 2.079562081038121
1.2853253023257363 2.211794122996687
1.1723824147365893 2.3049113963179524
1.274340914957583 2.2518339982665765
1.1808502155202405 2.3099929778339106
1.259689843757665 2.0676799056798627
1.1948220575224302 2.3131965082630375
1.2110003489549266 2.319135055951811
1.2634529673906907 2.2769741466727673
1.2843807585581606 2.1097221908901234
1.1552682455461165 2.0881047145364535
1.104914703192179 2.1820603358771518
1.1125956444782248 2.129805133518012
1.1578089930728275 2.2810253347361957
1.1566116995752844 2.278712223067214
1.121496941510776 2.226181490306003
1.2264404594332032 2.3127997068707127
1.2860847507282065 2.125823853245737
1.2483555244452758 2.294764199290512
1.2203732786166779 2.3110653017544225
1.287219192933786 2.162733681336767
1.1620659892229879 2.088415756489843
1.2434070916800821 2.0657413157085758
1.1197349678979 2.130071047194248
1.1786079441704138 2.07879282268553
1.2857512966139926 2.171279282076851
1.1182502975816722 2.1328581043624313
1.1112551185115318 2.168329916051078
1.2629375258549553 2.265469392067672
1.176113633666242 2.0812005664903324
1.1870242917995824 2.2947922789152795
1.2077471290628483 2.305470550408282
1.2729692186968424 2.235086876840361
1.1631269226181886 2.272635839997112
1.208327015316437 2.06974955293894
1.2366239746000904 2.0669932060116634
1.148437437170298 2.1031172403030753
1.1339267350353874 2.1174450709971113
1.1648851612430382 2.090221707170972
1.1462551726955257 2.10531198734464
1.2442781945743964 2.2916584408801124
1.1740871858120363 2.2800696398323677
1.1590816870351626 2.26379750271834
1.1654588810234001 2.27007940170727
1.1785719443084588 2.2834505707233923
1.1337863229768106 2.119959614696576
1.1652150356208013 2.267985710955942
1.1500633198576993 2.249374204879281
1.284222144691823 2.163855588561524
1.2045463599664958 2.0731525879287185
1.2541955767235216 2.2735826284491383
1.1242321339982302 2.198059333242361
1.1318038933968912 2.125879324146966
1.1287720365607656 2.1295874988899235
1.1675989538997507 2.2663831539593495
1.1399481054858918 2.230071686407651
1.2458016858733165 2.2832378364652466
1.1270373313597413 2.136476767888577
1.171886723346439 2.2673898995585606
1.125191281590986 2.1826651335113194
1.1410273604062227 2.2258817464323952
1.267517868101831 2.238464129740234
1.1249328839147723 2.1728470419275867
1.1531694685512608 2.2427502949134297
1.2349069296907456 2.2875408372458077
1.2636518244876485 2.245112735819961
1.1426693469217155 2.223842850462121
1.1602283951391836 2.103254193402474
1.1256584200747393 2.165162642873832
1.2191722916880816 2.290364564934419
1.2289684119479272 2.2888195110835317
1.1623984030877683 2.2491891930169325
1.1497798217787754 2.2326095866419418
1.1439253833127814 2.1217333418912254
1.2367913872590666 2.073703304402911
1.1280923711819337 2.166132962900842
1.2809846224351027 2.1657075985809904
1.1300013778935518 2.14593125338065
1.274471542787192 2.202487843155529
1.281361405333178 2.1394527573309183
1.180722406960022 2.2649408656260954
1.1374905072099364 2.132369310512866
1.273907129477564 2.202122332686776
1.1915537707714248 2.271772798618416
1.218287325087739 2.076082234799231
1.161053197394771 2.2415363284610135
1.1903867306150107 2.2703707624425644
1.1567042926012858 2.1123447570374383
1.237880986531708 2.2768397790242387
1.143117574141697 2.2101002350029018
1.2429899321187066 2.2707235618695285
1.1327027178258473 2.166680426935437
1.1335641519113258 2.1699743374147586
1.208359331671939 2.079166728904819
1.1523435209117705 2.1178052663679146
1.218519605663246 2.2813304218598494
1.1605351622419242 2.1109783370749438
1.1472004518589987 2.2145698739214237
1.2012644371950565 2.082812743605329
1.2626783895499705 2.091939239256911
1.2260229240124558 2.2784489112962474
1.17213161841235 2.2471138078024233
1.1534132708362037 2.1192586274894833
1.1654915153724708 2.239242739323177
1.1577000512680824 2.227726289553004
1.2281933266816043 2.0772597376678377
1.1406734625824118 2.190281277219695
1.1846996993126853 2.2583527079645944
1.2643636924224166 2.0947631419363932
1.14128088576411 2.191355709766535
1.2303312693844743 2.275129477592677
1.1737890979835077 2.1015545334870223
1.274330456147021 2.12131106862019
1.1586839515889573 2.1165564838307174
1.1375335622051728 2.1564038679516955
1.253579761009118 2.2492249405967235
1.160163012513875 2.1152716307594557
1.166851202909644 2.1093866335955798
1.1972193445909383 2.2661527362439813
1.1401038093242908 2.1775710235745347
1.1406983622855331 2.1420676994201706
1.247502980068852 2.258043900984901
1.2059323975666858 2.270512403142114
1.1441054334542704 2.1940095447231087
1.2744631704311593 2.1795194661168624
1.1418191984209591 2.182494188919588
1.1459386328065218 2.198047721413841
1.140218113498289 2.147204325783605
1.26901127429474 2.2085759337259545
1.2700037674874338 2.203674522574943
1.2768060441621 2.163196098054817
1.2206363676026664 2.2723386497214935
1.264713576700464 2.2212491056694854
1.140488950741399 2.1699998318206637
1.172412747477023 2.106329028052624
1.1556244147466057 2.1226915784922964
1.2160495985420012 2.0811035829792663
1.2691737248898662 2.110042344160232
1.2127588203004 2.2696607178177945
1.2770892435446106 2.1505602314410077
1.2586959555359425 2.234892217681607
1.1515640885042784 2.2067512800697324
1.1415999639693029 2.148807458017062
1.2593089830950686 2.232990757730104
1.1596056318453039 2.2195996097068353
1.2123254745878973 2.2685390392768845
1.2582397889746368 2.234691842926895
1.1597030079547697 2.119204108194323
1.1838174334020808 2.2498389586599923
1.1889262127414637 2.2543474820938734
1.268262162434364 2.206441244495073
1.2243324473549078 2.268956978894387
1.2754624812821769 2.133093544390836
1.232642217684723 2.080793377334006
1.1728946054686258 2.2359227339616297
1.2366225160042355 2.2617774962079666
1.1439147609962639 2.153750897626609
1.1550038363971005 2.127499328950716
1.1634902877214426 2.1177685159649386
1.1589863790719155 2.1227946561282396
1.188104369978856 2.0969681024782316
1.1688719789036766 2.1139689041724115
1.2375178556039739 2.2599302632754688
1.1482330227910362 2.139298657670297
1.1667292298939564 2.2249397641709514
1.2489546710685369 2.087214913715184
1.1536279205172844 2.20070047920464
1.155120397714914 2.128173712509454
1.1987447522599282 2.0915574561360235
1.2122955742807664 2.2643442149434523
1.183096242919831 2.2443653636450076
1.2141571833574205 2.264329804243245
1.1916680544367728 2.0954126900037653
1.1514680809234028 2.1923450165025624
1.1604517326208044 2.2139631281648082
1.1818475792436982 2.2425959798878994
1.2726490255564142 2.173538562642613
1.2715991170346472 2.180430197259574
1.2713626414733068 2.181771661927072
1.2736597215763101 2.1666814402458217
1.1787374844385854 2.1058807039830834
1.1463627870531339 2.1527368136032505
1.2725143088045865 2.171437540840814
1.1513789093439395 2.1867165849705605
1.1922500017908526 2.096794367080467
1.2708747186932414 2.1805615999410777
1.2703240075497928 2.121379692210528
1.1640459787863022 2.215894304527184
1.1599656172495794 2.208444265122058
1.1478615327131059 2.1581742592462714
1.1505433962234508 2.1784632434564832
1.265952282326263 2.1111372043513725
1.2616964532775186 2.102868064724924
1.1481631187586783 2.1542913806376633
1.157642790257706 2.2026914882254673
1.2013959570461792 2.255167585388964
1.1698530068491346 2.2233727170116047
1.2353361855965863 2.0842575708922513
1.233242898859612 2.2579058504139438
1.2730334000006773 2.134098598698144
1.148763647187433 2.1576724186035046
1.2663416426033423 2.112677108758778
1.2675433749585807 2.1967036744784627
1.1490902230360913 2.1617913972731104
1.1692131867418598 2.2190889596069194
1.2712856435598958 2.128138743488057
1.260251250125223 2.2176811475395763
1.152627267868842 2.1762061703369158
1.2208387177658995 2.085861244220697
1.2716507089765643 2.1692128037416647
1.201208903179165 2.093764181184335
1.1540746196899483 2.139633787324298
1.233858125541482 2.0859844244151002
1.2107265991700156 2.255472500106995
1.2665298812328418 2.1156011708034863
1.2396440341641015 2.249219179321654
1.2579135244700768 2.100464041043007
1.1525278050237975 2.1690329010573355
1.1520166598715484 2.1658935216213995
1.1636578576054735 2.2047502164396273
1.2486221624662583 2.2385233171913317
1.2087756409176758 2.253174364173878
1.2375563240926304 2.249861811321718
1.2716466948601772 2.136179016650164
1.2681933100660996 2.121670468490609
1.1739679944680248 2.2207760495963096
1.1695113079804256 2.214237361594356
1.168554530765942 2.211663683099089
1.2451285042448725 2.2413779511717027
1.2617271209805032 2.2088296698129684
1.1562198054989032 2.174570911132704
1.2645294642272997 2.1998216384569895
1.2596822301717499 2.2135288686300396
1.158214347027065 2.184023566731318
1.2260995610640049 2.0879157354479325
1.154443731047896 2.150726094313559
1.2488203379071776 2.2362028481730265
1.2691145798329515 2.127063069945708
1.263324878005759 2.2030201206543882
1.192015016946194 2.103328929877902
1.1544425513605459 2.1623124259367796
1.1729714747059736 2.2165273947330686
1.1579216903895186 2.178358784958495
1.1647141849652463 2.1285611157086817
1.2031597096481035 2.2467106695373733
1.2502023357061138 2.2327036592349043
1.1749762419298306 2.2179921104537703
1.2621766117992603 2.204266735594401
1.175628356990992 2.1175848781123783
1.1869528710784862 2.2333140831537426
1.1559374191311083 2.1510647885709444
1.1603699452921465 2.18667400629691
1.1914885263476154 2.2370934781155043
1.157365440847125 2.1440714015605074
1.174087076201347 2.1194292446151572
1.2235829853158533 2.251817690148627
1.2658598912173231 2.1186402551357437
1.2691605675229263 2.1703511925931456
1.2663751160515448 2.1855328396191283
1.1582759866149268 2.144434593469801
1.1569452363993329 2.1558513027531387
1.1972600483265543 2.239810527261837
1.1574661508155144 2.1540391943473365
1.2397439523430882 2.092140576720266
1.184295941399031 2.2264306230856805
1.2549674299322633 2.2187095805241923
1.2173445700258436 2.092641305798482
1.1800887497149537 2.220660467718575
1.2052338146228667 2.2440674017699433
1.1862448364873548 2.227688283691097
1.1647712547041906 2.19063503676697
1.1613195493735848 2.141353343429661
1.1764454829437803 2.214363897493447
1.2414651244310826 2.093556110030634
1.2700425823998722 2.148516747489728
1.231522451495624 2.0917082525235475
1.218607468475233 2.2470287411897685
1.168296665597926 2.196866952720504
1.2176578867032335 2.093381626704684
1.1596181004692043 2.156388358329594
1.2634858410831669 2.1908692099214866
1.2354179595439794 2.2416651218838033
1.2656619349390592 2.1249954169748078
1.2608157332101086 2.1987499451170094
1.2043427430067637 2.240215132772473
1.170858032507914 2.1992359371953243
1.1741368859369345 2.124561306120284
1.2192695145619095 2.2454111335984495
1.1641563293962003 2.139714748999384
1.2637622100223334 2.120125333783697
1.1857158473661287 2.114483076893625
1.265846830357804 2.1263177229367773
1.1835231365495729 2.219132554160211
1.1835231365495729 2.219132554160211
1.1959981809694238 2.2334422278012482
1.2320261067802525 2.09308621001849
1.254129974506815 2.215630205512073
1.1722236421196042 2.2007977912003107
1.187326813691354 2.1140365844991797
1.1620816391799758 2.1600445292621004
1.1710398814884608 2.1953680930073287
1.2109681401652979 2.241112490853785
1.2541730683271801 2.213846743739184
1.2148482433251657 2.241450043110799
1.1784176427158213 2.2096675265958465
1.2277948215248253 2.2424959413086087
1.1633395817271368 2.149589920610691
1.2347115353730127 2.09443741536638
1.1694043113382266 2.1330777124930207
1.1826678613108692 2.215006116416128
1.2391829205044533 2.0959897423442913
1.1872418347278146 2.220396288800768
1.231061175855343 2.0940647122518197
1.2103873883253624 2.239599086938653
1.1850625490559714 2.2172983723690547
1.2320242396336225 2.2401192944845736
1.1855268191792905 2.2176161932859015
1.2266600849188112 2.094194292614893
1.2648535764551128 2.174553018852542
1.262396131759491 2.1863750046337183
1.205586609335268 2.236251203896012
1.2663218560092517 2.1681952604667365
1.1705879580615388 2.1332381169254573
1.2104465231836385 2.099681814037843
1.1703320644621042 2.187367446830209
1.2170167419788158 2.2405012706939593
1.2676645026226736 2.1540102786553312
1.1894332415002706 2.219903687662405
1.1650371270435391 2.163876130218296
1.1785420975689322 2.1246057554457924
1.2674364309081774 2.151405439080577
1.2489477318459392 2.219748627262146
1.1825351567224651 2.2106825360533224
1.190278190874198 2.2198153868781887
1.1691140421729573 2.139156536041395
1.2627605284839976 2.181088351479631
1.264534451944662 2.129009631066571
1.2319988638763233 2.096543944142516
1.2300910580569098 2.2375685831037755
1.218845620915558 2.2384227192678225
1.232901311534085 2.097339465701344
1.2225089506482174 2.23824689078951
1.21357271010334 2.2362839249018807
1.1772183180856937 2.197929511884065
1.2368594893321712 2.232485491984355
1.2012630650346083 2.2283975699865906
1.1888243621551962 2.2157305886951737
1.168469053261085 2.1476183282223276
1.1944533339080365 2.221028013617806
1.2504424098512938 2.2141079759497835
1.2660620263008286 2.1427211786060547
1.2423758344274969 2.22534916964188
1.2287205765476998 2.236064258275273
1.2614737942570644 2.1251359962736283
1.252787143888905 2.2086147435499583
1.189974975493243 2.215315998197922
1.2060037772806318 2.1057967637257384
1.2607357165600892 2.181726366644541
1.1741772173564606 2.1853448977846734
1.2132107406305175 2.1026872078026386
1.2009330925977946 2.1101601540428874
1.1740786774216108 2.1823049613979615
1.1861301069419394 2.2094403751174436
1.1724346626608622 2.176805739352387
1.2463206657029615 2.219141237949142
1.2473283165235056 2.1053262358387927
1.2068773951205891 2.2301964829444985
1.1832134472325662 2.2048438076662684
1.2514603714131582 2.111127345324168
1.1776505726744972 2.1925066592087648
1.1753366988232823 2.185870593576607
1.2618665730402596 2.127796271643074
1.1835005439033173 2.123866045835113
1.1714817724700892 2.1430162970526028
1.1751518414059894 2.1840466819596305
1.2515379618914144 2.2093911856739306
1.202748398997196 2.2262443251891275
1.2169894996504855 2.10169750968049
1.2648128947205861 2.140600888065804
1.1702108708422485 2.1655753897324193
1.1837949893335205 2.1250968141691615
1.2555652674458093 2.1972628461801342
1.2644658853299862 2.1591166440956258
1.2296371188879844 2.0995972972916856
1.2534774034593723 2.203197233899476
1.2472751314249269 2.2156203015884004
1.2594201487983216 2.123724762348311
1.1711436827889756 2.1519354113662796
1.2646563773034796 2.1529948540922006
1.2646148722849229 2.146320392802883
1.2413937706036782 2.2221375819239593
1.2618863499751543 2.13046273961491
1.198473662210232 2.1136386550903987
1.18271435723118 2.198998171195948
1.2569054602099936 2.1916592260968204
1.1952392397938454 2.116078651841935
1.2603760696800057 2.176754581383276
1.1862727552340258 2.205317366477059
1.2333001655920766 2.2292057935787835
1.2582104584181768 2.1231020996216614
1.2002719823602765 2.1130858877213425
1.2509145911441237 2.207014112594243
1.218894772726815 2.231441214191375
1.2636301561677081 2.1595662018387047
1.2635854034189877 2.1593792255018838
1.18916022399926 2.2079673101191424
1.230370450722506 2.100889348961333
1.230922504572102 2.2299440981415604
1.190721000446889 2.2100992688364283
1.191328706940598 2.2108353828736513
1.1800573685540536 2.131521789549619
1.2167082401473681 2.103822200213753
1.2030189356262642 2.111631527993223
1.254248522059194 2.1168654116582273
1.2140441479264656 2.228803197496241
1.1786311295465812 2.1862738878854313
1.1724317533337825 2.161872672601266
1.20551988890315 2.1108246703830824
1.2134044593003588 2.2281501557284358
1.1998107044572985 2.1141350006026247
1.2483226705765205 2.210820604776252
1.2239622670595778 2.102295297534962
1.1794722008015184 2.1869918394630194
1.192219412428166 2.119654021211594
1.2570454836075209 2.122588481056715
1.2584384413578333 2.180342091401648
1.1795346134679368 2.186073989905637
1.2147250063843187 2.1058015118469373
1.179267503686665 2.1850940297632144
1.1886526761787417 2.2043827925155326
1.1877448245952493 2.124257339536436
1.2097774040488067 2.1086032471858336
1.2165612680945708 2.2282181826283702
1.1838295634177234 2.1285463511755545
1.2362910364699085 2.223109865539991
1.2020828030317858 2.113659456413897
1.1777220631030116 2.174857507194192
1.2284804030734384 2.228236871871263
1.1816969101010815 2.131832985267843
1.1972363367627137 2.213605568767683
1.1884779450009604 2.1249451040042526
1.2294394897747547 2.1032692721926693
1.2576025986208206 2.1802947703146085
1.1762914528863035 2.1694060200673517
1.1748920496307562 2.1632504235392678
1.236315040991348 2.104839212559739
1.2252270622086683 2.1039594061414615
1.177004075165406 2.142801453534428
1.237125900227856 2.2208989868854125
1.1763355114017553 2.1686480312512417
1.2195592519999783 2.22661624357887
1.2109094973729588 2.2232792945043696
1.1878895210842824 2.1265947847785673
1.2062112963798572 2.2198879107430685
1.259435140582673 2.131131971278074
1.2411000933396905 2.216546221167844
1.2327683318582554 2.2236103780141097
1.1962539671462447 2.211099945663484
1.178340429175105 2.172566025273953
1.2613589316756022 2.137602099491739
1.238438596438832 2.2187079082418806
1.1768792804393942 2.1688689996663353
1.2589422272496604 2.1719387198158673
1.261803336205774 2.1538531320378094
1.260236144584975 2.1337827507239484
1.2203924537334465 2.2253893116446988
1.2378109698852193 2.107194128626987
1.1926189865379364 2.205013717239361
1.2168588410396848 2.224501341946818
1.1840527282986615 2.189429980270668
1.2611431837630043 2.1391382644822743
1.2124804608243205 2.11014109323843
1.2294321159954156 2.2244213822938477
1.1796094601752574 2.172860274056636
1.217201261468821 2.223965859222577
1.2529870308276214 2.1927690620747224
1.210202486919022 2.1116544507740818
1.241594760156758 2.2134976830755346
1.2118828501019743 2.220909773510283
1.2605088416557213 2.1375591368985263
1.254755457452979 2.12319314316264
1.2301136680286833 2.1051589742141665
1.2165812703625256 2.108873918292339
1.2566874489096302 2.1783310999759635
1.2549414611997363 2.1849580966995665
1.2172863981258693 2.1084451038471164
1.1816984379350717 2.177632769204374
1.2610535570720447 2.146814015592677
1.1781432132306753 2.1477492132504925
1.2453216592821472 2.2084862822635745
1.2269912150731745 2.1058303124182878
1.2550620893266389 2.182841101287698
1.1776080138595644 2.153015153305543
1.2278033234364698 2.106277872341209
1.244521728939564 2.112335620485286
1.218817764113359 2.108159216358761
1.196230804132081 2.2066898259088354
1.231379159275899 2.221311646143497
1.1792191533157448 2.144315008493348
1.2347148999721036 2.218468904274583
1.1908181943303007 2.197836196032573
1.226241321962271 2.2225894704438685
1.1805013112202845 2.1421179921033646
1.2077101818193294 2.1139357392220615
1.2394643386532684 2.110265063100362
1.193052956606527 2.201158667558924
1.2344430549035494 2.21828735358183
1.2106728973048844 2.2184466704185857
1.1787091053424639 2.161012211960794
1.1783978585622448 2.1528130223086
1.180814186994685 2.14221423478746
1.2594014997364789 2.135222010067313
1.2581308748408333 2.1325896554536614
1.206153786423172 2.2149643397505745
1.2298825938820124 2.220488578275887
1.2268508976672456 2.2208668992173406
1.2097662332404941 2.113727860042113
1.1821813102171743 2.141252534597485
1.2534016199620708 2.185921340763949
1.255142431587271 2.1792807764541537
1.2001073593621605 2.20855530545375
1.2496380884714111 2.1967875783443533
1.2429652002037725 2.1130665914561053
1.2210517569094383 2.1090334857981405
1.1798546275088566 2.1510421167027043
1.2301587772066793 2.1078055688827453
1.2275575443208053 2.2198651003176813
1.187198935551027 2.1861298320792053
1.2130277027601806 2.112633797320022
1.1842842693107012 2.1762689202104157
1.2092377352448676 2.2159045124251513
1.2195047250119675 2.2194427883158907
1.2595806583048577 2.1460120004698253
1.210403702810708 2.1140527505717137
1.2263000117185796 2.108535003718419
1.2514402610357276 2.190612638227794
1.181590720510196 2.1688882282477855
1.2594590024532983 2.1527359587741692
1.186955042040287 2.18247957872503
1.2433920980155566 2.206503716441043
1.24103738320753 2.113040208746518
1.2141848359129674 2.1129830011423576
1.2592490048319247 2.1561754362323304
1.2109558478091895 2.114165065020642
1.180810980746334 2.157771546793388
1.1812179423795786 2.151581729530199
1.257804595024717 2.1350188761582074
1.1836576360616835 2.1423300663621556
1.2590007698415495 2.1530360339543724
1.2492386745697102 2.194458668606287
1.2458354681043846 2.1163792451818635
1.1812744222566391 2.157507970477644
1.183394753816713 2.170165925631099
1.1882810973290703 2.1830681522400703
1.2444880059131145 2.20318404604277
1.196619768560236 2.2000194220608886
1.2394668941228657 2.1132302408138393
1.219239580948483 2.1117913716513392
1.2077845143589045 2.211671264993581
1.1818115519753503 2.1548861927666296
1.182023529911076 2.152140743126151
1.2155344049802053 2.2153935244508145
1.2103755304657096 2.2126345373125353
1.187461939166816 2.178837525208255
1.1852031237966827 2.1712204938035633
1.1836181516841242 2.145850974484342
1.2466358094308305 2.1977677239050406
1.2581565147852865 2.146627758477856
1.1910462161872566 2.1871616406929455
1.206256336795081 2.209026435354982
1.1857958517244644 2.1418780106019115
1.2006767405202294 2.2022088646914963
1.2567266389895164 2.1652879197815453
1.1925166127438587 2.189590170712325
1.2472674379992443 2.194798199183672
1.22480745729383 2.215970861846838
1.193314205931559 2.1303454245489513
1.2035180984395633 2.205822426909525
1.1966542249033336 2.127452892039434
1.234738436972838 2.2108180402368074
1.189975747409962 2.134035449842088
1.184256245917885 2.1633953343795933
1.2101356192540016 2.209928360469952
1.2094672731746987 2.209418606095638
1.257413406130182 2.152180561142157
1.186937743809654 2.1707228972319204
1.1844319287122225 2.1547744899832577
1.236256692510906 2.1137809935987457
1.2336988147117234 2.2108068379226578
1.1847458289044632 2.1557821776838333
1.2390657383419923 2.2058727353239114
1.2525216136383475 2.176518326708817
1.1859698237575007 2.147538122415815
1.1947007675496903 2.130825239770299
1.2210489828937896 2.213006338734589
1.2569990935596829 2.148720059204994
1.224705966645664 2.21284826178357
1.1866262681917843 2.166279997480416
1.190896822842869 2.177979768916971
1.254001427078245 2.1325793187421063
1.190418108030374 2.174815456817705
1.2387859289767822 2.2042981545277103
1.2565827256518352 2.1499959261137347
1.2433257122360557 2.1980576537007996
1.255716630704636 2.137911342622222
1.2515311589374136 2.1772848737562667
1.200185019623646 2.1956228009497782
1.1995563742353452 2.1947173800460993
1.2555760603324932 2.1607877957170247
1.1989776815279218 2.1938434989854114
1.2550621262761408 2.1645368012786887
1.2553052886797218 2.1381119584613106
1.1921312485603253 2.1776333512671053
1.224731181292241 2.114249425658711
1.2374244305314792 2.2044013034200862
1.2148713227760457 2.208574722978711
1.2385740026885899 2.203339343598031
1.186919279530324 2.152639291270931
1.2478163626102283 2.1873817925254317
1.2419180596035204 2.198274407845294
1.2374014359819423 2.1163623135466234
1.2183785699335596 2.210386698115532
1.2428265319963865 2.1967902751731154
1.2152872458852968 2.117240363074269
1.2338691439613654 2.2068632751205834
1.2211587708904619 2.2104825151589993
1.207989545004818 2.2031130723108476
1.2435218870035711 2.194555088656745
1.2482747913027135 2.1836590359578505
1.1881243406422204 2.1511821762215946
1.2158587731820387 2.117504837542595
1.18913791846415 2.1448713727599134
1.1921914142517458 2.1727767016220807
1.1896765762380133 2.16754805187026
1.2414444592465146 2.1186573577017196
1.218195783170832 2.208840741529003
1.2127863269267583 2.118727790688316
1.1886261994711602 2.1572807110228647
1.2072569380923752 2.2005705564812654
1.2417017099212162 2.1951976006276515
1.2215325620441544 2.208516904624592
1.2271602651065108 2.115601289914096
1.2443221663147233 2.191264050685999
1.1902153207915602 2.1442194099600913
1.1892578555859834 2.1650481325561066
1.2546894539416216 2.1452863777223827
1.1987287867925909 2.1872797854445163
1.24766521299407 2.1255959102782196
1.1995332111930483 2.129745750200367
1.253814525479431 2.161282853338772
1.2093365628537829 2.20120364101087
1.2099731786612655 2.1222765757807434
1.205987553089109 2.1972393501066305
1.2035246732410028 2.1944181585020037
1.2382632520710288 2.198720982747986
1.2066716297114062 2.1973502198773733
1.1990037453169344 2.1315024488539507
1.232900774853906 2.203771969690771
1.2072464124060232 2.198119003736141
1.21142448327833 2.2020622750776324
1.2481294951192055 2.1801646587947006
1.2020457421133275 2.1913494683818096
1.201557364185522 2.190658405091237
1.1982067808612562 2.1825172334243494
1.1931761741396332 2.1411607312517074
1.1964298450704012 2.178206955895269
1.1952530676809754 2.1746318992037255
1.2143116159195166 2.1202471706822497
1.2061053803409965 2.1957186692277904
1.2378241963544596 2.118358288039865
1.2336924492642212 2.2027121039861415
1.2423742586670259 2.1913890323844822
1.213270072317975 2.1216783955684093
1.199638560830505 2.1837656887281667
1.2057171831330806 2.126269143799866
1.245567767177071 2.1251104097625904
1.2005853815553018 2.185974966843406
1.1922987055622771 2.146088741306621
1.2531530998855553 2.1418433261330447
1.2011305362922986 2.1865769536809405
1.1959904040739495 2.1358862534248813
1.2337075865316978 2.2009545271749795
1.1922244281929875 2.1654084285572743
1.2526757438574787 2.163206977972462
1.2015730232582138 2.1307440228337384
1.203551312078907 2.190762651747109
1.2238133999886123 2.2051338099828
1.217333604874188 2.203150828784193
1.1916367260530278 2.155471461604502
1.243485566374844 2.187333325725165
1.1956288671008104 2.172354664369574
1.2420654087240028 2.19009196190719
1.20237082204179 2.1876455847619463
1.2372327356011845 2.1966390045209065
1.1960539351297872 2.1728020743313357
1.2387235365560283 2.121353814882126
1.2221556836253578 2.2040493007593547
1.23709569225344 2.19657551547225
1.2274095809135561 2.2037306672384784
1.253132348399775 2.150353064710875
1.2511710960885445 2.1347156290633356
1.2166809318905276 2.1200531011517953
1.1934547953907093 2.1440963794807923
1.2092336742836165 2.1243103603522018
1.2460416753853383 2.127343781346524
1.2100767884215389 2.196571984679939
1.2047567829445989 2.1911186675625935
1.2192949469733514 2.2027506991436483
1.1926571367022858 2.162538250410366
1.223659819500711 2.2035124650099998
1.21415016673002 2.1988521219761363
1.2368723247331963 2.1205134936431866
1.2508515197171952 2.166294538737149
1.1993986019645573 2.179352136817417
1.2467006823047677 2.178543870002078
1.244281581368632 2.183140888988302
1.2526786773312688 2.145159454275578
1.2518290220491344 2.1614691455976818
1.2042648429705098 2.188150613315975
1.1936661302889802 2.160658679658446
1.2481551000213347 2.131297525215957
1.2469921471415704 2.17496196123744
1.227767310858012 2.118169402285312
1.2128815631397867 2.1968564427169888
1.2005625039558736 2.1329165490805404
1.2228632939932829 2.1193292579637983
1.1992352850266994 2.1760631613963772
1.1962343383506966 2.1416780552511803
1.1965905237997336 2.140459986946676
1.2381655764360835 2.192995726314797
1.2344596189656245 2.120160405228708
1.1965055244292628 2.170022856384589
1.2403614313832971 2.188883889487293
1.250970188993334 2.160903221447643
1.2150620460799955 2.197005409775453
1.2382720916093635 2.191849605812542
1.2384509943637731 2.191617783295488
1.2446660481861709 2.127741632149899
1.2104531065148167 2.193729044350839
1.230094913663418 2.199276749018094
1.2097111740819702 2.1930143674867644
1.2267313747056985 2.2004674358914413
1.2189719244265 2.1219463458689103
1.219730018682437 2.1994591918083874
1.2440675839573743 2.1275420361123807
1.1948265919900527 2.157978023201148
1.2045279849722388 2.18422708942093
1.2248299179583493 2.120342635201968
1.249111754551049 2.168541864652595
1.212479366290692 2.1939356583875353
1.2167136678568684 2.1969343318614056
1.2144701155676816 2.19498552180463
1.234071360843423 2.1944894928760017
1.230887253089252 2.1204903954167147
1.22180066468122 2.1989470061967165
1.2510113489435886 2.142936501327262
1.2107839899066235 2.127114858829821
1.2503246926916434 2.1608698421594923
1.2017489648375361 2.176987770535178
1.2022330033396036 2.1783474785566783
1.1956437331288083 2.163983941578671
1.248882716499868 2.1667670156611343
1.201867511256486 2.134190896238114
1.2041628672961848 2.1321713227139023
1.2464788035101737 2.1725526860660174
1.2164199787286785 2.1954915629544134
1.213364350222943 2.125828002783074
1.2371824453079232 2.190480285402927
1.2130191187307522 2.1925545650493663
1.246927738959361 2.1319373604143355
1.231865527654722 2.195335399457173
1.2021634851677103 2.1758707804020254
1.2295762083576502 2.196812955404254
1.199685036604334 2.1709060250073526
1.214075809024375 2.192077637141241
1.2120522640840017 2.191481485709908
1.249782823113733 2.1404262958936955
1.2393227373578817 2.1254851552747978
1.236380064950933 2.123473139614336
1.199533281096302 2.1400770558139413
1.2325364538993222 2.1224407444742104
1.2096886537977132 2.189233905435938
1.2226630101562415 2.19661981428097
1.200823711025009 2.1375277477700885
1.2083086059158215 2.1866483019447105
1.2038635561865927 2.1787437905802114
1.2117084410847307 2.190476427469803
1.2095402504575798 2.1877279045404587
1.249376286761726 2.13987733332047
1.2497517648213443 2.1422417648698
1.197174521104981 2.151314257289484
1.1979544513664042 2.143798257178275
1.2482206344452762 2.1662325634524255
1.2399803570160308 2.183000103856471
1.2032515830668609 2.1760251937445796
1.2323167746669312 2.192411114991472
1.2177834637800635 2.124218926825659
1.197658019254379 2.1570749078938816
1.2185853009754037 2.1940673125716095
1.2277520837248788 2.1952242783103797
1.244126758155608 2.1311064105862743
1.2223161923656027 2.195153122896608
1.2420097577826756 2.178230438389698
1.2049698317288706 2.1328093083370065
1.2181621826105091 2.124017887205996
1.2216328620306662 2.1948566309435797
1.2486098285924843 2.1610238514865037
1.1982981632211978 2.149931606784878
1.2238904207459664 2.1948538415386865
1.2159092417080757 2.126757657848117
1.2386368265667669 2.1267648182798453
1.2450242171479031 2.1324557052177244
1.2151713377170625 2.127395137501092
1.2007582588539385 2.14189654576475
1.2000270872910792 2.1670729660502737
1.2288430512128097 2.193899518892197
1.1986149266073718 2.1621854436169246
1.1981696424948312 2.1552999535453448
1.2476209178743518 2.1657636482007447
1.198638961515976 2.149309105236649
1.2168780244386013 2.1265825852570117
1.2129151306383792 2.1872575753626182
1.2106267345293644 2.1841047734898704
1.2491369210697925 2.152123019648067
1.2110740502946908 2.184560510693871
1.2021785685857471 2.1397189650301547
1.2367200706528674 2.1851521932052513
1.2338342322486278 2.1245810166701995
1.2487911731740307 2.1463539259099798
1.227061871900478 2.1929675561737936
1.2198394808830784 2.1251992223009566
1.2062313113375025 2.1752779991922058
1.2152406301798673 2.1885532393791736
1.248776741174539 2.144316075054327
1.2086616762550986 2.1810183159631933
1.208018641158508 2.1795811539516
1.2027229950895266 2.138985158365596
1.2170830730056377 2.127282420701831
1.2331812804503632 2.1886691729212826
1.2329802006924546 2.1890238964457103
1.1999539826738548 2.148969122009384
1.2328258626217496 2.1888042527735716
1.213439674194735 2.1856194931933093
1.2465738261297226 2.136912660121234
1.2085087636452887 2.13268831658121
1.2038273046493746 2.138494591499475
1.2425697119795098 2.171871694596092
1.2481736814051823 2.1549563435374592
1.2247170323649483 2.1245125440177883
1.2258880161651273 2.1240508260313256
1.2157109801248958 2.186789389192942
1.2476699994408265 2.143013270308182
1.2241410730349898 2.1913787897995642
1.2053296765920227 2.136336556167885
1.2010275791895109 2.1474411194868583
1.2000155267119297 2.153374352172355
1.2139702205774265 2.183281874893252
1.2441339827060198 2.1696152867879963
1.2476924508773504 2.1473503356706223
1.2177366129883787 2.1276654205663155
1.2294190569659753 2.1251347444187347
1.2324030622925377 2.1262717240270144
1.2366034929656713 2.1816058339951914
1.2035037045296262 2.1416185945676736
1.2476830371317098 2.150088265338955
1.2230393822663412 2.19030352579368
1.2352221764096951 2.1830389859920425
1.2045011804509032 2.138368857922571
1.2061439515050463 2.171945096118974
1.203545275727905 2.141869323486301
1.2441228856537683 2.1688002199869603
1.2379866416328702 2.1284686554631307
1.2017042710004924 2.1620968975700445
1.243688768694852 2.1690768857468474
1.2019756176604386 2.1597057664949006
1.2099486247730578 2.1767509946786725
1.2117700924038135 2.179246921393343
1.2109431062909397 2.1776491543374483
1.2285681144748863 2.188168709935498
1.231977254956048 2.185035929050049
1.2023489680119757 2.150530346432685
1.2195342769001125 2.184012472422082
1.244408576290226 2.138582627941944
1.237982725095071 2.174535420105033
1.2324308890246622 2.182470303847398
1.2306541386059386 2.1840715339210837
1.202737622077633 2.154748168554301
1.210475836243629 2.174085977304837
1.2032036118700549 2.149113112157858
1.2222196629936959 2.127992672233341
1.2300527233009606 2.185290255982666
1.2042008537629443 2.145066779924282
1.203542179514778 2.151100482764027
1.2362299308506812 2.130298004169606
1.223697458919776 2.185697797577879
1.227139108967654 2.1855045924829852
1.2103044240513796 2.1730483738299444
1.2038177580519807 2.1480801497355646
1.2457875140760388 2.1519520412699826
1.2355248483962598 2.177894393598445
1.2060814447013206 2.168406236915125
1.245399700781475 2.1542072680414455
1.2073845700869081 2.139578255110239
1.2249800987303812 2.185082873050301
1.2048706876125528 2.165419631903527
1.2354187456720431 2.1308031025184766
1.203673448842825 2.1551740606063383
1.2166300821998857 2.1799348553687907
1.231860000632126 2.181086875819564
1.2144294199080656 2.1751308456043814
1.2449552143177116 2.145385552222196
1.204452731423037 2.1512914606813673
1.217461501213138 2.1315063247374173
1.2040896681480011 2.1561461349468445
1.229817525176025 2.1819621672401803
1.2151957871021004 2.176700055929296
1.2445178794753815 2.143968544688076
1.2268090581963778 2.182553889881653
1.2216170254500651 2.1288625199043802
1.2114977188026046 2.172244927702807
1.2109868239388208 2.1352155110683895
1.2048358143928501 2.1542483982114433
1.2327308617902162 2.1784407224070557
1.2067874150548374 2.1430571877245206
1.233942149936284 2.1766251023949312
1.213461818556207 2.133942109737654
1.2134963848773979 2.1734895243976826
1.2294993616846566 2.1282620930731295
1.2058353709582088 2.160755543121104
1.2055129580383461 2.15782556930107
1.243227469389895 2.160084530394711
1.2177021639188106 2.1786094092161354
1.208974361977035 2.1696627772858488
1.2442796864969037 2.152500016044194
1.2095597774625833 2.170146695474555
1.2432266671761751 2.1593133228302754
1.2437589553719426 2.1564671281884866
1.2060517748999942 2.1604253369452104
1.2260458465646409 2.1815684013312797
1.23154250997916 2.129506809008109
1.241998568232329 2.1392218667847698
1.2179331337797856 2.178247589528744
1.2363994665532396 2.1725325762504344
1.228725327451645 2.1808602873932394
1.2335121199735242 2.174688963816609
1.2264308979799576 2.1808089097325154
1.2097785680542974 2.139635242286027
1.2083345781608648 2.1661721550673207
1.243072374688595 2.158773945713109
1.237313375567051 2.1330327149248602
1.241326704210098 2.141612753616088
1.2068045724305194 2.1569554286706114
1.2293601292472098 2.129949487421359
1.2428578204549732 2.1557844300681595
1.2431869596508311 2.1537279326056824
1.2334139099283536 2.13188911789221
1.2071908927362907 2.157750196464766
1.2067828874493771 2.1523211896352663
1.2077227108991089 2.147542381471779
1.2430085834472089 2.1520005581553727
1.2432162623127356 2.149376440981568
1.2269112502213368 2.178457071880482
1.2426393606255994 2.1550226083938404
1.2407209220220672 2.1648889133448885
1.229068256268449 2.131047837752977
1.2264548186482556 2.1311229791645134
1.2412943610101284 2.1615307371956485
1.2124831473473336 2.170048677185589
1.2142446381367153 2.1367804893305133
1.2082262343019756 2.163341512319791
1.224476433868595 2.17853332097428
1.2085584675249499 2.1650078604570773
1.2422158076411407 2.145440292246639
1.208279308233423 2.159478385942429
1.2299968956229468 2.17668253168648
1.21599561016876 2.1718480407256813
1.2113796646245043 2.168606786153672
1.2102868169535639 2.1661068879105234
1.215829592362631 2.1348872124896747
1.2266161969391463 2.177484201523228
1.2216974693399227 2.1766953076923627
1.2390976964853002 2.1379314357577623
1.2360865259995168 2.134105228148569
1.240728254918578 2.1425979712007943
1.2377581042617718 2.13514232239877
1.2119271614572205 2.1667375656276504
1.208775795157977 2.1590831947074025
1.2246068625976774 2.1757160343474755
1.223876193188429 2.175683184380102
1.2150831605604815 2.1377184216181297
1.2195687039843786 2.133594974716015
1.2363959811117313 2.1689960581568313
1.2408931899949742 2.1436854186571304
1.2156189748068544 2.170286390337266
1.2169689584061913 2.1712854494713434
1.2248664770964175 2.1743578243479744
1.2324547361738023 2.1328262536966838
1.221248554090578 2.174114786374085
1.2105402483271208 2.14604645466918
1.2365356745534561 2.1364726136737358
1.2398121067065988 2.1571950002415194
1.2102313821778723 2.1641593339901877
1.2129293172474127 2.1422693084441438
1.2193176759840787 2.1717104448749858
1.2105172800899724 2.1624946452604794
1.2197511368397023 2.1720222605963793
1.2197308088695176 2.1720540581935825
1.2238135097744256 2.1740641937630287
1.2112065072944165 2.163616187115382
1.2388010461014223 2.1617174183760017
1.2391625443317569 2.159697088008864
1.231088036501654 2.171730206984842
1.2150322703089247 2.168471181882111
1.2398504255529708 2.1500903017202573
1.2392284652812748 2.146231849998998
1.2350069873585345 2.1686828606108612
1.210663961606077 2.1486286875746545
1.2311272844408603 2.133496698986817
1.2273677533239107 2.172903180862651
1.221124323313784 2.172337278310207
1.2372136718391982 2.1398255760163916
1.2120347622877445 2.160193394035864
1.2260372004033069 2.1723343481856308
1.2394955065931161 2.152860757806002
1.2115002805651023 2.151385753045539
1.2389747027593314 2.1563107034700035
1.2115045692222624 2.154011031387286
1.230551582709606 2.1710521595667
1.2392209317681158 2.15343877723923
1.2373243930334983 2.1420564254913015
1.2196787610124082 2.136760567975011
1.213415434558152 2.144848633861198
1.2139359251545254 2.1607635200845
1.218896423740049 2.1698854994593315
1.2250276954589325 2.1343365297440897
1.2377484504240348 2.142876129632239
1.2337074128115237 2.1672033047838104
1.2261778765407088 2.134411360243413
1.2169699608829487 2.1402220405444954
1.2158353064609524 2.142739018544819
1.2364216654175166 2.164201876582907
1.2173915109935025 2.1402285411082556
1.2150972494819976 2.146072752371242
1.222501449069521 2.135857847131852
1.2175639796012538 2.140666998574282
1.2268730260187035 2.170294286366204
1.2251898807377315 2.1704000263513934
1.2149107069191791 2.1571883490278116
1.2269344945219283 2.1702196486868344
1.2366218400387619 2.156904244718644
1.2143570404131763 2.1541843371585645
1.235953148180812 2.160025239844399
1.2354957057488365 2.1610699470196995
1.216759546268478 2.165463203230409
1.2339571368213114 2.141158085582181
1.2245879518187694 2.1366264958684558
1.2337254991248818 2.139537825289005
1.2334157566514987 2.1658744850974023
1.2371337718788222 2.1454421134937753
1.22657584901338 2.1356360431368704
1.2276733370545663 2.1360647335281464
1.2197121286504984 2.1678860284886334
1.2366210301371259 2.1508176644870924
1.2344734730221014 2.161467587105506
1.2364423836335936 2.1498355037462122
1.2176954155372326 2.165240604510283
1.216858591645443 2.144820843686663
1.2213097078638102 2.1394276307201805
1.2327717639221214 2.1418755277882284
1.2351131904771786 2.144089928874719
1.2161364668437413 2.1491024837921358
1.2277295915957533 2.1681931103059866
1.2254107273912422 2.1388676275528504
1.2342252452434876 2.147322267127735
1.2355361520073331 2.153172567537562
1.2268464930306158 2.1390096923954176
1.2339636757696146 2.1451821229085075
1.223837209954054 2.1664590253248637
1.2340770379366681 2.1545685844736906
1.2338543683997532 2.145890247419594
1.219402882084295 2.1622317380984124
1.223706227856093 2.140549079462239
1.2317540157405147 2.1639299183443796
1.2330020890645432 2.144603915752393
1.2253980877609734 2.1654182827549535
1.2246157456233568 2.1421157922118836
1.2197834563560253 2.1592042267123746
1.219436689978144 2.1477273720705665
1.2324944343881765 2.1565819137011477
1.2250890943585966 2.141962084047514
1.2319638754316564 2.156999528765634
1.2295769962668501 2.142217118847581
1.2327221313754562 2.1555141011888246
1.2196894329765895 2.148004652929182
1.2279597591220914 2.141896762177876
1.2221615099290586 2.1429401298835034
1.2325664969797487 2.154793452588679
1.2205509635740726 2.15116617115886
1.226485818885245 2.14262384921486
1.222293324573284 2.1595207063799906
1.2248528675788029 2.146827387095346
1.2247122551775678 2.147213483202143
1.2252269692257798 2.1471789196640687
1.2290499514199518 2.161627800100702
1.2254424201674972 2.145836274860243
1.2256505295117839 2.1457910730962886
1.2287608373028958 2.1580191228975547
1.2222223549339224 2.150793837725654
1.2279630060078723 2.146398154399871
1.2276094785038012 2.145400571919434
1.2292828677811691 2.156666088518003
1.2234644240876302 2.15424566606384
1.228610969479675 2.143786317328443
1.2272632451970682 2.1565645518063357
1.2262842361780735 2.1563260213824185
1.2287592455486285 2.1515625697634224
1.2261876100446734 2.15457635573523
1.2257561498760465 2.154603885720847
1.2294264742866836 2.1539178244108226
1.2273291477453208 2.1546259510956673
1.2265417110597874 2.153246083158731
