mlo mup
1.1425644497796308 2.079793959579329
1.0407938801737209 2.033121133205639
0.991698753512534 1.8921626537224177
1.084002323785438 2.043799440555417
1.1577392365585113 2.0569736960510445
1.180814442860173 1.9907507759055096
0.9934884132975659 1.9134749150833787
1.151234862982494 2.0546450617545555
0.9981883822810796 1.8946796790925298
1.1216476977306886 2.0512868845702608
1.0502868227566464 2.0150616760031816
1.1521610677572256 2.051006683948967
1.049320654214608 2.007264126938022
1.0252259457195205 1.9776843952193963
1.1118568932467683 2.041052372864643
1.0218454733664533 1.9589684292709282
1.0955103949361535 2.0232321902139723
1.0503305950922104 1.854602274119847
1.0897380545761701 2.0178772562258773
1.0203775008067273 1.9290297075372438
1.1784493816287198 1.9886721643086027
1.0997904187159375 2.0218561665637296
1.0267843003537966 1.8998564023437137
1.0798903752025035 2.008512828955304
1.0540255539040393 1.8533781493256027
1.1292384997042184 2.027894212425098
1.0588534097695153 1.9897832031653144
1.066604718300654 1.9951823208101347
1.086853225858272 2.008935162836822
1.0298323295226615 1.938711739236446
1.0277482121684907 1.9266263474720837
1.0286815761637298 1.927734868639772
1.1811892581877235 1.868474806837443
1.07380159742712 1.8627288413372654
1.045412539423678 1.9643714910457681
1.0404249468828168 1.9473518205171658
1.1038531926584934 2.0110552319458614
1.0539975844315705 1.970373340833035
1.1228420251407543 2.0174123218194477
1.0474279715013155 1.8729279590882146
1.0946839697024673 2.00471616000559
1.0368582332935858 1.9103701300158646
1.0801334828015026 1.8618598286478014
1.0550125609340606 1.9659241914057526
1.1402993629121707 2.017227119158111
1.0905736796714622 1.9983146757552683
1.126342733726808 2.0140386744744907
1.0389342007228133 1.9245392232910197
1.0752890462809785 1.9864484243345646
1.061638265191493 1.9716499138323809
1.0426821789823906 1.9025760206450242
1.1808849065660108 1.900191744188278
1.0549407127665074 1.9610710421200537
1.0998362884132074 2.0020476973091665
1.1256749417872534 2.012349130825582
1.0571903654536534 1.9622805598219826
1.0478633385566258 1.945409099990191
1.0468776602790288 1.9433423546453101
1.062323810958771 1.9692376960406883
1.0557245340456127 1.9589985454388281
1.1201692988015894 2.0093854325370626
1.0796237889633962 1.857566890746646
1.0432050671768585 1.9114402090505638
1.1806832274974262 1.8721677224368818
1.080105626054714 1.8569966553207127
1.0618816133901752 1.96462101248883
1.1806225997968136 1.9015272735422952
1.058425693262088 1.9578082156910008
1.0471805214066783 1.8936110730980302
1.0739866224053227 1.8631452302055906
1.1465405037471588 2.01124506264415
1.0649820744558556 1.8683606282842367
1.1623117875978068 2.0100822997293593
1.0745761059806678 1.8630720503433136
1.1794023394379147 1.9431588194239975
1.0767541928124154 1.9787088844845693
1.1329802993148723 2.0087773227924646
1.1804830379939184 1.9017512188211172
1.1150272896862665 2.002869144256491
1.090526508145319 1.988918302989283
1.0479175054893628 1.9281147015899964
1.049679947468263 1.8775370179190665
1.1765131085911125 1.9726539396284037
1.0812734514434057 1.9781187966232219
1.0489529531540864 1.8861461308443173
1.0555017483611573 1.9418350463897338
1.0860936054286898 1.9817536035642138
1.1727166581885442 1.993806265341814
1.049684989189529 1.91957859669628
1.0817859697465948 1.9774640479539627
1.0505292351097941 1.8851820160912258
1.084702678136154 1.9784123716318796
1.086534605461574 1.9796263633658542
1.0828637802359582 1.8529370698013679
1.0694062662000565 1.9616565298047195
1.1227855206248376 2.00028439416022
1.180254800829903 1.8926308211411926
1.1039145902549425 1.9916439099724887
1.1799028088985828 1.9031783975579364
1.0867303295504016 1.978450144507807
1.082081495475567 1.9741178529937646
1.082081495475567 1.9741178529937646
1.0538670465317732 1.9247575714782834
1.086340288183742 1.9771279862104065
1.0558996075313827 1.8781959464227262
1.1798744903226646 1.9037231226030986
1.1625907461247016 2.002675018116766
1.1798707698776685 1.9075626489618611
1.1222884402513362 1.9978234897231073
1.0819266695699743 1.972158583116708
1.0551785071623199 1.9226109249297907
1.1674388835892051 1.9988670223668747
1.053714757225885 1.8793732819252953
1.0888410866061717 1.9757995751002433
1.0839079714551108 1.9712855242525025
1.0570588081869092 1.9263588831806906
1.0584721820957494 1.877756492391248
1.0801645796514683 1.9661920232427734
1.0801645796514683 1.9661920232427734
1.062022165181601 1.901292872665463
1.058522860560148 1.91316286575479
1.1795001454317984 1.908498001788298
1.0953395407149464 1.856021781804389
1.136570891908072 1.9975841887544683
1.1425603795861854 1.9984314261695737
1.1454596426522565 1.997729307681115
1.1444957846529382 1.9973887629319458
1.072661457261455 1.872424904314927
1.1151845118830457 1.9884495756827358
1.096406108002431 1.976606554515894
1.0623387393633565 1.905087691536513
1.0766192739532239 1.956418172440973
1.0867115749426737 1.968260000165294
1.063281200914314 1.9304235690190943
1.0631042714686498 1.89284194038676
1.1791942855110138 1.8982498461935982
1.0921564638475605 1.9717275003468997
1.1391641411914277 1.9953973996785117
1.0626645523220108 1.9130302423119774
1.063973185914929 1.9290246656446672
1.1768795262328946 1.9532754225552948
1.0649151865631379 1.893950828502662
1.0816532947629705 1.8674119720199511
1.0647060092522735 1.9108760528143565
1.0915826467825327 1.9690040587728208
1.1740905402382724 1.9740630363796905
1.112839869491464 1.8612919412083324
1.149984222418262 1.993836682970813
1.128667466288906 1.9904027856264324
1.0649621518986374 1.912059836765567
1.1653791064684822 1.9920571220559846
1.0854391874771996 1.959668373548465
1.154426680037026 1.9926393885574047
1.0742259620070687 1.9439752640133063
1.0836427637115515 1.8668658772183493
1.1771880001894024 1.9456822669534575
1.118192940898802 1.9846787255339027
1.1299323668327275 1.9891125358294015
1.1306348833630635 1.989177228017047
1.0805487463826953 1.952567407545371
1.1000323839379365 1.9716766948772224
1.0706873473584033 1.9340252022638813
1.1149897505850348 1.9812436388985044
1.079485199087431 1.94830974706266
1.068384549922662 1.9267311364214161
1.091183515662169 1.9622673776060648
1.0836186131445043 1.9536224090360021
1.0774050354145324 1.9444470530624012
1.1517560771864748 1.9901613016176913
1.0752216941534225 1.940208777864407
1.1021334962166567 1.9714671369169332
1.1274019452223651 1.9855709649612518
1.0767758146205555 1.9423707466372806
1.1785746104460957 1.9070078270773312
1.0719727456658728 1.9030441707957548
1.105882312530993 1.9737244835371488
1.071655888629165 1.9096418266099708
1.095758353242386 1.9643802503206824
1.0762964565152635 1.9400185227156863
1.1159787904931169 1.9788148878033418
1.0709628266566817 1.9233311393974053
1.0709628266566817 1.9233311393974053
1.072498490848671 1.9277795209087984
1.1775601279730041 1.8681540703124704
1.0730329738235247 1.9313315390624917
1.0772781518171 1.939387804582985
1.0801655151974932 1.9445701679502627
1.0941328849385785 1.9614319159833475
1.0715425265209988 1.9203813700502468
1.1156228934141097 1.9767761602535199
1.0722957853416935 1.8879867887131017
1.071678846060443 1.8827807819021887
1.154945062988941 1.9866618897402644
1.0732263891198393 1.9076750226048296
1.0788390701915114 1.9391564610969563
1.1780971633872515 1.916143736726209
1.0740061888260786 1.926811765588628
1.07647142516099 1.8986577237880145
1.073351733226531 1.9184596582456945
1.074790793061906 1.9261602484436453
1.0750764108467095 1.9256582181918984
1.0996499768036727 1.9626632636869719
1.075240384692637 1.9168776833037473
1.1628889762999042 1.9845554415863282
1.0758410598532737 1.9265947583091212
1.0813302977448134 1.939556653612798
1.168599722057618 1.9803402518429487
1.0998849910379196 1.9619023474276054
1.1150817537346975 1.972829451817059
1.1765878271399999 1.9395886593763796
1.0842276162882534 1.941271981908014
1.094070345357656 1.9542973410373874
1.1460876111013474 1.9825481298732044
1.1777767685135814 1.9152374997949422
1.085382296319716 1.9421269049581327
1.1133638296521622 1.9703735047091033
1.1258838744645794 1.9769345098601185
1.1753814027376714 1.8547930326343143
1.1157237131473636 1.9712727802794008
1.0995036990608271 1.9586854102664628
1.1049677233569801 1.963147708269261
1.1578505826810668 1.9820457489043388
1.1776630198169855 1.9143770411760506
1.1047536709785784 1.962785799921486
1.1049644933771434 1.9628316449616718
1.078859258063968 1.9239814879075443
1.1067384236445716 1.9641360210899617
1.0849026293883888 1.9397569145733375
1.0924125479128948 1.9479731023802516
1.1421394811535732 1.9803163114073286
1.129761529914118 1.9767770024052562
1.1298945248602683 1.976750089202264
1.0889894103165565 1.943699885103244
1.1098218014036425 1.9657672575067147
1.1131812282063316 1.9682070743335034
1.079878521136864 1.910521359816698
1.1349675784452766 1.9780975274208719
1.0971042812436265 1.953742997810243
1.13781660014875 1.9785868971760476
1.0984237237108903 1.954455252447517
1.1040435159214905 1.9593741202723522
1.0801797700413207 1.8916483295997981
1.0907513427896374 1.9440225910168962
1.1379856228603182 1.9776725067174354
1.1717094105069226 1.8621531038594257
1.079880615366899 1.9115772959349624
1.133226900750323 1.9761451685522726
1.1581457622468412 1.9792927838436163
1.1146142497221845 1.96705039109624
1.1281197981871394 1.9738680270836164
1.1698617029968252 1.9724096217845823
1.1129989151188098 1.9647197486016963
1.1361261267792175 1.9760624020899908
1.0970937415824085 1.949553141367308
1.0801718818871389 1.8874776887130955
1.0801718818871389 1.8874776887130955
1.0854901165925404 1.9023424525959007
1.1772341922911005 1.9096914342628764
1.1697078814843829 1.9718758459160763
1.087635505320926 1.9363293471039773
1.155380908365313 1.9774322033541631
1.0920419241828436 1.9413533473141211
1.0877202334269824 1.9335415576458783
1.0840065846884333 1.9051731875402016
1.097680788881574 1.9483284325970298
1.0961755826831276 1.9465651377309001
1.0848148883930748 1.9090373363577298
1.084045663219348 1.905104773371594
1.0826511684878874 1.8893596876993821
1.1772763451435555 1.90408707372067
1.1601119154939121 1.9767157786960334
1.083750808232478 1.9079997017219434
1.1140807053002661 1.9630109424229056
1.1426868436430602 1.8614183041366632
1.1186014899634202 1.9662386389990985
1.138363117703982 1.9743558186571437
1.1706333480274944 1.8619145973521407
1.099177935178485 1.948522505054399
1.0837485342122017 1.9192384693954272
1.0837806634000993 1.9185863028283188
1.1124601071110174 1.961246880000828
1.1014625352500549 1.9510841509316879
1.1600916609993852 1.9758726713974875
1.0840385450648053 1.9190432059947888
1.087104120960617 1.927811943364931
1.1612917028722158 1.9754941409455933
1.0842995866292164 1.9181947517050557
1.1631815171660818 1.9751830944806976
1.1501252297679034 1.9751849567606885
1.1122960235323462 1.9603994718037587
1.0878860360868334 1.8974042724174391
1.0986792097275204 1.9464502040498164
1.0883049296999503 1.9289652354962628
1.1672007670281868 1.9725579841592793
1.0859745123301419 1.8907925503118461
1.0873916080432267 1.9261155433513766
1.0872276418451663 1.9267988134053513
1.1561711597003201 1.974671477820092
1.100696904708782 1.9476478856502768
1.086068197381091 1.9122464054957704
1.1447367985663515 1.9734117809708223
1.1077515006451364 1.9550517600293735
1.0862930641765438 1.919960396144766
1.08693472285982 1.9166915471082049
1.0879483900792604 1.9069305416659774
1.0898468137165294 1.8993370298857366
1.1536225647246594 1.973946386146554
1.1041715161080043 1.9512450625980642
1.0994779996518653 1.945947502057996
1.0991103547675127 1.9455297952840136
1.0865200502903027 1.9194647864498007
1.173648963780942 1.8651222504917637
1.173648963780942 1.8651222504917637
1.1684800574294851 1.9697147677986957
1.0901380684142896 1.9292145642066654
1.1766652394630137 1.9155387211711103
1.15675963394067 1.973358051269987
1.1455954405629958 1.9726054893476084
1.09034328630626 1.9024783606054767
1.116413191357356 1.9603250827546765
1.1228870804556648 1.9643589681019487
1.0881874812254577 1.894924150833336
1.0915578853229713 1.8982543221737067
1.1680389141332517 1.8621563670084937
1.1005506986719105 1.9454807534149932
1.0934407822231418 1.9353784112877466
1.0934407822231418 1.9353784112877466
1.1768227552310027 1.9074764475396178
1.1106491909016378 1.9553563536329885
1.1756934211053411 1.8677861858995235
1.1448473204232719 1.9714489059552982
1.1450489574275664 1.9715298649344417
1.089507718608018 1.9106321855173227
1.151115042673158 1.9719279198707007
1.1236751379307788 1.8531486611543415
1.1767770964139606 1.897181676455362
1.1285588056562823 1.8549955398574127
1.1691077141300625 1.9677278107732032
1.157312480112333 1.9720890773032682
1.0888429532083939 1.8946556731616635
1.0902883579545575 1.9065872655297673
1.092697588214282 1.8985318289863868
1.1206303052539162 1.8517246142046466
1.1255740993271326 1.8639654495400821
1.0907663225602984 1.8768636475745724
1.1587139134951616 1.971274778176053
1.091626725959596 1.9088785727069886
1.1588989313151834 1.9711556046373826
1.0928952039315118 1.8968243089087033
1.0900892878512805 1.917233661324173
1.1210277402473714 1.9610736372017201
1.1378104720784084 1.9688095638059975
1.1349727536673488 1.9677430642577292
1.0913295511314574 1.9225219209614883
1.0908956796091582 1.9149433289345585
1.0941396712964657 1.8979479970141304
1.1742987788222357 1.9449330393042792
1.1557451888854524 1.9703488490271643
1.0966627081494225 1.9363908568853754
1.1412461238914098 1.9686748914716403
1.1109229301932586 1.951821803080025
1.0921365240766723 1.9229410665436015
1.1469849512404606 1.8589115850217057
1.1262645894361234 1.863173770953518
1.1445021086013103 1.9687372427312044
1.1054272597670018 1.9456230989723977
1.1767518680373503 1.8929192293556858
1.0916482595392933 1.8885139709734982
1.0900173432123397 1.8773575001017764
1.1759374355456669 1.9219776098907124
1.150374565032921 1.9688600150539828
1.0936604169048347 1.9053963846290418
1.1276660313101148 1.8632884268611896
1.1630534207215522 1.9686021108652891
1.103378351607619 1.9415068974555365
1.1663293360605 1.967040018568119
1.1767212574081227 1.891703322017096
1.1177397418040342 1.9553666403006038
1.1174087096072183 1.9548180911127413
1.093723361030098 1.8901265719004752
1.1629904321896016 1.860595146740343
1.0946432577495309 1.9038824648901085
1.1141289009000517 1.9510834955844372
1.0987341368858892 1.9322781755649383
1.1374066001186687 1.9642422690137677
1.1037541025550455 1.9405037311541542
1.1126689493712285 1.9486981542099842
1.1402905968445693 1.9651093843823317
1.1649278276523058 1.966602026384178
1.10538195718279 1.8723929313229717
1.1650694328843705 1.9663812490286185
1.1196722848628642 1.9549756702456347
1.0971256393908868 1.8974858607067124
1.1694660960222527 1.9613142560659906
1.147771226768542 1.9666409727131644
1.1498353211956924 1.966728141929936
1.163480167131202 1.9665705353840548
1.0956282107028135 1.9168454729948454
1.1500466292530938 1.966418367396189
1.0953716152155928 1.9200704312573094
1.1660669349998063 1.9646541546497112
1.0956201989488341 1.9149360785684406
1.095531561999578 1.9129717327323417
1.0973836343265577 1.903193199987084
1.1068364551254593 1.8726186920090713
1.101707475666439 1.9351122189963095
1.0995965099941916 1.875873489969522
1.149169981873601 1.9651118528077274
1.1094651525201085 1.9446687971895622
1.1094651525201085 1.9446687971895622
1.1735702737216223 1.8516816402780938
1.0964550043261736 1.9144214632148508
1.0954018714020857 1.8783397871545626
1.0984001725352037 1.9031419598888961
1.1030699522251017 1.9357355376333998
1.174998622138479 1.8697381052702575
1.0988708880256903 1.9245172998597968
1.1516730705378497 1.963567966839883
1.0995996052148174 1.924325735578952
1.110309004556613 1.9423829684657705
1.138808112047411 1.8541338253773416
1.1726988873997641 1.9461292775248509
1.107784132984091 1.9391503344397967
1.1024140736333414 1.9316466028632968
1.1180619731285766 1.9486380252227216
1.101518652641139 1.9021775105650158
1.1163073593562405 1.946642718330934
1.0982873141128033 1.9194938090133897
1.1571523007156208 1.9628588036967445
1.1027608722825135 1.9004096237540398
1.1191221463473244 1.9484790565148697
1.1103164933308525 1.9406626395281161
1.175511011677075 1.9022246089441963
1.110941536677836 1.940832684452504
1.1690091707842671 1.9572462367313044
1.155850557348207 1.8568742569227592
1.107411119510459 1.9368038173330295
1.1023604235230415 1.899140411302259
1.1546476107032617 1.9617011946987575
1.0969195347992042 1.8773906163199972
1.1521305236616 1.8559264595882552
1.1039854633643502 1.90022207651514
1.1501670906234849 1.865608673727575
1.1511977233023822 1.8556767909528364
1.1613614409047037 1.9611624380156853
1.1260487837356576 1.9523057265913297
1.1493484610648532 1.8654175195383875
1.1591761631307074 1.9611608346947993
1.1652009701905173 1.9602527338946178
1.1601268435894905 1.9611070991674588
1.097893227894516 1.8849254213582065
1.1380414012381688 1.9571817625508667
1.163514779842459 1.8572591153505706
1.111848378027507 1.9394051031589947
1.1352313100030864 1.8515855900477656
1.1241566111765207 1.94964561853763
1.1516634743122707 1.9598797250086475
1.1053869052383418 1.9003367324228118
1.1335456731278473 1.9552977919248036
1.1437993988879664 1.8536422138759885
1.161078837912035 1.9599276692462955
1.099052770133521 1.877670732146972
1.1117065674137032 1.9383963940234286
1.148789299410735 1.8647184514304163
1.1353193832398396 1.8513045593841442
1.1750811196356288 1.908924123423823
1.1219044720265314 1.867280131827392
1.1428322860087736 1.9576927921368872
1.1515773109048562 1.8650919255234049
1.1713409031539612 1.9474271815314952
1.1330711085494496 1.9543298052501168
1.1296919567555062 1.9527513280081297
1.1751372634303847 1.9098362388360384
1.0989102395270667 1.8873097599347561
1.1095899663537536 1.93355426805721
1.1139452278379387 1.939761335712999
1.1690488844504476 1.9538913500410038
1.1508803769211777 1.864557641765976
1.1501046310279661 1.9578548681144048
1.0999554892739123 1.8772367642926207
1.1050648039746402 1.9064256431397484
1.1750000393057376 1.9069104532495877
1.1048576909937908 1.9169237783059603
1.1112321588472 1.9329728847699883
1.1052044646404091 1.9037635253026999
1.0999847095900321 1.886376217235255
1.1665839499758337 1.9558630815983005
1.1709059706634157 1.8527266898684573
1.138467610940963 1.954028553534019
1.1349779892299667 1.9529414602247284
1.1062158720527566 1.9166334954181519
1.1452879232014204 1.862817516947409
1.1348700169449906 1.952739145656523
1.1699217326487088 1.9496413258151808
1.1156543324529522 1.938019222136764
1.1102784896353932 1.9308940753335664
1.1707148778308012 1.9470270511411616
1.1406516507929787 1.9541145232837698
1.1428165185994064 1.9547015475987144
1.1166066729199196 1.9385739402598037
1.1343893984962121 1.9513213941825465
1.1285978443104605 1.947563825327193
1.106510339311464 1.9040596804685426
1.136727045910472 1.9526333805297234
1.1615399491940914 1.9564174039714242
1.1104728532361476 1.9291560775460843
1.1355592822544196 1.9520880413594925
1.1145436283215455 1.9353474947808675
1.1026336265445071 1.8776902912940874
1.1057366879287163 1.9071922110130997
1.1356819810631775 1.9516886966687144
1.141876654103257 1.9540193651563145
1.1367647022827156 1.9519681233682284
1.1630136651006253 1.9560017023198393
1.1354719874372163 1.9512878570949128
1.1076652474160125 1.9221345508291785
1.1451260736060727 1.9541925683226087
1.1069626003972428 1.9147725026763065
1.15322801425738 1.955344272986031
1.1280417043889708 1.9463853743661848
1.1146722677971528 1.9347325656479475
1.1680138749347502 1.9522539030605401
1.1395104948983699 1.9526079281949613
1.112085376844118 1.929973447460656
1.169926677345997 1.947560601111228
1.1325593284528153 1.9483162314627989
1.1327051107511765 1.948243675931452
1.1739831536561975 1.925706796632865
1.1100506685348803 1.9267416235568648
1.1164348845997747 1.9357333027996606
1.1127683822407985 1.9298092204138015
1.113043170614827 1.929370480105987
1.1734282528828213 1.9290755992708677
1.1359885693966318 1.9492329082764783
1.146145070508545 1.9528911974346492
1.116454408029916 1.9337741842052363
1.1471818592916159 1.8518214000534217
1.1727689790788358 1.9350860834910586
1.1070340155702199 1.8941565274078553
1.1420354198818008 1.9513408635230787
1.1504158572016228 1.9533880669638986
1.1137492264034685 1.9286998054873903
1.1545630271352667 1.8629022339052774
1.164900402129063 1.9530306098856371
1.1459284438678017 1.9515706757487707
1.112659250249587 1.8992996346953646
1.1395561339449947 1.948795922429498
1.1240724529937454 1.940388949903565
1.1122302690599146 1.9088090421994577
1.1157477419554873 1.9298245353581196
1.1530372586831024 1.9525047695020556
1.1399058850531936 1.9482177088193433
1.1754734641695879 1.8782442971871345
1.143673128631824 1.9499453831989206
1.1335573066293623 1.8678786862580297
1.174923782073954 1.888992327490155
1.1490623000454687 1.8512452242034267
1.1096370196789085 1.8887551763127504
1.1113245007036123 1.8760864374695012
1.1559146034173744 1.9511593583583853
1.1116737205165583 1.9130192143682878
1.1689940434417345 1.9462588314705358
1.1038974362952578 1.8806760299357623
1.160744123597907 1.9509438713264728
1.1458747608830517 1.9485222070448387
1.1632491322353877 1.9502784253056025
1.1490612832091942 1.8508065055102543
1.1115554341831158 1.892979616070431
1.1678707178872545 1.946788415686334
1.1143169282947365 1.9219831252363682
1.1555326883214085 1.9501725378205497
1.1115762671724647 1.8928560895472626
1.1611019177566928 1.950457196607146
1.1611019177566928 1.950457196607146
1.1600245198396506 1.9503715415887977
1.137514758912217 1.9457230643742929
1.1690739241270325 1.9446887610585337
1.1651028115833477 1.948079104382114
1.1736187939436666 1.916965952985937
1.1745801419512318 1.8900734542167994
1.1511148855462507 1.9478426648636715
1.1573143627223406 1.9484638217225514
1.168762480679367 1.9447030035132344
1.1178395035939819 1.8995819971345762
1.1410910840568724 1.9457093301988158
1.1462155934035982 1.9465257505027158
1.1753012017852282 1.8853388901587977
1.1425039760711275 1.8688632351157728
1.1664493680208856 1.9467468503516316
1.1431358120295492 1.868882123275077
1.1180225114079456 1.925656858280385
1.1156262110185127 1.8763610998718674
1.135174291220195 1.8701079888537437
1.1448048239285462 1.8690283254961375
1.1724230264214077 1.9286641835854377
1.1741448884728145 1.8955350880074129
1.120104776287867 1.9276039698567253
1.1182787706097945 1.92418037026218
1.1567055959139174 1.947270812758818
1.1290060775867836 1.8731144362139647
1.1167399003897227 1.9205557668523112
1.1279594780585882 1.8703830075158052
1.1423592407765681 1.945223325400938
1.1522202603080984 1.9466250075356992
1.1721464687844623 1.9297038516576233
1.1134648624579149 1.878653891496201
1.1606332550935958 1.947070576444112
1.118315502049192 1.8967611891817948
1.1168431952561382 1.9150905158310627
1.1168431952561382 1.9150905158310627
1.1190502761976138 1.9234214118871107
1.1180182616965209 1.9070350881116258
1.1140848530138296 1.894372030717997
1.1629555479474138 1.9465153255921162
1.11691393875357 1.8763788940393074
1.1682692749290415 1.9426915686268988
1.1186641488163598 1.9227005601095573
1.1366977069555915 1.8699046861478712
1.1139020489860625 1.8893178286466472
1.1730170523498231 1.9165412817560774
1.1189360250635285 1.9093035538603391
1.1543986238965778 1.9458196200264235
1.1245631150520699 1.9309062493793758
1.1119687024784537 1.8841483032075446
1.1312518326536458 1.9379138474645878
1.1185060722380786 1.9140906052123035
1.1678451582143707 1.9425276163598226
1.1130085118838906 1.884535129553318
1.1325979263476105 1.871197306263498
1.1597559931347308 1.9459894591882716
1.1708568551710803 1.9351169123048955
1.1730869711680572 1.914721815623007
1.124383724374252 1.9291387984070998
1.111801717345935 1.8851986246203105
1.1191888657003006 1.9084882225315232
1.1306727808589305 1.9367908579767228
1.1725889628225283 1.923137390048228
1.1334753861551048 1.8712360945162323
1.118914953860258 1.9083034735072484
1.118714102902225 1.8764799338737517
1.1746448927343958 1.8831307721547275
1.1508813996993212 1.9443685731913365
1.126275944440771 1.931067925476665
1.1461099481272 1.9428249733137422
1.1733157036464927 1.9047123607219438
1.1213184566465568 1.89927336603471
1.1191605367368012 1.9187957821957493
1.1182393373976451 1.89229420667471
1.1218994245830902 1.8993574751021691
1.1374551930700096 1.9390718259387256
1.1206060543943865 1.92066083306303
1.1507566301512853 1.9437033705024225
1.119833332212757 1.9196901526214367
1.130960491347118 1.8743520734945303
1.1213648730979164 1.9228424685902425
1.1637542376462615 1.9441251268830224
1.1239956936667947 1.9255412893369372
1.1644536225118094 1.9435633925322895
1.1330189076659167 1.9363406413963422
1.1318897574102142 1.9354760961045678
1.1744243855306025 1.8846468904069829
1.1659230220463022 1.9423360860216075
1.128238801008456 1.9303255505782448
1.1692278620008645 1.9379635370885695
1.1202699180668219 1.876414196038964
1.128201634953912 1.9308598680722784
1.1132273696056096 1.8854701605682105
1.149252997555283 1.9417721688143252
1.12374307721003 1.9219879953676373
1.1730225263829797 1.9039829227131906
1.1139971157694335 1.882170696914788
1.1737241803138674 1.8926508198251775
1.1479567402750244 1.8675776411415035
1.1428777437652615 1.9395479656961332
1.139689018344623 1.9382556304627
1.1454979713486382 1.8701981982536429
1.1249873254643286 1.9232157804769645
1.1370169832518773 1.8709959366398408
1.120753536921938 1.876158644566185
1.1725521731714523 1.910091724853208
1.1224450716583836 1.9152611184816233
1.1345304637747204 1.934859542277255
1.1250797666174972 1.9226552592786306
1.172848530501342 1.9048472498140545
1.1452108409666837 1.939715321184355
1.1555705017745856 1.9418041476788097
1.1449110948167451 1.938924755194448
1.1214077179534427 1.91170099812832
1.1169282284037303 1.887523045151645
1.1210047833331596 1.8934455893142244
1.1593577162582531 1.9414073247053567
1.1211252689225757 1.8933743243246122
1.1247030579216257 1.9098973225444145
1.1178772033638618 1.8833054575781292
1.1439576680294137 1.8694646725055282
1.1250791313976571 1.9204370592932611
1.1670459678732046 1.9388523713702472
1.1178758300529228 1.8839989045511083
1.121764573365524 1.8934350033013145
1.1388614232906316 1.8733130868133143
1.1688851821220356 1.9356594953934643
1.147061549977284 1.8665607955331565
1.1456640378061855 1.9379691931858927
1.1532527916213167 1.8675951874694912
1.1215757814744078 1.890811572970872
1.1691517581264375 1.933502601308491
1.1630219610864205 1.9405360668262472
1.1542941784454408 1.9399847238391519
1.1378321888974305 1.934212166966598
1.1691036816112519 1.9333170160473379
1.1174657237185281 1.8869770326193898
1.16471419685263 1.9394925654194832
1.1254564329248187 1.9181819960526574
1.1480791046220522 1.8698234884671168
1.1264896602409045 1.9201336756515262
1.1282467255252624 1.875012780523361
1.155416899943484 1.939817424401386
1.155416899943484 1.939817424401386
1.147627974738378 1.9378865898988007
1.171763208288503 1.9006215358970606
1.1220128670633296 1.8940937465424241
1.1281526719558184 1.9218535027313493
1.1214993973818683 1.8943327758907802
1.1221942258717517 1.8945001003073842
1.1351935979953554 1.9306599523853674
1.130147615999665 1.9249389803055335
1.122743513137534 1.8887995121855523
1.122743513137534 1.8887995121855523
1.1597172283552175 1.9391672480498192
1.1321297323294823 1.9273301570677237
1.1447272559173922 1.9363558728909491
1.1538255246267632 1.8671102797260954
1.150396325816417 1.9378805833994555
1.1379127786748884 1.9318434514636629
1.15227344531626 1.9381050325688352
1.1517130835832092 1.9379229054204596
1.1513608890347986 1.9374949665527705
1.1501131176897805 1.869702187894094
1.123536748711215 1.8887124131494164
1.1535142310906246 1.866867729727003
1.12777367899078 1.91546369444381
1.1274110358934264 1.9052868474921125
1.1283776507958885 1.896420299183467
1.1717734959651227 1.9135124010771039
1.129016815477911 1.8746120180587496
1.173773673754576 1.8871900310109
1.161102062127608 1.9377730706337737
1.1279669028593382 1.9153517430696054
1.1441414247624015 1.9344519289761355
1.1714482282320118 1.9091241159390575
1.1572602230987998 1.9373721100201196
1.1226812700000643 1.8880961946738246
1.1315074225587407 1.9013568907011518
1.1517743809692254 1.9367984504561
1.1308001790224556 1.9224150721510744
1.1670386558277088 1.9354721877715462
1.1332344536754146 1.926428458145029
1.1309133315134008 1.901853602941034
1.153903789554681 1.9367408376403388
1.1321620100014875 1.9236836353138813
1.1335583292181641 1.9242064895843793
1.130218416567423 1.9102348384216554
1.1725179380995168 1.8923758305686333
1.1712739400669798 1.9156066371471479
1.147353939596804 1.9338921275195915
1.135101123144526 1.9253419551151714
1.1472278962992317 1.9339667225433221
1.1709277023206655 1.920319374857707
1.1444143789402033 1.8727893883528872
1.138815892542282 1.9283080657894454
1.1703181397490974 1.8728343702590304
1.1712726562202485 1.913966368751522
1.1285749396426983 1.905637040572251
1.1308934078555295 1.9195413610083603
1.1423357231878326 1.931400997559352
1.1710092637746368 1.9091087773616893
1.1426328975163267 1.9309195132951698
1.131095726723553 1.9097929482797134
1.13078236750059 1.91055718344744
1.1661331032445608 1.933257889783266
1.133579960766058 1.9023085325927314
1.1658040994896854 1.9348698975102898
1.1659863645620276 1.9335063877608878
1.136349684446702 1.9268801014022476
1.1378746152659147 1.927163794009707
1.159866096083218 1.93621521112944
1.1602118621358581 1.9358903438173143
1.1494472654967591 1.932900852627343
1.1422259246018294 1.9298991458008237
1.1436050225612284 1.9306277450331852
1.171664629988278 1.9078273523011573
1.130206806784516 1.8955699998868536
1.1562408437646865 1.9333193903307038
1.1344691371934734 1.9016611531501089
1.1609348179988803 1.8666951390538675
1.1317350244820226 1.9036288887350765
1.1543789445731916 1.9329266362745343
1.1335143818977635 1.903253281054743
1.1377620519115075 1.9234766042236136
1.1638613151618173 1.9343879544925082
1.1237480425252588 1.887238190596398
1.163885770040275 1.8667391807755602
1.1473743299518637 1.9312656128676005
1.1308887531703198 1.8766754765155367
1.1338858669847796 1.9169498086672534
1.1529739625173798 1.9322989835284292
1.1714245242346248 1.9048776810870547
1.1595395020958001 1.9331826428400505
1.1636601516635574 1.9340791972114584
1.1733715012010124 1.8826534658543541
1.1469045984158468 1.9297337532510999
1.135181673660788 1.920902113204876
1.149689159947108 1.870684433380374
1.160007023443468 1.8663526883072872
1.1667560656492881 1.9315881237586814
1.1597127898663693 1.9329743415823837
1.1592412540104953 1.9329737276484826
1.152732453158267 1.8711276354515078
1.1359579360728116 1.9089336729342117
1.129525247693599 1.8909790726649776
1.1335766337966755 1.9188603021373156
1.1335766337966755 1.9188603021373156
1.125911855860556 1.8770652202419205
1.1534776881863305 1.8734300442155638
1.1626702659779384 1.8664089316934285
1.1720858347263805 1.8919581524438671
1.1337064308038154 1.9048293054124954
1.1348794395385338 1.9130465207300844
1.170395250825255 1.9094276489712831
1.1339754665107935 1.912076189258435
1.137737530747338 1.920472207557486
1.134112014997249 1.9121703636917433
1.1718820639962284 1.8921814086428825
1.152139145569318 1.8729089837500794
1.1348846180553644 1.9047785570694467
1.1346849113368824 1.9137647558684803
1.122129507076323 1.8816020709531651
1.159297205340692 1.9318777351562249
1.1512138589669783 1.9292130714236297
1.131298276730269 1.8900923788605004
1.1444573321153828 1.9260945323270549
1.1622518222628544 1.9315979486122108
1.137000809150099 1.9104692084582295
1.1701663027265086 1.9009824723795061
1.1389453562353602 1.9209120818579861
1.1493426649118146 1.927607838977987
1.1221582521602265 1.8813156093243164
1.1334908836494526 1.892360692855285
1.1514744411650768 1.9281087574367066
1.1389159529511856 1.9211223251408887
1.168300910617336 1.9244024615122708
1.1386918274977778 1.9102707241231751
1.143344680074663 1.9246832060601338
1.1246212601089032 1.8820279829783377
1.1460762238935414 1.9266644137659508
1.1524111428047072 1.9276614079040335
1.135381105171533 1.9057624106605546
1.1585122781012591 1.8733001653969241
1.170509219103541 1.9047414907352949
1.1371986637955829 1.9122699352276127
1.137256955071269 1.9123552499927197
1.1577591590383942 1.8708976862761986
1.121305825741911 1.8800217668019554
1.1522576983922046 1.8743010589892053
1.148526055675327 1.9270005503480334
1.1397593697709596 1.8968053050830704
1.1382859857978977 1.904739749573518
1.152191673875521 1.8721851861007575
1.1343619926378916 1.8934329119970978
1.1715958807383449 1.8905780246918387
1.1453710769277083 1.923216235071204
1.1628466700199545 1.8735508401301315
1.1435860540443787 1.8981576795724462
1.1401370624066258 1.8967678192028288
1.161318804106428 1.9289305057577524
1.1326114109876388 1.8945268311702435
1.1355606655707713 1.8952660528814442
1.151145968083068 1.8718552436664093
1.1336191828829327 1.8909282913295504
1.152344001936635 1.9271929765714149
1.1512170569267006 1.9254500611802494
1.1401591209756905 1.9181463062883823
1.1318263808234665 1.888310808106848
1.1340497329867414 1.8759807954668655
1.1599072796108154 1.8730225836691985
1.1534741056218505 1.927084749305421
1.1668811161528976 1.92489904850534
1.148761316196321 1.923557446578883
1.142797941946984 1.916746313150345
1.14260281090222 1.9087006887700404
1.153254703085132 1.9254942470619127
1.1445012055461532 1.899781086294941
1.1672323509462028 1.9237473199532504
1.1413302856452778 1.9144188404234201
1.1529899422534826 1.8719546575897874
1.1432782092881473 1.8983835354107519
1.1681487194727218 1.9212434096762767
1.1445714547726715 1.908882033629411
1.1512449879029987 1.9241427903883213
1.1233586022485327 1.8800780513020308
1.1512135560581782 1.8715402288734153
1.1449101296632005 1.8984899294869733
1.154363424801242 1.925853792275246
1.1692042966626077 1.9144699614379266
1.1572814224941506 1.872423444795928
1.1234438399952718 1.879989499220466
1.134512670285866 1.8770139037193148
1.1579181786494988 1.9271066095970006
1.1470161001219012 1.9008557199099405
1.1425683296745053 1.8970399769805109
1.1362686638229096 1.8906439704241786
1.1558239123361829 1.9258086101964451
1.1332391120636336 1.8892793529749516
1.1526147134578462 1.923620141353736
1.1573612864553091 1.9264954273306252
1.1443847738992308 1.9192353189445235
1.1425871120986202 1.9129789282831413
1.1365194643963425 1.8948312925898432
1.1578714793980502 1.9262252591610596
1.1543322224209316 1.9246877142618328
1.1505528540169025 1.922639994968535
1.1449144050762698 1.9144783121485947
1.1595031148257826 1.8724067420549195
1.160619809087528 1.8725172712668405
1.1455705807897512 1.9148505504128417
1.14084712309189 1.8956997726100044
1.1421458351634703 1.9037908058462438
1.1464163963884162 1.9161462744471032
1.1464163963884162 1.9161462744471032
1.1488805697616844 1.9011072151915185
1.1427999343902326 1.9111696712263457
1.1478694238228424 1.9010026652042433
1.1437580175207833 1.9127338404350636
1.1465557171259606 1.9095667861564984
1.140333263204089 1.8955325228484123
1.14494901082698 1.9128168377020192
1.1496502045938533 1.9165908382311347
1.1298800160592166 1.8774118296933433
1.156526805502749 1.9237297354180407
1.1468229485326256 1.8983530863312015
1.1540770869452088 1.922482624068319
1.1429500101586276 1.9080308486112338
1.1567456661278084 1.9238756557287409
1.1551133492877628 1.871484767161188
1.1469010603023821 1.9147320911474583
1.1572576397858185 1.9237799261296733
1.1607388790099875 1.9240696445280716
1.13419247848675 1.8785279329113451
1.1441200120643569 1.9062681861788073
1.147403662889887 1.9175417011662224
1.1378486328784259 1.8942444594136194
1.149719372718033 1.9163392847420635
1.1458390367131264 1.9044616613108494
1.1432328516829806 1.8957990332655155
1.1482085725847235 1.9197598945960876
1.1689797571655074 1.89747995201588
1.164810273303253 1.923022164578874
1.150001514513174 1.919880234399155
1.1647343489159423 1.8740985303127844
1.153690180815952 1.9165279079224204
1.1729938674097138 1.880351126600516
1.137795076349833 1.894442084481585
1.1488973648313718 1.915461029323783
1.155323142475079 1.90050480928233
1.157323612873679 1.9224759155146982
1.1689172432832895 1.9043076926002238
1.1467017268925883 1.9048041586183095
1.1468156255024105 1.9048051747034185
1.1504451002867655 1.898763964144654
1.1468450201820954 1.905199138955311
1.1536960276156067 1.9163871565404698
1.1499910183534474 1.915846528188883
1.1486268162480426 1.9068555001811198
1.1489669503249302 1.9084336873420809
1.149919218391104 1.9180864492774423
1.1521446008674163 1.8997040427578558
1.1466448568027134 1.904232153637152
1.1396339604565815 1.8947091243607344
1.1541635657779143 1.9001517921880073
1.1465778675005118 1.9077212595580997
1.1673290968261996 1.9019837423888584
1.152188402953825 1.8996549802815157
1.153166872587482 1.919836354191181
1.15150268335805 1.9192006022337442
1.1645505874403344 1.9214934103236518
1.153577674715028 1.8995039164964052
1.1709993619237395 1.8883433714348685
1.1519088349735953 1.9154992461021172
1.1528906545149096 1.8994406230401712
1.1338265595388304 1.8874220337748646
1.1672022856442708 1.915413829985244
1.1557222249988577 1.9200226028267982
1.1268249145829508 1.8799792046490746
1.1559881010831268 1.9202042547314284
1.1535008590195996 1.9013886719691488
1.148551487767099 1.9038737415648102
1.1533695221403768 1.9146832589895464
1.1642884737621362 1.916566891558897
1.1491388790363184 1.9066848597281754
1.166389959295648 1.916098786036307
1.1353711662067427 1.8833166243026978
1.1270157959479075 1.87996159712195
1.1653019421279873 1.916423843548973
1.1541125361248685 1.8996197988582069
1.1655295594808053 1.916714559979867
1.1646457411384525 1.9208005829381893
1.162557917347756 1.921520729686042
1.141852353216934 1.8929371516199198
1.160372841566621 1.9209063668629853
1.147427937264627 1.9056198342496369
1.1549905297710936 1.9156042918896654
1.1553804072147678 1.9087435845040897
1.1698488707121237 1.892260332379775
1.1523952654083438 1.9106935944503975
1.1525123060254878 1.899076713644254
1.1550101411719766 1.9070386688238272
1.1558637891809773 1.9154721449042724
1.1430595422687875 1.8920844439257427
1.1532693841805406 1.9127845650067636
1.1645371227639814 1.90067890502209
1.156724206881198 1.8978928434328397
1.1507257842047658 1.8965747565228601
1.1593266499881982 1.9008780734458846
1.1568207951613136 1.9000532929381124
1.164084341783952 1.8715184214648661
1.1575595073329574 1.8994739716608506
1.1458532494637066 1.892459581971691
1.1440366288080108 1.8902944109453041
1.153124493205759 1.9126641000118687
1.1609562213496711 1.9021865294182447
1.1521379967077463 1.9040874927879365
1.1652045227465784 1.916002789346976
1.1615453928671633 1.9197430754645763
1.1648212144356678 1.9149005716118328
1.1516288751301975 1.9117472385286367
1.1478176880406699 1.8745226693998176
1.1636625022079303 1.9089100339814744
1.1606764708874944 1.9176154447442615
1.1453853535482834 1.8765667832107003
1.1624486004488952 1.9002408398061126
1.161312454866221 1.9009461641035639
1.1532842280755031 1.9114229672180136
1.1594909315397244 1.8978350892696776
1.1663546396457685 1.9123390295428877
1.1620241432986704 1.918860994140236
1.1587416859543125 1.9098372702991249
1.1652011160826459 1.9070288187520559
1.169026991450362 1.8924885299822922
1.1514301702755914 1.9078072379842186
1.1493499403501202 1.8745633532919679
1.150230096620556 1.895660330240294
1.160668706518283 1.913258365703351
1.1696791226948127 1.8756533164646876
1.1641033694915008 1.9152287334601104
1.155200669834351 1.897226429549917
1.142613443961177 1.8943327876340266
1.1625468241472243 1.9026983376638948
1.1651553460726431 1.9069454813042173
1.1458433248160977 1.8932804746524983
1.1444796418609515 1.8917505906608147
1.152645354813638 1.9074828211127932
1.1638105113766373 1.910908147400887
1.162436169757459 1.9142770981781976
1.1589590878108074 1.903263985359268
1.1696156923036134 1.8755679853646043
1.16202156151362 1.8976885021146368
1.162021821175263 1.9107161876446495
1.1638708405889062 1.899291916913955
1.1623655831375015 1.9131740323560227
1.1310300828812603 1.8812003763789464
1.1409803333158761 1.8881034762476048
1.1462734292149577 1.8764200360900438
1.1395144724710338 1.8783278238194345
1.147023425698805 1.89335488123244
1.1587510537045358 1.912562387285487
1.1420318662044926 1.889322174213384
1.1301456560464218 1.8800510826009338
1.1506719309103022 1.8954477277969266
1.1476186233394028 1.8950020121765374
1.161373834835076 1.912241143558549
1.139794728328344 1.8846873187919675
1.1386413485579856 1.8830472056969738
1.1582825937307306 1.9116043618425964
1.1563984549692232 1.9057764002906463
1.1551454081344483 1.8961342653545412
1.1584958978041202 1.897220605246306
1.1584958978041202 1.897220605246306
1.160990517799437 1.90539910983799
1.1373754783488663 1.877564351067049
1.1589381258212872 1.9040309974704277
1.1308404725376129 1.8792713980517433
1.1304466514572558 1.8791544159032498
1.138777846271883 1.8778989344729524
1.1581044849880908 1.911614596185335
1.1594750324385015 1.9077049471267649
1.157709238559089 1.9072175729176022
1.147913694479774 1.893156561494705
1.1518298463931709 1.8923620294702022
1.1415677337666228 1.8834945311733335
1.1610675238213162 1.9050052273306541
1.1610675238213162 1.9050052273306541
1.1583444090696704 1.8751110138829528
1.1647198583679286 1.9057670648580214
1.1603694300741336 1.896390655408521
1.1510827922218079 1.8949231412978
1.157151256864235 1.874835832386808
1.1411678777540213 1.878065831285447
1.16216285078597 1.8962659627974943
1.1646281632633595 1.89613096145874
1.1473180412130424 1.8884405500324024
1.1404985080269332 1.877746640202884
1.1547267326617898 1.8950230304728986
1.1536169417636335 1.8766948278851725
1.1623036111837841 1.8957470487094896
1.141214652115322 1.8776823671929632
1.15719503977271 1.893591940337001
1.1577028777860572 1.875805222647141
1.156713463971193 1.8756341612313276
1.153376532753876 1.8917432660693259
1.151082771207307 1.8883720767247145
1.141658508812207 1.8850376714114394
1.147253872911376 1.8876408563045026
1.1492487422616313 1.8879958188421069
1.1578535626321371 1.8890798819173793
1.1664241074212909 1.8755321931758562
1.1541893012530378 1.8759443306628187
1.1568888285717167 1.8944234111717164
1.1595255439368106 1.8947179614714216
1.1655247934640462 1.8755237543914487
1.1574004618017173 1.8763665410365011
1.1553016677711936 1.8913239340571777
1.157903167523518 1.894427872888888
1.1624459605188364 1.8920209646625763
1.1595562475993826 1.8917854258596605
1.1547371031038658 1.8770210040453974
1.1531722097354802 1.8768219056028657
1.1630003182428656 1.8919652269628846
1.1466147857976576 1.88603081134676
1.1374714345171464 1.880903074748807
1.1424506980999825 1.8820744201871749
1.1453432429289503 1.877492387642361
1.1587593234944873 1.8892420244806516
1.1462953647664864 1.8826802923545278
1.1602902494839153 1.8898905663373817
1.1590581903092294 1.8762975513313909
1.1591219576150382 1.891118184606344
1.1485758208458676 1.8867719541350318
1.151017924645765 1.8877125227928837
1.149420324124712 1.8845524782350946
1.162674415174924 1.8945569060430392
1.1472276759938624 1.8776593710241625
1.1575637092042395 1.8893687698322437
1.1485038075414902 1.8865666379684054
1.1398082608211286 1.880327940128427
1.1526925554745722 1.8783865493054603
1.1500234776557279 1.8872866456774209
1.1526767070352164 1.878234706259519
1.168730660534522 1.8849135715861662
1.1486683195201643 1.8863347377825186
1.156757491585211 1.8785858043669283
1.159807889656228 1.8767692511095886
1.153905076567766 1.8866739272045248
1.165575756313821 1.8879426454255706
1.152917605107994 1.8865249211295754
1.142654341566513 1.880952695571233
1.150513034919202 1.88548058107563
1.1518500821588549 1.8824247671566825
1.166625148195482 1.878006537408106
1.1584894940042767 1.8779075614925158
1.159372073780447 1.878002283120169
1.160263519845712 1.8866452540386662
1.1569129457266214 1.8822760498338595
1.1526759735190724 1.881516197007872
1.1632270103703413 1.8776330525077782
1.1486448265523759 1.8792221605850508
1.1510191633706919 1.8810590750264051
1.1528279562528692 1.8788262169860286
1.1562917931528378 1.8807588852186952
1.1494743943628238 1.879850906844232
1.15044749054228 1.8791874230438792
1.1555235321802138 1.8805163184746767
1.159762407260023 1.8817452102416299
1.1640184102309652 1.8787648448094696
1.1638047366095816 1.8817796964143392
1.1650440449338122 1.8816216960131178
1.156230880465806 1.880294059325468
1.1568693148293034 1.8810333353152389
1.160854425232232 1.8807547319961428
1.1582114858066 1.878881947920662
1.164934149074528 1.881330909841064
1.1648015518841697 1.8812099658821468
1.1624732001723035 1.8812741040267749
1.1606690385789213 1.879492833948637
1.160525398570432 1.8800620452238925
1.1598694071336735 1.8798587358664605
