mu sigma
1.397426747559014 0.4235348915153196
1.246056448292106 0.4344744822544624
1.423009779584317 0.38315929511805563
1.234451169659874 0.41227828088189283
1.22919767984573 0.3632088346483439
1.2634674647935036 0.4019551809410202
1.2413089926626872 0.3817826174873289
1.4367884431867992 0.35972577207130124
1.501231235727253 0.27062588301549007
1.3430835157224146 0.3875654624312126
1.474689455309679 0.2075721704415908
1.3592596651490445 0.3825193308893502
1.2909585813224203 0.3846186106588721
1.3051110048376424 0.24458606427660826
1.4834722955205013 0.220094146051623
1.4416104706776824 0.1880608829554105
1.3785742280405677 0.18575747416699973
1.268612592310955 0.3597687240397819
1.2976002807495886 0.3774865760701919
1.3018229830346 0.2529288448958884
1.4733697688005973 0.3124960345363864
1.3402753156143448 0.2103629985902178
1.3495911183249099 0.3741519054926654
1.3421504419172112 0.374661765203009
1.27544015762714 0.3480727457569432
1.3959710129362022 0.35998537746182374
1.4878277563229716 0.2807156206752849
1.4393574845517811 0.3371222149622359
1.4158067195679478 0.35001171454880803
1.2963602649053185 0.36499047015041725
1.3130594467418533 0.3698932471107876
1.4133895160421388 0.18496593400558245
1.4033681433723442 0.35377005278141027
1.2899407003306502 0.3572445856774514
1.298519412561003 0.3625749120935389
1.338832597595486 0.36813621985487727
1.3410703484621498 0.36624229855925117
1.4404614958472495 0.19301059202346812
1.4533923211932929 0.3199097163578949
1.4620009043879958 0.31170094653582664
1.3327707275585925 0.3639231504909712
1.372280962486103 0.35921892098687314
1.2849621938814946 0.3299480123299754
1.3748300557112114 0.35783638680073004
1.3139853143925828 0.24868791685608932
1.339773636953404 0.21761998541786923
1.387239201211781 0.35261793714834183
1.4604780554898036 0.20796431690063433
1.4785579184334963 0.2347208247894829
1.4380570872192626 0.19557158232611377
1.4545769370200259 0.3107875941626543
1.477324079944922 0.2787849317608073
1.3621406040005823 0.35347585529688463
1.3297582957004188 0.2333499518946981
1.2964781254944981 0.29938456613035236
1.3344582230069157 0.3517328679827297
1.4582763261726952 0.30405090508087995
1.4764895455943283 0.2369931464367151
1.4525170810355887 0.20581431918771634
1.2981112889812672 0.31095231766051246
1.457343083837467 0.20971110343551302
1.3061500703976403 0.3352317443671794
1.4456474543520221 0.3135849245927589
1.2996352365195318 0.31367760630613567
1.31078660638565 0.26864468959521803
1.3933083530931718 0.19277295626781532
1.4025162904665067 0.33753985009222487
1.4694217533026346 0.22524423995894988
1.36574576852365 0.34661781555925003
1.4407604578447595 0.3157731974403622
1.4573818747032696 0.2114270207165108
1.467690915927483 0.28650802521389096
1.40548755427023 0.19259139714395354
1.4761961689139673 0.24677427331093277
1.3513698708353008 0.34497098550544547
1.4343286617818007 0.31766436709971385
1.4323438987873076 0.31795429990270496
1.3272025148537145 0.3373702002756278
1.3089788816123809 0.2866313912942573
1.3101420186074326 0.3204806553656598
1.3095960485215703 0.3182366482396435
1.3072404989885547 0.30098176402899984
1.3137849688746697 0.2728958162227767
1.465899438498392 0.2829836628607703
1.4445252026117363 0.20482281996873436
1.3111917745031496 0.2819254507552807
1.4482994289315472 0.30406713306792643
1.3157425994759029 0.26941576334943645
1.4113433145751149 0.19449978664494574
1.308284642328354 0.3064707334771359
1.3794296178618317 0.33760178803525237
1.4523639805752433 0.29902380828408887
1.3362882686971678 0.33737713578012973
1.4249113491549288 0.32003706314184754
1.4151694152323517 0.19530718355663168
1.4094973812203029 0.19493294163850006
1.309573189385121 0.3028619731411302
1.4204023067300926 0.3222680184397222
1.3372657014461902 0.2343527501020582
1.469913288560349 0.27041960791913044
1.3420481355740774 0.33788021674670554
1.3255331901066558 0.2524014156515716
1.3987222687826977 0.1956737560367452
1.372177808594877 0.20411611052271048
1.4530072389343593 0.21260821155761495
1.4683861446690625 0.2338961559621572
1.3166876156097238 0.27272283727244945
1.4101909252045406 0.3258036966662047
1.3520429418925406 0.33752146246542714
1.4715589640045232 0.25060765843315663
1.3214032744000899 0.26267743072725164
1.4174692792945156 0.3214767902864086
1.4681247168639602 0.27018912831894093
1.4228443367541714 0.31851889941158296
1.3382413448722676 0.33357826023554554
1.3131132481238068 0.30309783369343934
1.315367501598297 0.3114727167172246
1.4677664738459164 0.2361580713064518
1.3253153987600594 0.2569302586299495
1.3210619485224389 0.26638804133249866
1.3602019958297649 0.3351369089904519
1.3141032802600672 0.298093612831411
1.467070828494371 0.23527207577397688
1.386049255156145 0.3313879426655109
1.3307623171948744 0.32767187617722654
1.4324135125058568 0.20217781525634382
1.3954635620898184 0.3278007014493958
1.4685587842775778 0.2601372619291336
1.3488625103911118 0.2250305383436211
1.4661990676278776 0.2691345049540192
1.3311116559667822 0.24940052522089565
1.327660274118072 0.32262573060726796
1.402039507027538 0.3248951826313164
1.3686892710828036 0.3321052357141827
1.3372542304060817 0.3277339946037935
1.351656090086951 0.33117485357214005
1.3323622789917706 0.2486845551045684
1.4678890746525606 0.2556620124094971
1.3463977188504481 0.32957428732780714
1.3708206584569664 0.3308787250453452
1.3249342789887106 0.2645777029219181
1.337315513592469 0.3257681214806537
1.4415708787539616 0.3005364993129005
1.3337830815007874 0.2472997920020542
1.3545063493103893 0.329894657440325
1.3420252896724434 0.327039522477058
1.3293386747899376 0.25640202417036473
1.3247020090234178 0.31296788644587475
1.3196558736364161 0.2932167833463526
1.3512095613039725 0.3284826081498838
1.4444218900402936 0.2966436111643382
1.3887472002221648 0.32586646945752046
1.449541261572491 0.2908813397984384
1.4605733797990612 0.22955170678864348
1.408153335292015 0.31898037607181023
1.4570372662020978 0.22421755668929774
1.3211701457706646 0.2953518540491463
1.3423689257873468 0.23690768313012378
1.4105429250549408 0.3174381156402924
1.3804306569681328 0.3264935866139996
1.4336460912944298 0.30416075012460475
1.4621493712609144 0.26846677699747523
1.4340764290952408 0.3032720842447042
1.368361533438872 0.3267097939977475
1.4615375448615011 0.2349189782416385
1.4054040019715175 0.31818462447229895
1.3233058800463826 0.29216335062025695
1.3272153828376583 0.3072899927453281
1.326792736999298 0.27013868893255205
1.4168630114582008 0.2011913470383826
1.325566699128017 0.3018972748068105
1.3278156402847758 0.26834291745513783
1.369330748398931 0.3250679710529767
1.416815791175761 0.3120557979341237
1.4255844237699302 0.3070345836115041
1.3692583398759492 0.3247016508932485
1.3583314788844632 0.32417115011835945
1.4053503005408088 0.31670998203430617
1.393948928886303 0.32033023450613746
1.361520164748211 0.32381252175725644
1.3692664973298074 0.32373912204894384
1.4581696399562567 0.23110286408843284
1.4045380700232908 0.31618139248340066
1.326110026444613 0.28446974127240987
1.4566514721613857 0.27397178911400205
1.3276823548912513 0.2961493637689673
1.3343236780467704 0.25698067504808736
1.4540966861215598 0.2770807014247251
1.3424339612073464 0.31607666606280527
1.4213402193491262 0.3069730571187926
1.3897937573845471 0.3192818839455401
1.3278841505800463 0.28127988546284083
1.416843625233629 0.20304904846849298
1.416843625233629 0.20304904846849298
1.3711844052799842 0.32154329384050995
1.4463494249960753 0.21732602612528815
1.4110669934499702 0.31155554960107157
1.360348963426404 0.22183656547573244
1.3840774928384922 0.2067752900748232
1.4393433149037569 0.2121411197864225
1.3636715636456092 0.3206950918644247
1.3619230204488837 0.3205246284698982
1.3318760040742395 0.3024550658196399
1.3580487799746965 0.3197679887028588
1.3822587819026935 0.31960834538955885
1.460697267556569 0.24779947825597862
1.3953973115194527 0.2039357472042393
1.4588316185307244 0.26222815722694315
1.347430059618233 0.3155708789647529
1.3294005963486613 0.28338738097730315
1.3967331561704177 0.3156580196113589
1.3497238455995595 0.23444068008570643
1.3322431571722815 0.2998305911787183
1.3704892607464811 0.319715920338869
1.4273908810381415 0.20680939241993546
1.457552729531069 0.23599515744195199
1.3603323513785877 0.31853201591883956
1.3433359854975018 0.24444955793077977
1.3495316667597195 0.3150850551147655
1.4586170378952477 0.259793631771034
1.3437937765895316 0.311732397201391
1.331171686906284 0.2913546184014673
1.459269404932955 0.25080239197054094
1.4052954641248232 0.20375324959193705
1.455999389571313 0.266705142535379
1.3455910829389999 0.24183549852394964
1.3941034141882085 0.3149124479407446
1.3938381805713556 0.20527399911838554
1.3580976720725946 0.2266436773798733
1.4502434802015973 0.27655302292131634
1.352107456040038 0.31336579262770586
1.3600382805606301 0.2252349504114406
1.4483918039879553 0.2784519383416633
1.3490942230972118 0.3113569450661341
1.3521282420358471 0.3126300396019683
1.3739716051006434 0.316131309953209
1.4002955915675737 0.20512464846978823
1.3849227194057145 0.3148957019469581
1.402230581679186 0.20497504487673177
1.4526218786665017 0.27021655952052925
1.3335062260356785 0.2802088131126943
1.337085353815385 0.2629384651257662
1.4036537035862262 0.3096121280691559
1.3341906607272405 0.2780228640277208
1.343481565086598 0.30508562311543186
1.3859273664291478 0.3137011321607605
1.4007171541555934 0.20577533385963626
1.3445469615863699 0.305376044757339
1.450704355903469 0.27172714988089713
1.3359178828554712 0.2905922520709841
1.4094114652867877 0.20558719813147167
1.4045592076129148 0.3082167781708899
1.4417039852800408 0.2837759636868874
1.4352730006209136 0.29000932185996736
1.3792433189169022 0.3133979520809969
1.3400881379948237 0.259092391223465
1.337326631163163 0.29195688802256153
1.3850734162500786 0.21021394525998777
1.4373162070614238 0.2874506251433298
1.4236054475566096 0.2980099094594553
1.3396518074434862 0.26113594994407957
1.336945888667651 0.28877894935199866
1.390588346944213 0.20847687665715942
1.352272466145092 0.30828118815918665
1.4247149127209298 0.2092949759510815
1.380478114927775 0.31247338101053285
1.4042800418755872 0.30698881728535365
1.434868861191229 0.28905623934729174
1.4359161260368167 0.2880069007996567
1.3369205213958426 0.28128940015252185
1.4484466040929966 0.27247885027223706
1.3821268920704712 0.3116914835878877
1.3378469010856526 0.2863183744538299
1.3418270738869298 0.2578769083789908
1.3378565630001351 0.27407513195295413
1.4406764266013772 0.282179063142018
1.4208263700649995 0.29800714257755423
1.403366848327559 0.30615493086223006
1.407214623240833 0.3045427278435024
1.3612618511359087 0.3092552573677751
1.4382278569443638 0.2177723950262358
1.3392397114260464 0.2699107469381463
1.3550593021614339 0.23580910170437283
1.3623421203564745 0.3090587420799604
1.4531187346816794 0.25694414038865926
1.4454248968625532 0.2745067004367086
1.4009141927466024 0.30595030045790417
1.4438579217313765 0.27629716532158294
1.367980968898369 0.30905337169524333
1.353060388724897 0.30394331246369183
1.4435985951551817 0.22403898179813223
1.3962159341021074 0.3066190043403301
1.3408727159540463 0.2865839304344835
1.4486177124723558 0.26753216918776757
1.3550108124187268 0.2372318502375794
1.3896050897068173 0.21084336594008288
1.4522760627978797 0.24221189090266865
1.3618204800301477 0.3071315179039945
1.418857286771201 0.2096800482636622
1.3439359634449333 0.29297624166463077
1.3470214255805149 0.2512468953502151
1.4174384276547367 0.2975864177965847
1.3633632184696263 0.30714410619435445
1.4395558776555606 0.2205593140762756
1.422055923873907 0.29474180456611376
1.342800047688476 0.2629403266088351
1.385061037191071 0.3079491307104425
1.4524285177523333 0.24830682530515222
1.4490123972409612 0.2649336060668756
1.4523353774107601 0.24790918799759828
1.3450746741588633 0.2933129685186059
1.4521215330161799 0.25052568075151793
1.3772432384574893 0.30800486795975557
1.3620341122590558 0.3058011972642337
1.3660826913898918 0.22600428572273917
1.3433988382142683 0.26343555932494334
1.3653207452231308 0.3061781386835588
1.4380113677064328 0.22017610367217552
1.3883594816949953 0.21235139676370304
1.4058336982499502 0.30130625699343483
1.358400638629155 0.23519511707023155
1.3813926077965646 0.30657841470189656
1.41136418658981 0.29873205500858496
1.368646585974963 0.30574322699638123
1.4014721794133769 0.20969979433804917
1.3925443987784047 0.30470973560413644
1.353957599270456 0.2995372690085091
1.4507491829667543 0.25074550323182876
1.4503121831845185 0.24351437394120373
1.444432937388496 0.2288504025406446
1.3464841052037355 0.2898102437840386
1.4072666814959245 0.29972884052549204
1.3686091879078832 0.30431848867229044
1.4428532055768892 0.2713854154651038
1.4292692148608586 0.28625072911113275
1.4475363067211586 0.26168756943339255
1.3632066312342077 0.3024054130529554
1.3950305360646844 0.30277944466175666
1.346748490466457 0.28742163500244894
1.3653150314170626 0.302927996176557
1.4487216187914451 0.24028926705360906
1.390898599236188 0.21281986792512628
1.438287921905716 0.27692767190110806
1.4266154887515063 0.28782780247145645
1.3740552487291124 0.22163818482971145
1.3609136411225013 0.23424064352336044
1.3774067375157166 0.3043341246492252
1.3609251503559374 0.3002921336190548
1.3525774048015098 0.29435857224439166
1.4486197521497854 0.24272028957131217
1.3452530610252345 0.2735185019888639
1.3711000544591476 0.3029814502579508
1.4381876570784038 0.22357206965214818
1.3647372151377444 0.30113627970106016
1.3494031807963396 0.2883959275987953
1.3602633515453855 0.2986227903186854
1.423979444781363 0.2882210837989871
1.4278739593910994 0.2164596151407715
1.3791669038852308 0.21927719326070733
1.3921745866375284 0.3015915970031665
1.3836972638112037 0.21680030212685286
1.427609947690009 0.28535391075752237
1.3492425852731231 0.25739231412448593
1.4381653964787282 0.27480991243342895
1.4478347281639135 0.2536529191458007
1.3658275019634782 0.30062683175159527
1.3470020519240895 0.2783568183943682
1.4200217935982207 0.2134937874975003
1.446991697445386 0.24118503046554918
1.4469129160718812 0.2413390943145888
1.352164149174826 0.28977859375765097
1.4151480975675488 0.2126660970102607
1.3487605473562514 0.26171273694648894
1.3507539804998 0.25546873085734767
1.34777479205498 0.2684612035928189
1.4069809920362137 0.21200285165093025
1.3696207609664794 0.3002604478618484
1.440414173279216 0.2699941295550365
1.4147043036002076 0.2924091931688878
1.4406003779689898 0.2283908353242531
1.3970667551017455 0.29910717951556176
1.3735603306920874 0.30075749790770684
1.3685991203244519 0.29963213167639136
1.4391469903014125 0.2715174073319318
1.3495368516321538 0.28261559005056436
1.3848796940617945 0.3008870039223863
1.4309527941139346 0.219525998443963
1.3715738056070879 0.22612575135184956
1.4087285556433216 0.21239952912938423
1.4415606016719105 0.23043045123879177
1.3538448573030388 0.28946328547634037
1.3507602149169151 0.2833711969181173
1.3563100967492017 0.24576584759717474
1.4446323880853293 0.25906794241250325
1.3900619601427464 0.29952855724877864
1.350144134278573 0.2616968369053069
1.445601041067247 0.24189284072190484
1.3504644871615161 0.2813323766034985
1.3646809720934157 0.2967833451599312
1.4388758748725379 0.22783646621844572
1.4234916362278267 0.21633843954729662
1.3697092334378669 0.2982801593023169
1.3493690691473943 0.2709222621654003
1.3749945039379323 0.29915526199979864
1.3855155812957267 0.2993920173625233
1.4069323798895772 0.2942062156631016
1.3521242060494172 0.2836472340531999
1.3617844980314837 0.2938338801169701
1.4184018873914337 0.21508679798378844
1.360036602162555 0.24135731742748254
1.444866135282295 0.24292048246860054
1.4013809444343326 0.29559728459603507
1.4246289636852012 0.21752563755816937
1.3887198416668605 0.21699393499676986
1.355490357686541 0.24985716192382706
1.3582119719123849 0.29049396646207126
1.4117885133237635 0.21402024891596289
1.3552812142787394 0.2867978498047712
1.3645025418407077 0.2946123473242861
1.4358468565200428 0.2723121325703567
1.3513139632890918 0.27641153323774875
1.3633820644928627 0.23733586771419074
1.3539486350241317 0.2836674602135759
1.4139048585315823 0.21462136422083694
1.3567201426403168 0.2485720793804863
1.389644254055089 0.21714661322474438
1.4433547312046544 0.23952511521725287
1.4038668431275982 0.21425929941345498
1.3597303675417178 0.29009759309228306
1.44175022056506 0.23573615201998602
1.3518756053763672 0.26663475927852054
1.3941248645015274 0.2959907220288077
1.4415680622211458 0.2605674358190451
1.3832344116708286 0.2205574807582199
1.3523598731129405 0.2641606446841619
1.443719547008823 0.24508934759615048
1.4415538025761598 0.23635197522501888
1.4369311547490378 0.22852613787467557
1.4401958751745934 0.26297073328807763
1.4436731730936905 0.24943872492237507
1.3596713193066807 0.2447107749403191
1.4416172302446126 0.23714763721123827
1.4141022999182957 0.21550353629002386
1.4161784842544805 0.2870857987050299
1.4394110885497653 0.2639365492665525
1.3707303191246087 0.29459345065462356
1.4138166237190826 0.21576587188877377
1.411464733456282 0.28905417568872427
1.3564561086677522 0.2530601289895554
1.368923146071259 0.2931876219052186
1.3534058218553244 0.2661360866309148
1.4270046880930178 0.2787021845807639
1.441515052611491 0.25719390652967866
1.430299861229556 0.2754926044495363
1.353453424550026 0.2677639162699847
1.4010801371722525 0.21560616776224586
1.3955450428325715 0.29423903391860295
1.3910316710636812 0.29500990111583963
1.4133362108910537 0.21593013399105582
1.4077384412685694 0.2153673750912808
1.3535888276702412 0.26685654318917607
1.442207128199378 0.24224636685111708
1.3848397168192643 0.2954141391769325
1.3604096074301686 0.2869856272418921
1.3586207917524702 0.28480512860262186
1.3692415897725634 0.2926789268379822
1.3617342876402485 0.24318537295779272
1.3862140888290595 0.29502833735406403
1.4369508662494255 0.2305844676703383
1.3592686959589337 0.28510674377807477
1.4176186818282792 0.28489324386640863
1.4385577426554454 0.23334773595330507
1.3889448631645815 0.29458607677951937
1.3544750483383812 0.26463124705505614
1.3839455471173063 0.2946915749050714
1.3728580459675945 0.22995221530004506
1.42523659938514 0.22065242683464278
1.3957458961873153 0.2171704777918517
1.393965810611839 0.2176573796616588
1.414773881458157 0.28606626995500956
1.3567054104185012 0.2791239992640002
1.4070185277031146 0.2895715181655925
1.4002724538723008 0.21662498051895068
1.399641172476118 0.29179927812309114
1.4411850238887212 0.2520536788181152
1.4031136680442586 0.29060577825742556
1.4350152506709528 0.22948075219676903
1.3658427535582147 0.2889556760124798
1.4316470972124118 0.22588780530724456
1.3656025098954756 0.2391437324184571
1.3774229666868125 0.22682488413627663
1.3586276152896402 0.2519697682083306
1.4235216281765042 0.2794372170424638
1.408487165801363 0.2883299185159564
1.3963882121648976 0.2922214809819769
1.4239349452017747 0.22072622518415508
1.3646769644652093 0.28738587928311565
1.3574491814137042 0.25654103403488143
1.4021695435413148 0.29025181841659764
1.3575272029552192 0.2569904714173277
1.3694122646430715 0.28970923995720105
1.4200299184798804 0.21940198829935323
1.356507961624235 0.27228864704864086
1.3685181736912666 0.23624761603129532
1.3915472350683284 0.2195357914781696
1.4152897444884502 0.21804335935485267
1.3572107566879505 0.2744331339557131
1.3772497621714779 0.2918139967773541
1.4199557149434763 0.21959613637211248
1.406502610046446 0.28813260410885144
1.37287471399407 0.2905785016043087
1.3737512428436256 0.23096168190809008
1.3617802553815472 0.24718084320428035
1.3885115998916522 0.2210536047062435
1.3582093157683077 0.25680347403865705
1.360728082034841 0.24980935636667845
1.439107026974706 0.2550075743662816
1.4379823076303047 0.25859443359389145
1.3582511671929653 0.25741792220179294
1.4226802471130444 0.2782956253359568
1.358214268445923 0.27464352265592934
1.430786516117296 0.22706726260027518
1.357475299629082 0.2642050130486967
1.3989265506347421 0.28975140140100375
1.3952270259122344 0.29057738113863857
1.3821304697504868 0.2250943744731582
1.3582870377309209 0.2594920604816533
1.4381180686439732 0.2388206544480183
1.3586008699570178 0.274064650574875
1.4365946408431358 0.2603931356650675
1.3718847367152 0.2338945113580096
1.4309550493231298 0.22763898318396172
1.3607137817426471 0.25218955516362834
1.4290159445572705 0.2261079218705366
1.4349937454262855 0.26302572482075803
1.3679364588452216 0.23917807788805795
1.3619754535863544 0.2798673487472138
1.434675810745555 0.2632396509890372
1.4296836561118549 0.2269710527267245
1.3709354101133095 0.2874688424881621
1.3642827374557032 0.2452301503859217
1.4072724758669344 0.28596821180900817
1.3701530052013617 0.28669284959600944
1.4159743216120086 0.28144480457922716
1.4038559184422486 0.2870151125245945
1.3930027077023333 0.28962997622209713
1.4209749290843443 0.27782085459287903
1.433696544984385 0.26364698571520034
1.4371881998557268 0.2554031790586322
1.3951873130768515 0.28898559107951405
1.4261133676877038 0.2729516312559256
1.3801559089406394 0.2890659899495184
1.3918268614125424 0.28920927764731313
1.3800593908615477 0.22797201807234774
1.427051045750804 0.271839864037363
1.3704841950235722 0.23731188098589945
1.3733975712654762 0.28690268838890537
1.4343488754468487 0.23434897684246525
1.3651331857862972 0.24569352899889743
1.3691816082343908 0.2393034108992596
1.4089029267859314 0.28414331264047743
1.4074910186819047 0.2847498137592577
1.3917091264035142 0.2888872683177463
1.3609980626520746 0.27348595913304447
1.400025562293063 0.2196385143525232
1.4262242695031186 0.27208265702361484
1.4243910645946387 0.2737073272449433
1.4111259029702832 0.21970364697937383
1.3603361849837776 0.2631453446608007
1.3767913799474156 0.28724276227665757
1.4364163003378128 0.2542588735098475
1.4303179991250783 0.22973938432883162
1.3930034567126441 0.288054106409983
1.3969402682474465 0.22060797647157257
1.360573738200256 0.2642766496614607
1.373349612428554 0.2854959981318295
1.4368387333725847 0.24965950064510495
1.4350652557936119 0.2378139284292535
1.4225531042473583 0.2745459208367496
1.4270815212968837 0.22710157226106853
1.3609821189492937 0.262637512535925
1.3640498707763422 0.2502260878047946
1.4322085475287474 0.2330417706890561
1.38116892812489 0.22855757268760485
1.3642867483458547 0.276547129926948
1.425994753203259 0.270757021240398
1.361583617420246 0.2607788872105941
1.4026001093675617 0.22023012880529622
1.43631502028293 0.24873270400457936
1.4245973196178117 0.2719399320111703
1.36891349966103 0.24203389486198057
1.3629524479753927 0.27224037533514467
1.3685980198403467 0.2807682504029922
1.3702020230316765 0.24040609611862543
1.3713208257287706 0.2826978586153509
1.3750913870774515 0.28464357435735993
1.429543516800057 0.23061014150831702
1.363626487481529 0.2731592076793088
1.3824329377012365 0.286532114295257
1.4107561904418215 0.28105696839766736
1.417047300180693 0.22245122184908078
1.4043872651045923 0.2835398617832234
1.4326206744434122 0.2358148238170195
1.376844110951169 0.23335080766272268
1.4350827875719738 0.2511931097207687
1.4350230065738105 0.2510299162193645
1.3641712754216762 0.2542837141209647
1.3997177243621879 0.22147416799101405
1.3637703051260028 0.27070966301845356
1.4351518529792364 0.2456158283903686
1.3657451127318936 0.24999609087240862
1.4313042529072646 0.261523910578102
1.369280835478282 0.27948573057115544
1.4333559219048309 0.2567566377099148
1.4344634818432977 0.25277148294728646
1.4242457445429086 0.22685516878213513
1.363237155836618 0.2658876127353099
1.3990346810336862 0.22186949779238077
1.3796854413660018 0.28455276766543175
1.3635074717855042 0.26613160839282496
1.404680280170678 0.22145265349308443
1.3638896471127926 0.2589729585581858
1.4345347255309908 0.2471619904763457
1.4293944535768697 0.2323833031409004
1.3651432030255939 0.27175272694541114
1.4000711218525417 0.22199057088996785
1.433037156787742 0.23911219586412494
1.3705994225649918 0.24235229566951885
1.4316807415466672 0.2589396703390287
1.3837412405250373 0.22877348674529663
1.4237020444651414 0.27009681423127757
1.4050256450048937 0.2818316591535016
1.4313082964470651 0.25943461398305706
1.40197795366113 0.282701555803845
1.4132901414222487 0.2777169029916168
1.3672805136342496 0.27457139775099587
1.3677759593334615 0.27522199603018255
1.3697251696605166 0.24439497952971817
1.412156087336527 0.27818432877552507
1.3680563649514474 0.24775763443252707
1.3752667135886703 0.28155616831088087
1.433601186604787 0.2508307382329663
1.368049636778083 0.2749652581586625
1.3936011149241527 0.28400599103603225
1.412032794117621 0.22279662118946958
1.3793631251837082 0.2828758128894599
1.374538949039002 0.2806237542947153
1.4189139725336453 0.22526627084747988
1.3697542567214058 0.24542676454109869
1.431781535328894 0.25619552981200955
1.3683819619754733 0.27433560954787983
1.4312764931173447 0.23772933618679082
1.397414462711846 0.22351338586765476
1.4008719591211505 0.2820329877523816
1.380787269584295 0.2826741026154156
1.4305007692592466 0.25874535893026734
1.3696613524115477 0.246052902121765
1.4318904295915214 0.23962899880205132
1.4319840785755598 0.25481967029674735
1.3761718996036794 0.2808636722411553
1.3740774450899542 0.2796056665021827
1.3820681376484254 0.23121285254530252
1.3976836864854185 0.28258694639086074
1.4018705587751805 0.2228925162009732
1.365700635873428 0.25882085118198767
1.394575232258719 0.22449817310497516
1.4105412933164185 0.27792433944195427
1.3803882971162782 0.28198835723573096
1.4178139726295556 0.27320020490663754
1.3699639649103015 0.2751769701236409
1.4213373403216623 0.2702133450497474
1.4195894417189718 0.2715891976788688
1.366339507192116 0.25753536512400005
1.3748072326664806 0.23902723572234258
1.3932164728245058 0.2825563356141307
1.3886426292972434 0.2827110769479091
1.4323517550070954 0.24754372371856964
1.432281477974521 0.2463840508182222
1.3874292307460026 0.28253970919804344
1.4134212434210371 0.27556597348716116
1.3715983750414156 0.24425392675556207
1.4268841583805183 0.2631068825841298
1.3854181540822532 0.22976825196963108
1.4182337314066706 0.27198208809551877
1.4147246970754508 0.2742345920884614
1.4303388841631701 0.2555562050836173
1.3752265761008986 0.27815129430131175
1.4188398945312262 0.27120272693729
1.367110382279699 0.2643346944797968
1.367107829664308 0.25911815524355825
1.3713533837510659 0.2744926668755419
1.3877079597655522 0.2817790836120193
1.3674442493199193 0.2577243057501468
1.4263912454253223 0.2330387686187867
1.3770014712510767 0.23779675472037523
1.4304239192553894 0.25408706960133354
1.3805001196422952 0.2342690818950089
1.4103401088452574 0.2243423657349331
1.403259369790009 0.2793014709525389
1.376496281388729 0.2385421306674994
1.415043780380549 0.22556448771632348
1.409333135515167 0.2766626516603889
1.370211874275109 0.2717144260380421
1.4308298326970683 0.24309490464183411
1.421650531329791 0.26779663169405893
1.4290927889173575 0.2381166009203778
1.3784302263415322 0.2786412977157611
1.3874511287592743 0.22946805324921832
1.3750131148881668 0.2765265097718571
1.3996732204684497 0.27986692977629896
1.4213641438344613 0.22913818733665184
1.3908313664076764 0.22776407308615731
1.3858241689174209 0.2806028095016038
1.3691045059859734 0.26785777993878623
1.3875560228702333 0.22957614245415844
1.4303474224591373 0.24370109991211095
1.3905100053847743 0.2806168985543032
1.3719524242665537 0.24679374361779366
1.4283312865782922 0.2571647463480561
1.4225113365472564 0.23049718524491017
1.374392232712905 0.2750958149201168
1.426862823972203 0.2353447029771674
1.372447065664611 0.24617720955086067
1.427125197497729 0.259189405336347
1.3902125977166053 0.28031465257457705
1.374763353295878 0.24243014515839878
1.3689583734942479 0.2585554381408291
1.4217729335858924 0.26623442352050397
1.4181566646567774 0.26955512426990375
1.36933154292553 0.25640798980073753
1.429207874661563 0.24140768325149162
1.388201166085281 0.27985172908023015
1.3690681313992292 0.2591843440116234
1.3841446839890408 0.23268332053314444
1.3777325469378707 0.23887912425339214
1.4020451527506392 0.22526344648756544
1.4229288553291872 0.26464098321493595
1.388352294239164 0.2298848680551857
1.4292804584755163 0.2421568167463282
1.3855474463969597 0.27925909773924823
1.380594745681321 0.235994432921888
1.401631168621168 0.27803821363674286
1.4274009326899544 0.25736477766916555
1.4242438143978302 0.2626385977291117
1.4067727964952952 0.225340845264466
1.4288049054034755 0.2411924872917764
1.3788497458884192 0.2768396445251772
1.4118069686815442 0.2734905767448784
1.4292826088019077 0.24360192225084373
1.421299993247642 0.23062852709471854
1.382880493489805 0.23420626534436312
1.379959813036171 0.23709856823131148
1.4285451882996987 0.25276933356552217
1.4272143002586366 0.23828149475100122
1.4250037656349874 0.26032570162522983
1.4246268235842336 0.23457120141542126
1.4289349889977705 0.24895762516292033
1.4248523195530907 0.23488463371687124
1.4192088026139191 0.2672185370118806
1.3709486611481583 0.25431706778332325
1.4286130121399236 0.2506028017910612
1.4154973280816434 0.27024064383128465
1.3956601599836367 0.2782781232273764
1.3958296538667874 0.27825176478260183
1.3909800909994954 0.27850610694407546
1.4083519610856725 0.22626546832796388
1.422193690845719 0.26361627986583375
1.376072428363035 0.27307407142533957
1.426814108828273 0.23894590763989434
1.3726065537839467 0.26841762420167414
1.3862153410646079 0.2777129310309383
1.3939097827491835 0.22845935634061898
1.4282876102806643 0.245527964607631
1.4194149407162 0.23071072386699443
1.387649684974442 0.2776166839456033
1.4197182837160969 0.2655361042139329
1.3753939742417822 0.271165252166402
1.391247859092818 0.23009360186714214
1.3924290986280765 0.27750145896592987
1.4129487810266315 0.2708177927100266
1.375063922138716 0.24611797635764024
1.3915900340999254 0.23000721067571495
1.3889004536830987 0.2772434672137204
1.4252168141533996 0.25737621355375434
1.4245174600644888 0.25868076578375354
1.413268231235352 0.2282121427885603
1.4194509646917934 0.23139289234197855
1.4094121779464097 0.2724445493321138
1.3750180474347784 0.247199364883597
1.3845482667299938 0.275766155716472
1.3777515860387508 0.2720979742743868
1.4250677840353725 0.23850664117822862
1.4097974418145878 0.2719049034370975
1.4242621606168626 0.2579297105291639
1.377375417856858 0.2435288314874737
1.3737453496609675 0.2513723445083552
1.374796256386012 0.26761845438136533
1.3947972000145268 0.22945267282360368
1.3907420795700767 0.27626909070387073
1.4096908851049106 0.22805699105818342
1.3743979756848654 0.2663719986524283
1.3738781365196642 0.2522441021742276
1.39729293710004 0.22885992260304966
1.3817096992022075 0.2736648951018348
1.384661912166012 0.2747305920129764
1.380909802031787 0.2728559464375087
1.3758770234584499 0.26763518571915196
1.4136591306617499 0.22971460635033641
1.412365537729543 0.2692381801806139
1.4104469080651958 0.2287731839950432
1.3812376593910012 0.2727171070765326
1.3971041413788692 0.27511703159498135
1.4257016421423736 0.2500779558961523
1.4214869079426444 0.23536631069506828
1.4257810221279739 0.24531121309109358
1.3753374180911975 0.26583952919233433
1.4245166611723676 0.2405869592060372
1.3839223595301666 0.27349948155690174
1.3875655887906175 0.2745790036803671
1.4089098958119886 0.22886440273626849
1.3828129711356443 0.2728882975610118
1.402545970781425 0.2286419560685332
1.4134152325262774 0.23017866635789166
1.382983472993446 0.2726724889182861
1.4164666367052532 0.26518884482633776
1.383584045681892 0.238007332688708
1.3757101649723409 0.26484274519139755
1.3758640538176383 0.2502883564792038
1.420629376987924 0.2602840834982207
1.3899679617877516 0.2331872708301296
1.3819140408347832 0.2717143136067699
1.4188839134542806 0.2623487262432499
1.4197692822709542 0.23461676249442368
1.375429024321722 0.252600209118356
1.4229371687690073 0.2559680859399196
1.4187058033591415 0.26221732976443146
1.3988325128045196 0.22982327878535758
1.3782537985316319 0.26799923563633965
1.396265525041156 0.27391548863808113
1.37551804705051 0.2540170691384415
1.411966631462997 0.2305003888062306
1.3758252210549884 0.2529771793197582
1.4113561735793008 0.26810264450230126
1.4069623371082463 0.27051216864768723
1.3818240797343513 0.24111298927906577
1.398666889572311 0.2731002914892241
1.3944967801500887 0.2735889976749389
1.4238777813823629 0.24338414660768523
1.3764885826283824 0.26328387147546556
1.3831366483597924 0.23980108346472703
1.4098361403628497 0.2302710518893287
1.377876127781631 0.26594881781301916
1.378433489879701 0.24689564193974417
1.405581542250916 0.22985080623181514
1.4114360966082695 0.26745719057827244
1.3767779271775082 0.2515021645423291
1.394940447946539 0.27305411837908
1.4081343759427885 0.26927181851874177
1.3768897060146297 0.2516550019229493
1.3970212415606769 0.27272332150585665
1.3966538546394727 0.27275567923146476
1.42044059889039 0.2581055614119304
1.4221874287029057 0.24023448060031002
1.3914376887124031 0.2337327668901434
1.4236026251003713 0.24757658124743814
1.4055959711700203 0.2301917199699178
1.4233402536781772 0.24909974050648465
1.39307745609646 0.23307742875462448
1.3767982039785411 0.2581815365788899
1.4002145778665969 0.23094090168333906
1.4230852378510659 0.24840176144124537
1.3774756924806804 0.2610110723977459
1.3783870401700047 0.24985648065030155
1.3901332045268924 0.23520698391006684
1.4214147784053577 0.2544102078849441
1.384672424632679 0.2699488359218213
1.379712538530166 0.24685716020849824
1.4212346224603705 0.24030050296135644
1.4215750827929239 0.25373065042309806
1.3822587565324012 0.26821125589463396
1.3778323380179138 0.2524134856788859
1.3974809387308793 0.2715275864637173
1.4176503812695231 0.235743459474444
1.3817649721124015 0.267537149694079
1.384228387512233 0.2692794623438981
1.3952889359443086 0.27147124336873757
1.3776810138935074 0.25594142513475754
1.3824198800942262 0.24317237365535377
1.402229128326817 0.2701441488020488
1.4052647675662984 0.2688863685371777
1.3789363115485473 0.262468282763986
1.4213038786643217 0.2420267232032783
1.4020642920021045 0.23145091377875057
1.4009033709426948 0.2703039721974093
1.3808987733586533 0.24601288328778018
1.415788250610932 0.26133856865745936
1.3969440565640605 0.23276786580350395
1.3876272765015636 0.26987829435324556
1.3815736212035308 0.24538380177433955
1.3787603401000574 0.2602530058131501
1.3897904831660992 0.27024333567089615
1.3924037104351918 0.2349645499416369
1.4216269600015696 0.2485595674869457
1.4084469448774655 0.26672571851132654
1.4067315987970725 0.2676252593729937
1.386499183801003 0.2690751036250825
1.4206222140660194 0.24228917151576262
1.421289928954169 0.2496360983647318
1.400652004875283 0.2322316520749582
1.4131540786796881 0.2631991155954462
1.3869264324367538 0.26896040436766044
1.3800590324208195 0.24956214064633717
1.4044046980409797 0.2683558734670192
1.4035626245949817 0.26859065994353715
1.4071037712083307 0.26699964677601523
1.3984220376582694 0.23316347561216927
1.382358059948615 0.2459110017045101
1.4170699194283318 0.23806682508567584
1.4205039692054453 0.24768234904836428
1.3879903825080178 0.23927458253795525
1.4044914650333467 0.2674125801795225
1.3981685361816933 0.23364185685628797
1.3844302446103827 0.24358828427436796
1.396585738666888 0.23433189796520482
1.4108384768022795 0.23422839101522738
1.3920232614176267 0.26879239081272277
1.3802670055134096 0.25563521599491495
1.3819248208398152 0.24831630052148282
1.3950626451076278 0.26888356237788424
1.3833311392856178 0.2642064890271648
1.419886267949345 0.246441082016349
1.3972522263196336 0.2686415939830028
1.396374644512401 0.23469279692476747
1.4181478803827496 0.24089865222339216
1.3826625809525477 0.26285054156126897
1.412280856488564 0.2354768650980706
1.4063369205424456 0.2337359984107773
1.390255815838848 0.23869215077864614
1.4026960150478434 0.2667557247080406
1.4179898936418014 0.25324467276359813
1.4105649144601227 0.23508185464018094
1.3960109859943974 0.26791257819275094
1.4189507766517715 0.24626663806866633
1.4090432237197597 0.26348113875979745
1.406634121014931 0.23419233448500879
1.3897177447727405 0.239465547905304
1.4043876544469618 0.2658501115528431
1.3829246512465065 0.26107214256303035
1.3865408138406943 0.26499071402802044
1.3928414526037405 0.23752285840530965
1.38257834833667 0.2594464079368306
1.4160825673214115 0.25574149297394305
1.4174238911651567 0.25285297218991476
1.402379077047395 0.23446722251301905
1.4182401824856912 0.24924456889939714
1.3829778467378326 0.2594580299125223
1.4180410283636085 0.24511563567760583
1.3970150499381904 0.2669039257775267
1.40227562536072 0.2347077824049261
1.3948086290160253 0.23684878487093639
1.3848332357099737 0.24645338026855396
1.4166584773682962 0.25365971657198944
1.4034552775190043 0.26522548510081045
1.4004965794507602 0.26605474148782066
1.388488833127401 0.2649446254670878
1.3999462394755509 0.2661162966958717
1.3827964749777506 0.2536127158708368
1.406089892884962 0.26387098001122056
1.4101857311948438 0.26122060062065855
1.416711781487058 0.24272948663117888
1.3913213208559656 0.2657582258444529
1.4030034737550499 0.23520268008688552
1.4162897277390862 0.2422917106869875
1.3979584627463992 0.2362925013379605
1.3846229977779045 0.2487547327472837
1.3975485144867945 0.26580418463542366
1.3924572406752254 0.26546492397195137
1.4024355001101156 0.2646558899596673
1.4164439029879567 0.24421411156270872
1.387128250270528 0.24478731095016212
1.3865009965358903 0.24579514735342806
1.3841600212857812 0.257328795231188
1.391841869145456 0.24008157562356122
1.4053256317897576 0.2631595252141166
1.4160941919799694 0.24402319758704658
1.4119817319045893 0.25821766177953287
1.385723369692054 0.2601459457694265
1.410936062401646 0.2586818430839548
1.3907290478583667 0.24169040535330225
1.4071214398587202 0.2614720837574919
1.3851533428489056 0.25728160151780755
1.3910045075674455 0.2635870821766459
1.3851700297895704 0.2533311547250005
1.409607491504799 0.23826034514904926
1.3972228470258568 0.23809520808373927
1.3916545687695938 0.26334579298896965
1.3861773428544888 0.24914588687614903
1.4107294450545032 0.23917761528860995
1.3963142702043885 0.2638712770905085
1.3998703986190595 0.26353747243934644
1.3943533339709302 0.2636613360534296
1.4085984721939713 0.259501100214462
1.4143701990457305 0.24395195133202877
1.395379011635971 0.23940018409365824
1.3894282664009239 0.2611262995121993
1.3876862954878157 0.25914763351009007
1.3941344100931157 0.26309310892104426
1.401264563175187 0.26267488830122093
1.3874320395525646 0.25779477601584155
1.414153117018263 0.24606523591700552
1.4118751891810306 0.2414805908183391
1.3867657107722822 0.2516176647172739
1.411127043724738 0.2558269799596501
1.396290417642106 0.2627220876095203
1.4120694170646817 0.2539152433081064
1.3870389228068176 0.2531122649137999
1.3931884125239624 0.26187359632818946
1.413206656788109 0.25137637093339993
1.4072552716677134 0.25897329201559194
1.3991303941920652 0.26213200197285036
1.3893869703761426 0.25877083123765876
1.3898344362168387 0.24619038634656815
1.4066233169867424 0.25896671136155336
1.3878403268751642 0.2510749699636335
1.401902402829243 0.2388609734652471
1.4107613344138326 0.25475460265001826
1.4128400712120803 0.248753529161748
1.408827439690652 0.25651885503146954
1.398275282822636 0.261250946025443
1.3991238402221151 0.2610892551168208
1.3896783887915616 0.25740587238075596
1.402066586712246 0.2602163087761062
1.3904702346149476 0.24696503612677792
1.4116128132170278 0.24510840492749114
1.4033999659225447 0.23983904722517246
1.4115348432246773 0.24546861796137323
1.4069162455638353 0.2572255672871147
1.398531189850565 0.26053550779350104
1.3903658532470093 0.25706325769692256
1.3957776664268147 0.24212903154732013
1.3942091394673777 0.2597320204248515
1.397741539382669 0.2602796005349308
1.4112993401945708 0.2461963088615693
1.4088573825970736 0.2545831902171513
1.3994705877630964 0.2598228898879595
1.4033631977778025 0.2585833009438459
1.4030416245006863 0.2585682459200839
1.3949626877471262 0.24354890805816276
1.3923228030124157 0.25752540957936054
1.4079901897315512 0.24261226374152564
1.4094690857472323 0.25268864290776216
1.3998420811439958 0.25917290946586236
1.4104585336949866 0.24680563222870897
1.3920197649473645 0.2568092116126294
1.410393243188199 0.24840147692972872
1.3978457950018655 0.2589696774833225
1.405331659592546 0.2417389997161376
1.3910472452389642 0.25082777715613036
1.3936386880056513 0.24585950166728138
1.3918665877865395 0.24870411312310492
1.3932360002908486 0.24653496300617847
1.391266270645053 0.25314826725792233
1.391688167249499 0.2494870815558774
1.4065955204303333 0.25478425933567134
1.3932881218193645 0.25644238362275146
1.4091907496068092 0.25022700659180513
1.3941122813929683 0.24631149285886547
1.40090287454723 0.257594417436299
1.395458851345725 0.25725000094585193
1.3922143663410576 0.253457774978615
1.3957463102450463 0.25722661541884567
1.3935411032114369 0.24786043513155523
1.4058245360327013 0.24362734064081873
1.3925505206623296 0.25149869741943554
1.3936684263560406 0.2547534062942886
1.4066750493560876 0.2447609937484585
1.4010122111601897 0.2565840865309294
1.4075201697525617 0.24633119531964856
1.404796550628901 0.24434255048360465
1.393914255659026 0.2511758792474068
1.4008012004418238 0.25571679701355027
1.3970285722990172 0.246039762907183
1.404765900205132 0.25334882214161275
1.4039687978928281 0.24462430285614772
1.4022149991759791 0.2443620349409444
1.4043440576480162 0.25289832372110743
1.4055061555744062 0.25079244868192824
1.3957357195926492 0.24936622135638284
1.3954179780147498 0.2509511963810332
1.4050863030536784 0.24702969086719767
1.3992583854785954 0.246177354249456
1.4049290168611903 0.2483792674120436
1.4044207501155692 0.24878716430705125
1.398682002327363 0.2481319568131398
1.402623000361848 0.2506606269484255
1.3993024671779533 0.24856326440199664
1.4017437175121696 0.248074051994082
1.398986004558164 0.25053991101772616
1.4009176015290388 0.25077428969598997
