alpha mmin delta_m
9.193837211246196 0.9464406579440282 0.8505770232411521
8.049674632432213 1.0519198245993895 0.7223492088614275
4.992453620246721 0.9634633078706087 0.6505029284442805
6.010192060939204 0.9337621029989513 0.662378082113758
5.3031314886777 0.9540907154002247 0.5379440442737282
10.266118040784004 1.061272067909335 0.7398939571075825
5.947375601703325 1.1631284573886091 0.1404709553766381
11.164453383223211 0.9787599658209357 0.957495325324262
6.189672316153663 0.9359883316433848 0.8458595580891799
5.250785750601555 1.1134027453565967 0.34210766551683874
4.051727905169475 1.0767022175759344 0.32754334972909477
9.214564794873535 1.025848625875984 0.9062334308993172
8.976974575883814 0.9396449082780125 0.916623553211938
7.69405169378876 0.9331930181326664 0.8255012303779676
5.396429375696796 1.0524940269435015 0.5140305880808806
6.508108001783487 0.9490776680901318 0.8778384780052998
11.79159620861634 1.033844423025327 0.9627617592713482
9.151590162587382 1.112318758386691 0.2937666277183656
10.971352576694382 1.027480406406897 0.7537797230456181
10.960186685751541 1.0475525347788337 0.7057240311004082
4.24651113417066 1.0350403078035093 0.31752356038519697
6.347617999931089 1.0282260926957167 0.3516124739938368
6.486340875961858 1.1027816326685003 0.17137772269054566
7.039851428294973 0.9598727442142232 0.6430444661469016
4.584346028027975 1.047255484278398 0.26807659801049344
11.743507464016052 1.0323789396149674 0.9501817231576526
4.375823714427602 1.0065993985830135 0.41114241795571016
7.338684440267089 1.0058744579666141 0.8160502122225637
7.077804899737242 0.926168110894072 0.996956735543374
6.329910794110775 0.940715120738317 0.8324728943745794
6.536902549737736 0.9782832566291498 0.8061660311929344
5.9680019279291265 0.9999293986504507 0.4207752368547684
9.651094965930854 0.9462373503308047 0.9726849631576031
7.931417688453989 1.0052343019014074 0.8736140349970763
4.373410295835171 1.150646361749526 0.037173355546472095
5.638287791216513 0.9575849537758183 0.6835517044159962
10.316588135694298 1.041971592940999 0.6489795232696476
6.954423605864481 0.9296509838130916 0.8419241315121567
7.092426515772413 0.9554112699125591 0.9284936107423418
6.835488416710142 0.9766723619111568 0.8355347590302277
6.785172985225996 1.122850600841946 0.3568168377456695
10.895056213850044 1.0376860748727896 0.8583036314991431
10.190741268669948 0.9646924825925672 0.9544150013843318
10.443077042060333 0.9698866050638496 0.957549420621312
4.055363060723009 1.1144452862210494 0.21796309683273007
6.283140646338213 1.0248834727521028 0.3677821198954533
7.126827494413522 1.073745828237537 0.5459531474384396
4.344367616657516 1.0258878921197927 0.36801167534750834
9.832884411967587 1.0298770429372714 0.8838795468739808
4.046258629076757 1.0852216445035738 0.22622618077563028
4.976145940473337 1.0636198324510289 0.435519170507498
6.40275576895781 0.9457054872933719 0.7364651008377542
6.580776759393572 1.0080159371813975 0.7132021314595368
7.443839076181272 0.9404573702743128 0.8226752176849608
4.617422193275077 1.0721670074266598 0.3829234889326658
6.905230573780875 0.9392437593929149 0.8780074345332454
6.957844081733144 0.9693141741232736 0.6216183776717923
8.662633292167383 1.0248188740307325 0.543366420743586
7.61738523117752 0.932534880427104 0.9057629562815553
9.792527157707786 1.0694286733232656 0.5937101781524139
11.04002468241691 1.0277208329717318 0.8668378948669365
10.013339745086663 1.0539019515255694 0.6131253164731415
8.37064784416404 0.9580088107940692 0.8180530023852176
5.6127617022964476 0.9826718700737772 0.49079082979510635
5.365019788229782 1.036629046853325 0.31368157691531406
4.428022007514871 1.0307020216666127 0.35786095760082176
9.827239365825045 1.036774828729675 0.6368553517171187
7.697810473924623 0.9290938719079735 0.965355059770195
10.811376471279864 1.022027932377131 0.9546916874712315
6.266700867512911 1.1618921230947743 0.07672727666327166
8.046220547336638 1.0164956614525946 0.5230933464922018
5.039946022431359 1.0804418133926772 0.20051516362998983
5.786065585553379 0.9642270045817518 0.6387409787214676
8.895937989675032 1.018353812562059 0.8637405722327862
11.384569242698785 1.0160398959018397 0.9808324883326072
5.102522887020415 1.1144763758821439 0.1239145823312749
8.369911909074892 1.0298377935089824 0.7724640986811573
8.881721998843128 1.093096068240478 0.3441191418737496
10.3535726122123 1.027377874733343 0.8875921135729541
7.156251911753447 1.0025172507271016 0.7713327242206781
9.165981814188426 1.0187026029824255 0.8795591734185545
10.771313430189323 1.0164746422915154 0.9848488508612423
7.625362196657111 1.0574570238996188 0.35385300870343334
8.340642480421469 0.9886551037427608 0.9413641841808386
9.284351173119155 0.967550896871867 0.8781966954356617
9.333229234271995 1.0826464501977142 0.5175750492686656
9.372926647614628 0.9943004541929008 0.7629079049656027
4.95319051449588 1.0555916387545459 0.2664961938177681
9.884363565244872 1.014910711111296 0.9434640561396578
9.58352763995993 1.070059682700696 0.5654848545911731
8.050195224090082 1.0513111869113645 0.6571327173575178
8.20841397961522 1.0843254114310548 0.3177313737318039
7.762792196613981 1.1073479860089819 0.4210441005435792
9.31827499104097 1.0234336495346705 0.6400931477910216
7.032336154624083 0.9596391402198506 0.7198614063243636
7.247869615956086 0.9664562085995854 0.8646667160891632
7.788791604911875 1.0221289606564978 0.7525841176712583
7.971743192881126 1.134149715737673 0.2033832150497609
6.945176206249181 1.1514543421651584 0.19789630300937586
6.054812089457089 1.0659304466330675 0.49547819638251295
7.389074408548522 0.9506276717261216 0.8836615553972272
8.63305853137674 1.0358427472627652 0.74601818795708
8.54971278219577 1.0033281984484343 0.6447691855448145
10.715195191423176 1.0153289830063756 0.953164267339882
9.944514044738312 1.042013577273708 0.6961299399347616
10.031347617345828 1.0336854396647146 0.7201150104843967
5.71335367126944 1.0855660008092731 0.42079162348044197
10.554066884030046 1.0184566033709745 0.8534709602244334
8.957308610001729 1.0206509015429335 0.8343977971059587
5.071089012938131 1.131624547490986 0.09278954778112175
8.965936744656206 1.0413458450709159 0.7297558238936945
7.920120849528946 1.049919369834165 0.4045567969105206
8.108881442102762 0.9995639596297212 0.8553392005702924
9.866321838233082 1.0367832397391874 0.7650127694717529
4.884499811912484 1.1537016432704006 0.13622110943220625
8.876459897612932 1.0126531589822902 0.8642683446565174
8.75041347210912 0.968268412958234 0.8428726371618371
7.9914683989639315 0.9768463745730895 0.9190050099525984
8.07622363156176 0.9993122929994812 0.6211306295512005
7.628493545622625 0.986910266375915 0.8432493561067992
7.913610784942886 0.9807815105047505 0.6963087103522889
9.066728953627143 1.0033542415698895 0.7114937830583303
9.132904352856187 1.0647726540347355 0.48185637737329196
10.1674767730602 1.0079444309415553 0.8325414099250756
10.030441988958632 1.016040969047971 0.7864247363417876
9.462867500907757 1.061408658523828 0.5780516459993631
9.265056576384971 1.037102079607702 0.600024553547338
7.498294303468521 0.9556760677316687 0.8472403300943059
9.955555465680481 1.0063508470676803 0.9690515320439412
10.00937770269497 1.0193773098840122 0.7763126188520196
9.645311625408521 1.016033672738921 0.7346407996385367
6.58015770139866 0.990313772527183 0.7116041173293879
6.341193651553196 1.0697459826061675 0.49605599158925645
8.830365600256764 0.9606823967529345 0.9031643980551813
5.4654754432740535 0.9886133907736063 0.553890582469046
7.988550344441794 0.9615696588583067 0.9453309003288239
9.52188030535482 0.9949780318543902 0.8099141971186502
4.937404303716255 1.0113411187742107 0.47242395168292384
8.80381175100189 0.9889844386226448 0.7563775295556159
5.066230164289358 1.134202763198661 0.23464385510295663
5.9417587673874195 1.098894959990872 0.39026498037332724
6.866575605132233 1.024202156677381 0.6577472450637551
10.578680359301803 1.00442670775764 0.9281137513106376
7.627258013606179 1.0068054499184336 0.7725081450507171
4.305605073837382 1.128047576789474 0.17599973141257141
9.438232025926144 0.9945903071824926 0.8049378593015181
8.713823853470723 1.1073636179626902 0.3173600223577037
9.18295028242768 1.0210805585465068 0.8261771901168485
4.937140544957106 1.042444587992104 0.3155448117736308
4.72523117472824 1.0510663129850824 0.2977055333229178
10.210051612382001 1.0157913912460612 0.8568927994024903
9.499773532758262 0.9674862890507332 0.9446480307823769
8.455604930659243 0.9751930337440611 0.7949934247979673
10.00106802263722 1.015567463031773 0.885233157319617
6.833425458252602 0.9691573592311633 0.7028550402925892
7.452708013551977 1.1023810864608206 0.4258355377380044
8.864324617671839 0.9935347103771001 0.746837427510511
8.942294935508949 1.0599032604120877 0.4828140269668442
5.529252040434891 1.0301662270997887 0.5266210677378267
8.682827474539485 1.0917302706666112 0.46778687617914316
5.535200879761367 1.1329795312376114 0.2622003122906519
7.647715759908165 1.1259833083430644 0.3295859695321489
7.325493498718149 1.0790256007867625 0.29021404874730644
9.175285668448915 1.01589324175715 0.6876804492883176
9.840713267985084 0.9926889638360317 0.8721885520355777
9.507069393341231 1.0180948984355933 0.8468698393911366
7.914982863229831 0.9660507838474324 0.9005326481251194
8.932720380559969 0.9888102026181288 0.9557778823650034
9.681456770502678 0.9872422976651135 0.8808720610073617
9.81754835922452 1.0176866698798344 0.7870464381617401
9.6579504776324 1.0288494442170675 0.7330414242933986
8.605559210325515 1.0798575563626516 0.37992791525591985
7.697609113765658 0.9668018581415165 0.8581239392061883
8.869613268114556 1.009154656196183 0.8536243020524399
8.949390465281736 0.9994087193404689 0.7380390506297857
9.890781756260218 1.015408907108991 0.8119461515673216
7.069131771773458 1.1502315375429686 0.16474485363884853
6.776732652232766 1.0515334043515143 0.5668786279164963
5.423247337978308 0.9942884279457487 0.5179569293619488
4.451876483410462 1.0662771144753538 0.28703683609570985
6.604458167580837 1.1140553670155628 0.3619733438512281
8.865510518744482 1.0143015000336288 0.8258587756373438
8.737095423427043 0.9599456642788848 0.935586766584069
8.422636049318415 0.9585806002228229 0.973484634146145
7.283455299459197 0.9931656772725843 0.5939212572176864
6.626859580650324 1.0845132679788754 0.45929264203142156
8.206875848609533 1.0763021590543895 0.3553720942107848
8.414770614619865 1.0627252670146248 0.5922384160009355
7.469407318906633 1.030530038421637 0.6725503514186851
9.687302717444087 0.9836546257070604 0.9082918536679562
5.258295281406449 1.0299693833169492 0.35538188690513234
7.074087852158188 0.978363813555567 0.755655632898428
5.7371705271056435 1.0750018379843405 0.43914200006165444
6.323108980659811 1.0241224929779364 0.6033980789824992
10.352768982933572 0.9944453954008142 0.9673170245613675
8.248731404475976 0.9785292509748548 0.9035191404707268
7.384123398267633 0.9758951108953162 0.7132717650561551
6.2749592562779775 0.9808685980599365 0.6104054696875744
9.347926811882642 1.0113270203934381 0.8603902909923855
7.1898887560645335 1.051310410496999 0.5880622857697997
6.515057797958002 1.0068738806968898 0.6556286360191664
4.671335403297004 1.0511529325587308 0.3878151252958465
7.364409187912864 0.9755205078210012 0.787773041344581
9.977237259512108 0.9811060497079241 0.9631097870046081
4.7650874481620065 1.066955832297437 0.3767182249868078
5.154445095837287 1.0372610619337546 0.4681412490502576
8.441160008493299 1.0665779995214464 0.5726548420804132
7.890484306959637 1.126266858252758 0.3193722211371707
8.795228799777721 0.9597670519981971 0.9679483870788791
8.908116093034469 0.9723974025751413 0.9991758690322862
9.561798913306479 0.972328476461737 0.960903118992776
8.30189897715562 0.9769159482448297 0.8006986525839429
8.51162278656695 1.1187186894621597 0.2979412187180154
7.04167245012316 0.9942635864489043 0.7272930926476951
8.349315256942322 1.0187564139712393 0.7643385882102769
4.610517696669687 1.1074057327105113 0.27124875982694713
8.666180087647202 1.0698481362394445 0.5539791913994501
7.1736395326554785 1.0225362902988906 0.46111405135057637
8.287622565673962 1.021921300074314 0.5697715414113463
9.219419029416017 1.0368446588612201 0.6983267023894549
8.594796737227067 0.9655059446518655 0.9295235292599363
7.898535259428854 1.0165179148654364 0.7407287483748193
4.694624372313104 1.0724619193963885 0.251254306928339
7.258137887515314 0.976689031264517 0.747702627667594
8.842201232245715 1.062221412282701 0.5824351360926963
10.07019622832763 0.986921757624538 0.9726132131883182
8.756228325261734 1.0310295476294171 0.5907356743053667
6.668722623065742 1.1430601251607837 0.12691087175117635
5.018230783864642 1.0820722999699706 0.21844568532544775
7.315201738258267 0.9811799874950816 0.6870514635978012
5.081043666919632 1.1156285474310474 0.2890378512114454
4.797631066207321 1.064022549457961 0.38216139337000304
7.898787543337388 1.0147213242870603 0.744350111318563
6.774450679204781 1.0186220613046602 0.6464325523017312
10.10309788525521 0.9880006262021631 0.998575619503882
8.882928378682308 0.969724439785685 0.928599800345003
9.779142452760361 0.9917195720277464 0.9276714011970114
5.390165807863367 1.0047773101766326 0.4597778957732825
9.25854777254149 0.9854277898067557 0.8770235422289222
8.883771013158164 1.0148421654550766 0.8013900327681334
9.783744215024369 0.9932129851533759 0.9447265956972354
9.23508809363128 1.032344866508273 0.6981916581357718
8.875016583126122 0.9715872378212743 0.9659905410053546
7.6959601654437915 0.9769891302848597 0.7863754235617911
4.821857202360524 1.046325402624179 0.32379259448419784
4.9792935129526 1.1501968122482726 0.14321042327106914
9.254392054994153 1.027822380442631 0.7243462800135086
7.657869225323278 1.131466081024859 0.20458732598951643
5.85457779974702 1.0674466603998118 0.2668093579180197
4.956533158058985 1.0283954363120102 0.37762294506523364
8.449792518879647 1.0887604993128712 0.46878173518961364
9.196131976868736 0.9932981818482873 0.8345425194778227
8.804952488654724 1.0872698951111925 0.4501482575801773
8.963214882322804 1.0698329592247 0.5030535005299235
7.694185280575256 1.0034312120809596 0.7578957840169742
9.335954676354971 1.0095459556436381 0.8325692526485925
8.942026331388567 1.0145506560524165 0.8005644626450483
8.658163115327067 1.0140104874451277 0.662217137638671
9.025451167847336 0.9792558621143351 0.9498277579823927
8.493608339821638 1.031484236272202 0.7090133383593685
4.525509035671261 1.1340312168008226 0.16964978255559957
9.333984197720442 1.0017925823608445 0.8283737252477195
4.750696301497252 1.0945868784147585 0.3134754426895171
8.266365987278752 1.0763510903432745 0.5213080942571149
8.859945756032419 0.9911888693703527 0.8886116108031236
8.966290231891456 0.9954106537796097 0.8015901185536399
9.090114728545593 1.0299893836506275 0.669159203348838
8.845665640161243 1.0022844565184237 0.8424128250255105
6.711813076731042 0.9850517843797505 0.6316476209345662
5.266030438621765 1.1082203663161974 0.1592123165985377
8.870092982885303 0.9833232982786545 0.8654743803033669
9.025377391546622 1.0103852475630493 0.8121595686076096
9.124804525152527 0.9867389798260716 0.8811225155046979
5.447297644869851 1.1320928430067863 0.10961314373177064
8.94384263475482 1.0549259578871055 0.5884184284656456
8.815919122727495 1.001844036399496 0.7520145883822538
6.368320836181718 1.0081757537403204 0.4722183220717032
6.253926480987772 1.1391184900756515 0.2506605894087621
6.480157976025977 1.081592837927676 0.4536811299641829
5.681133594164775 1.0098568668507701 0.44056485085374486
4.55262215537387 1.0742843085894025 0.3215067048966242
6.065473675066114 1.0367023925360381 0.3596934429425429
6.429805905504665 1.0435994841047087 0.35361453886202604
8.639987222281828 0.9934205054963213 0.8481174506147665
8.584576079628235 1.1025559110478802 0.3420146786774917
7.44516389353627 1.0319238347223032 0.6493018635989712
8.86682510809916 1.0043504676026551 0.8204923981917261
5.7160131196820085 1.0317171764056705 0.5221032599631673
5.0060678907872695 1.0222848511420568 0.4299691284047188
8.841933695216664 1.0081898302743226 0.7359481874249535
8.142838853499043 0.9863090215361854 0.7829135737503469
8.33409229587463 1.0620280501851358 0.42892765672887373
5.300903763412176 1.0988460482221327 0.18309771962287275
8.55213665614331 1.0340181747691344 0.6878318229907577
5.038845677725094 1.141568029792806 0.1862930034886464
6.818661155831316 0.9873198086307357 0.6535812046504001
6.934221595397688 1.1472825039778323 0.19335113275452384
8.77661392448614 0.9961220410797285 0.810769230072679
8.867669221170658 1.0195603395624278 0.7400167655674911
6.498009619650922 1.0840776367497156 0.44461680360551054
7.531599464953162 1.0261485857297963 0.6673885350382213
7.731567518332609 1.0000393006391817 0.7484658476464787
8.757178530414304 1.0762361718226405 0.4849391474689503
8.507150901068055 1.0163018498158216 0.651111232952568
6.660806703198334 1.0016268215360165 0.5296950695455492
7.383431257757724 1.0395012335891332 0.6184290057067109
5.102117715063116 1.0255193507228384 0.45197325731210225
7.2550960404205025 1.018168840028753 0.4998650826360993
4.990997337175958 1.0321788676722023 0.3766292375115241
8.767443411454982 1.0115340224382356 0.755208937727474
8.296004010989328 1.0389386328382484 0.6550948316790709
7.517164372726919 1.1372167211029003 0.20296832704711482
7.143858977191105 1.0181412288838192 0.4924477991260857
4.694214772079567 1.0519675260696382 0.3425680495622305
5.519210707810798 1.026309299875161 0.38427905466742157
4.867734348958768 1.0895628686016612 0.2114701209280987
7.256403580589639 1.0259354680017836 0.6466697786918698
8.04819854724769 1.113617294504892 0.35870645806777435
6.207874399673203 1.1523338184700682 0.11048793921461125
7.226771306422416 1.005788592632729 0.6878726180220867
8.06984603474639 1.0647040972416584 0.3983639983238979
5.996188591497198 1.0059955019364843 0.5710137221934359
5.822634369846513 1.0115523700642906 0.5492229487593617
6.495523386307642 1.1163785045864625 0.1765063072170416
7.251570326643252 1.0162898701792034 0.5124652616951519
8.309689504786544 1.1086677997956538 0.3018213257985321
5.355441148653512 1.0453650061994353 0.4581962875198394
8.509383960948501 1.0362901844791477 0.5683683891479689
6.583147588142223 1.0064932570359773 0.5066957301563497
7.982684094051507 1.0006154803483347 0.6870920534062104
4.920248406830304 1.1376945731404038 0.10449086796066781
4.652748855949392 1.135634633069608 0.12234695797096758
7.907034299478262 0.9983934706348109 0.7334638985685051
4.9534101176953715 1.1454922018525222 0.09233329140184035
7.149335351400662 1.1373469339016014 0.25919712134315803
8.327046484934128 1.0108221512630486 0.7357625219655827
7.563192349812393 0.995447869589489 0.6823505731485308
7.500588300332899 1.0100078265096724 0.694768178965331
7.090917141585102 1.007431943453621 0.6685990860252492
7.351374647533769 0.9943786684065025 0.680996288491337
5.609660257186857 1.062260177078579 0.28313917872107847
7.219128138318 1.127062367648274 0.30832215168009725
8.653133335174372 1.0318892106408108 0.6304364835157937
7.6576699011724685 0.9971671181117099 0.6851088630313662
4.715111973366529 1.0621559316782705 0.3515206409295001
6.402493512109286 0.9995188919493228 0.5414647226012219
6.980453954786997 1.0148762497927728 0.4999169805341794
5.322809009393895 1.1508533727026116 0.14487348237666228
8.667727784047718 1.0389330322381174 0.6073768950106574
8.272237926054306 1.0099719237379743 0.6819996376531273
7.873339682239898 1.0503682951025068 0.5946245792320638
5.2305512329034425 1.0340443596026891 0.3656685991691594
6.446368058930169 1.0687672095503957 0.4801307937619262
8.27207056210122 1.0157528687627924 0.647924920133026
7.925704855088394 1.0059186627642842 0.6572018905561935
6.007567531415859 1.0620525597389747 0.29438060715903847
4.606156111151783 1.1180888992772815 0.21688482380656302
6.034334757235186 1.0117063365691061 0.45929301334350225
8.586984056411548 1.0325467694103412 0.647956561592759
8.62200083577702 1.0726045722582125 0.46174134725234817
8.28589992641801 1.030986984161888 0.5698821456529543
6.612921241708252 1.0628695914584927 0.503853216482351
7.6742880401926605 1.1107357996639728 0.25084610742344077
5.154178456907884 1.1484159414404977 0.08914145291479328
6.932888666874897 1.0108239571111468 0.6442225954476659
8.59283999531728 1.0593101290341236 0.5483500765434071
8.032145844006019 1.1260595755599012 0.2699278780316487
6.899888705432867 0.9971488047262951 0.6344871613109776
8.06814903334212 1.0316413817952443 0.6578036542399938
4.617294654509282 1.0899267574320342 0.28680538477610257
7.575289351914531 1.0374340195211433 0.45977318517352855
6.160589992784454 1.020657955951487 0.5640306559706526
7.999784623941267 1.124818636223798 0.2938087470893098
7.853481356601916 1.050221559989794 0.5899514296248581
5.897677127259035 1.01054389578495 0.46554222135118023
7.040865840026596 0.9986892173796533 0.6417820722048325
7.933725352063089 1.02589376532107 0.6667080179464256
6.137222297161333 1.0577019122719178 0.4881865157401864
4.556481334936491 1.094752035323439 0.24836095794505844
8.370538130277001 1.0480269767352315 0.599638597703408
8.561807140161745 1.0413511313861825 0.5955452670836372
6.585893498334084 1.0338792858708208 0.4025056725310245
7.479542263934761 1.005538732024602 0.6136105958053779
7.8739128268964045 1.1105166224798326 0.36765824178121037
6.670999032904209 1.0418543134332734 0.5582678493201931
8.370411753019724 1.0534408443236578 0.5771007081125289
7.992272789955761 1.0540049024851177 0.43912309987291626
8.010945622235518 1.0102094338595697 0.6726872504765098
6.917351800763228 1.1251066818300426 0.1822925229484623
5.464499316338259 1.029981890957134 0.48030327231075437
6.524275052697128 1.103607395747288 0.2109475832656808
8.476961195116651 1.049587852004795 0.5308508423001309
5.901792712726579 1.013365050486864 0.45538684839229765
6.479446327006283 1.065236465311302 0.30494801418696005
8.447513177739273 1.0851244629840737 0.39355639965335726
7.526507264868773 1.0306572830201821 0.6321041584495873
6.472344988821133 1.0453220948839232 0.36117842590656674
6.886974001967044 1.0532728945947172 0.3575991714946043
6.000927374796799 1.0225738470321746 0.41915370910474614
8.388745985627521 1.0724408196710038 0.42453689377456477
7.746910462044674 1.0432789733192374 0.45773169487465026
5.361210221873938 1.149272954635069 0.14955569942737595
7.7424319169875915 1.0899040511534044 0.3062426255591619
8.490636957963464 1.0850378101149545 0.4294211319501623
5.956857757748423 1.1465752388287433 0.10880723223990894
6.805565047960476 1.0375397326387235 0.5735975792984259
5.05031309395072 1.1310152020931108 0.21838571626316666
6.263199386183516 1.1311503379325631 0.2748663404975807
7.211570744000433 1.0307442520418326 0.46091969233629937
6.777700266329887 1.1448151335852907 0.15949056785159915
7.549034062330303 1.0236213624508304 0.5264138279131774
5.090210480316198 1.0652107319421829 0.2816493178095976
8.507784179779117 1.0595985205324574 0.5177759018960817
5.91294519554603 1.04129808994553 0.35483739852571883
5.5173886154212965 1.0669949983431184 0.42171531846374005
8.295029194258237 1.0300884821932412 0.6341997044719511
7.300791969249985 1.008340040299836 0.652630182947737
7.588658219668844 1.0439167358889982 0.5934327698481684
6.033244624812799 1.035183805536751 0.5229858909465079
7.606842089738501 1.0671219239918048 0.36252740733763594
6.4459687147516735 1.0868650759185878 0.24959683705131055
8.264138667297033 1.0730905727549864 0.4993987176397222
4.632033363586107 1.0908629619495054 0.2712566056381512
4.821732441177769 1.1420995979208173 0.13699787998879331
8.052619267004133 1.0458379498562111 0.5954979783095931
8.146030751373855 1.028670186305514 0.6401755129957164
4.69632832189909 1.1077506086365243 0.19060569597584365
6.964626846153818 1.0838654551967521 0.2800050098876225
5.984728033519872 1.045104896451952 0.3469912095200804
4.6361361315785565 1.0979999194908894 0.25626619045503696
7.394288453872996 1.0083611496353762 0.6412134654786551
8.161614547906666 1.0592927158142433 0.5478118950314874
7.071120950882589 1.0091012664382994 0.5648947865256848
8.3946903806093 1.0570597383426779 0.5405968500297261
7.026567231843304 1.0080418151255441 0.5687993956493642
6.805799467980469 1.015253661294737 0.5038886535325368
4.853090210854525 1.1403953846044397 0.12047647579281384
5.256308016802938 1.1490866751027957 0.13829294909058673
8.38165897025036 1.0740133090978843 0.47975056213058564
5.219083554357356 1.0356534417137022 0.43436437583865506
6.282891976389486 1.02219714361614 0.5585290614962142
7.577477313711929 1.1334990103332048 0.23877117069075937
8.337002272179479 1.0449107414499947 0.5715428095169635
6.858610949362461 1.1210456106496787 0.32196262549581905
6.927562369346488 1.1045320698219994 0.3811995116076788
7.0761236284437175 1.0734804890523526 0.48364736812018166
7.874045830412001 1.0319297967627632 0.534522835173923
7.39120219125417 1.0476813743290596 0.4152363446847792
6.978724074740423 1.0200674401650995 0.6104782859459751
5.514982293667739 1.019898036147004 0.44785283213649196
6.3065547426628505 1.0176006232811208 0.5626556282138037
8.204754964986465 1.0465877703655921 0.5156921061611635
8.410154859065994 1.0776810103819123 0.4478063546121352
6.88818724316555 1.0286739787147228 0.4508857779696808
5.48032609496604 1.0209028857565663 0.4544345554707189
5.801530099778583 1.0254405223682415 0.5081136250196419
6.572449060342853 1.007257751551864 0.5709812243570941
7.409984252331551 1.1133587267864562 0.3529628366302849
5.183447853782539 1.0718188261224628 0.3805263072329468
7.0931986068167046 1.0598509365219742 0.5223340049693631
5.168019856926696 1.1240214737699472 0.2481614448968835
4.7444863672165685 1.1033015206775598 0.2628214603218887
7.525907748605837 1.0351842972789074 0.604132420837005
5.585570294531406 1.144030048499603 0.18526294790979794
6.301070117810516 1.0339847165437035 0.3974977695113098
6.230437715969822 1.0090573936666014 0.5328888772053008
6.879281362128918 1.0201194526154354 0.599255463290594
4.825254826026297 1.0931485483301753 0.22407816435889924
5.915528806256248 1.0359657656711925 0.3776847288034307
5.741955339579826 1.1088764812966414 0.3274368937281825
7.95211446906286 1.0382124942882587 0.6016537798541016
4.693437846011896 1.1060558667903102 0.24260489101581983
5.610576998034624 1.129879573918412 0.13225989649296896
6.596916971563212 1.1379121273781876 0.15279180066117246
7.36415599801073 1.029220796423434 0.6092530494601017
8.169348671808956 1.0618545201447782 0.5271060520161978
7.392397026037887 1.013642036304519 0.6152242561775358
5.84353285084771 1.1441600416201185 0.19291168230598504
8.300635113477103 1.0559198093972644 0.5083501758425761
6.726391740291348 1.0302282746385512 0.5720189637343401
7.7969410537284904 1.0845447058731243 0.45525351992959845
6.634053273659859 1.0395607437948948 0.5476621619909184
5.4622955239609166 1.1453644449417575 0.10629506706810754
5.49397426310364 1.0664479643172966 0.41480002750497214
6.372130953312039 1.1435480655904335 0.2052945816545419
8.201420858519342 1.0453279251556573 0.5613274792998473
7.15944789808489 1.0822364307431094 0.29777901516237165
8.05036787187465 1.1158029150718596 0.3124529265152309
8.27555114787367 1.0718057927665008 0.43395065970828367
8.052818760507598 1.0803170791877754 0.3694615766998589
5.454403192991943 1.048979401544562 0.33259169291012436
6.947347604513132 1.0653047278303165 0.4983005577675577
8.307295459467799 1.0822521538797036 0.40659259476378506
5.962750988655268 1.0241717209358316 0.518578831141812
5.592708379542245 1.1171976213838526 0.2943239380096253
7.82626576107455 1.1018316566331896 0.3898059717846915
7.79686104494832 1.0309903590134413 0.6102821376883674
4.877522455800653 1.1206061577019526 0.22821610846858206
4.743950772263709 1.1076217827006636 0.19836512166366835
5.701427278064996 1.1435443519779733 0.11325416351393647
7.50049710323005 1.1183051953369592 0.32940347750354354
5.719341404616136 1.1184294538764536 0.29603786116355885
7.612835730940779 1.0199969215583884 0.6026148647352818
7.110850766057769 1.068851163471747 0.492896232289984
5.120356730974638 1.0664315860269453 0.37966766573224137
7.043992742817345 1.0132850246634264 0.5949723769563506
8.25946272577746 1.070876674264673 0.4391406264741206
7.487946862259339 1.1123462074559456 0.2474490824623996
7.581650997722441 1.038631600822122 0.4787532992105109
7.1378275953793295 1.053813827874567 0.5352444284281641
7.450418333180561 1.0194974735186066 0.5740229530032009
5.312754642747471 1.1127664230129262 0.2904679188441793
7.969154323066451 1.0836839545720809 0.35291435312523084
5.019404936474746 1.1402064701932768 0.1602678747329525
5.56239050571231 1.0332578286296543 0.46680053549877676
7.687882726822274 1.0507352476886165 0.557920750081
6.818952059666202 1.1027357026661786 0.3799199171051663
7.18945942366452 1.0720842607071666 0.4838996283558315
7.159551721102153 1.0301167246012164 0.5890891637514422
5.49192111137889 1.1450752931741683 0.16834548108790232
6.72211252399182 1.0123647524134398 0.5575072374343899
8.148520908292769 1.06427006818757 0.5071408741892123
6.04446154723291 1.035988474324907 0.5079712393931675
5.759651851127767 1.0384465091204593 0.3712551871159397
5.1460716773292905 1.0443100570945287 0.4017909686453898
7.723763685195211 1.0707433934990638 0.3714945225848335
7.515867071277038 1.0529454327036187 0.41564366809739345
5.418015666905788 1.1148402280483096 0.1649604849685617
5.464458723051148 1.125900278889822 0.2562962170902319
5.610043433010109 1.12791182360156 0.13949758448779728
7.269427650645364 1.0290041155662386 0.5931231635329971
8.073822591498262 1.1096753182712793 0.310528796496471
8.226299648008252 1.0820394335868966 0.43390742634919893
5.202897457820308 1.0499014110786706 0.33987015783554814
4.946095594391256 1.0640758417747957 0.3111182606898115
7.801545202826878 1.0361264864603748 0.5852521359864326
5.4709524013888355 1.0996526943316678 0.2013125630046881
6.776283647118708 1.0305150327975545 0.4468725497119114
7.10354383657717 1.0613386141773016 0.5097806201879154
6.621083853636989 1.015038795706404 0.523669726786874
5.741150005884421 1.1470235276229324 0.11749309262717278
7.420719793258229 1.0616234324143319 0.5177112751622421
8.030049823512499 1.0907741629191572 0.3435905281175944
7.972389334723712 1.1133819443375728 0.3247035191922809
5.4930282871999 1.1391424816566762 0.19898077225026986
6.612321624257936 1.0341793622609552 0.5464972821490575
7.609251190047452 1.1022106236234468 0.2799208958019537
5.42990643216876 1.081796391465888 0.24696248692355846
5.906911674810464 1.1014039847016406 0.20585792543630704
6.0692763263224485 1.1475683662057177 0.1372739613133778
7.115107306005621 1.1356535848877998 0.24200756776755492
7.848150095989558 1.038614030046862 0.5654896614570311
6.039032629473924 1.01937616820307 0.4720099920098636
7.874317488751011 1.038919244716713 0.5480056798773403
7.792325545128055 1.0621097978695366 0.5162693360646521
6.7737533698775305 1.0230304442632896 0.48834907172038033
8.121445485924646 1.0981984875163713 0.3453496399530815
6.472920952599656 1.0352851148470372 0.5335158434573795
6.141104669548859 1.0323086210228076 0.5135787252485133
6.216450082280534 1.03046548700454 0.5213379879186619
5.310907322811804 1.0668216399588095 0.3910627914099215
6.983938575058989 1.1387710909319004 0.20255899193884058
7.996814858419459 1.0534440648538737 0.48518763695221695
7.982495065897984 1.0909907239338386 0.41432031527598745
7.1154895531854 1.0380902710342315 0.5619280484583781
7.866627194206082 1.0519052542222158 0.540312192329153
7.581763123570232 1.0339436266097561 0.5209562896115942
5.831191167550729 1.1481071249914447 0.1441790436909917
5.930812498522467 1.0212032663490653 0.46627015599437793
7.086126781780266 1.0371085396616613 0.5615329651084499
7.3610608543906935 1.0460599556914971 0.5518945145003981
4.902331987767919 1.1243731140374371 0.16058186628030055
6.042123122752411 1.0199202133055243 0.4808549709590104
7.362102920484638 1.0293097744199469 0.519997897548297
5.9187353581736435 1.1134504757383883 0.1800291871630583
4.925649681654447 1.1235655963355111 0.21177782696891786
7.3473090400122025 1.026543649208302 0.5757878536587977
7.305506248829801 1.0360293235545344 0.47607138383915537
7.08115701876285 1.0641773546941686 0.35094014124125605
7.138075702869392 1.1136895633247432 0.2299393240264784
7.191711109777309 1.0448904083402444 0.5470321580250467
6.375792698669288 1.1183893955610111 0.18472360784345707
7.801326103984778 1.042844897928033 0.5489623806700041
7.826786680570102 1.073280824809838 0.47559709272372047
6.534956765847877 1.0726349103531825 0.3006615869976457
7.941012309642582 1.0661592909450726 0.4251197357395097
5.151298861310504 1.1341783531122718 0.13449939586439694
5.449181539590219 1.1225628072647567 0.2617728823956822
7.659660271912873 1.0433169689366182 0.48821232326078906
7.65844786672459 1.0357316873210531 0.5433435673552157
5.264086187242867 1.1444119137262847 0.13586887378555262
8.094173142505367 1.0906752463480112 0.3687002706901152
6.323699990214065 1.027659701239286 0.4422247605024297
6.413981390298066 1.0541789496346343 0.3485564239976441
5.3404367827046855 1.0522102497751888 0.4103649822664618
5.30403927892181 1.0484920870384913 0.35168951818635313
4.920977983580062 1.1042455060408876 0.26741598986677195
6.666118704189959 1.02975838871765 0.544672456384686
4.995715227882002 1.065557805892343 0.3459389492371007
5.059663772401732 1.0630566847567753 0.3170820526901873
5.439138650951431 1.0370064895932114 0.42506005700245353
7.484962549826575 1.123191694718539 0.2417846401511388
5.468078350729858 1.0378500791410208 0.3900264242044293
6.309719745931103 1.1264571486181778 0.16772836913088213
5.589731932163923 1.037945784019831 0.4481208082436142
7.79895591132731 1.1181240378286368 0.2831835177492563
6.090580470080621 1.129920749834716 0.153541783017201
5.4131706059762035 1.0657827771468202 0.3969821628072086
6.28796317687398 1.0748948503422273 0.28681333007108933
7.874726340214545 1.1142558049828382 0.30800110043260576
6.512616732816904 1.133702349320913 0.16592761480145776
5.071708196891279 1.1276000970138798 0.15064109800204295
4.925997554973506 1.1155592363818967 0.18342896759906696
5.697665912339092 1.0692058407714262 0.4119315846084428
7.489328249624577 1.035034857838134 0.5547960261472619
6.322854000252207 1.065903972692705 0.4561692284226609
5.012594801766626 1.1186519153921104 0.23482215905082582
7.496658149141581 1.127251844606353 0.2668611897225062
6.766673183001339 1.0238683761269138 0.5436411587263096
6.78723999480863 1.043152893028454 0.5280600828782963
7.999249585462845 1.063279230927226 0.4715855677997399
6.354706565603733 1.0682202740293036 0.45200595630889506
6.3809346210830675 1.034477114858726 0.41865052867758257
7.359957950237339 1.079518125237024 0.3268390791280834
7.682891594048705 1.1220827622083633 0.2724773761633939
7.379168867767431 1.0684975039687423 0.4853180545987186
6.018463652876488 1.1105139444102887 0.19235316997284133
5.620748638334856 1.1302652242083808 0.14268927563464814
8.011052158524018 1.067937997831196 0.4463416267682984
7.612973466520513 1.0939506601457527 0.306221770811751
6.69310039925856 1.1404463905471265 0.19468160050412683
6.635367322958473 1.0289715359461578 0.46102231997202164
7.460265267248269 1.0591474870888826 0.5114514577764887
5.520257804213623 1.1392172405812948 0.19091129665803833
6.67614279873195 1.1404363425962272 0.19816794010255073
6.668396325343005 1.0630948169171894 0.4781174411433537
7.724640776072793 1.0471987876732913 0.5318294938608926
7.6155588018923925 1.0402520186293647 0.5414346205100571
7.454654522202503 1.0804423387558182 0.44995701615057765
6.671728197055446 1.0279523317182717 0.5387854509229654
7.332774330991311 1.031715150554241 0.5256994374690475
6.251489278868423 1.0379750610901877 0.39995300889906404
7.936723544798497 1.0715093518084426 0.413842018128671
5.760585631926057 1.029169718103284 0.4423117383235414
5.453955192462454 1.0437837561381709 0.4239476723015683
7.035044247329203 1.0376544990748662 0.5447202403406065
7.9338313721689 1.0848652796664007 0.36602216570126495
7.1262047302704445 1.0565442395774636 0.384295665002095
6.897444046939045 1.097509667584182 0.25694810716038297
5.465227922314389 1.037908846469953 0.40451170983217744
7.254489577352334 1.087537509179895 0.30024656463251015
7.8234282597598845 1.1043464812128736 0.3577840280258737
6.5040978663246705 1.1155450204021102 0.19959773567165262
6.462079676135655 1.0769032854452114 0.4333729251222074
7.779634049287738 1.0978430903752479 0.38481203153116667
7.14734653247981 1.0848195808862713 0.30148854855577656
6.903085963896544 1.0507053754928488 0.3903771048753177
7.633689982598813 1.0454021059576664 0.5305117360509413
7.683954152008365 1.0489613591420315 0.5238100838358817
8.022632909769232 1.0887518305967896 0.3839407112558196
7.78347248892495 1.052562679900257 0.5089324298215381
6.874640654620961 1.0536700549325533 0.5057861318002058
5.291984969538303 1.0628759538358707 0.31083126683441964
5.970159782563739 1.0579761449549692 0.32711675512502614
7.2278655551899895 1.0675081721301545 0.48159962481280927
7.577461419069236 1.1232517121064545 0.27901460191349414
7.544291302149688 1.1167773973732027 0.3172894053086521
7.622073671859484 1.071355453417751 0.472760918406471
5.124040396580293 1.060052631861555 0.36120576065989307
5.627268817001628 1.073977236371526 0.3937716492922868
6.511217374192562 1.1410927651428642 0.179650932469968
7.8970383255397145 1.101502370339052 0.35917515797593363
6.4036495778592375 1.048025689297873 0.37342023692906234
7.218523256300614 1.1314408252322383 0.23140758424899735
5.599510753231922 1.121370728955088 0.2693480204705669
7.726395453119494 1.0584274126056377 0.4435546317375269
6.595443523971639 1.0500276427810598 0.49930042954658177
6.770488531942613 1.1141262374662482 0.21578756762153078
7.992262421463465 1.0905955972019208 0.37448556098190383
6.3832457349925225 1.1093255718297803 0.3378586198892864
7.937705171489183 1.0928406002010198 0.38652690801370965
6.605561242168118 1.0868736037422535 0.41017577565389857
6.139119578329911 1.135176973689226 0.23343500282951923
7.466905730075789 1.1116498713170475 0.2615324978620343
7.202770140290033 1.128962509370841 0.22353352907873206
5.655454654536923 1.128574636355181 0.24467789603736428
7.837486790458282 1.1106124621294473 0.3074375927075546
7.538637839141522 1.0425133465310519 0.5138000455679677
6.795278115333312 1.1221319301981016 0.20257812503240502
5.980674126054245 1.0981594044666076 0.355136109005583
6.276646130397349 1.1270206807189909 0.17034454319758174
6.4175233760862245 1.0279038081938654 0.4680521320012283
6.675952141179186 1.0448470750328709 0.5106363463261234
7.501241746401265 1.0631984520424294 0.49179229627653487
7.0945940778365415 1.0850447673423358 0.30033359630362355
5.045836967466643 1.0737633960258046 0.29798324749335425
7.210279397920607 1.0370732026665603 0.5342561679118468
6.943698255205339 1.0331021778492535 0.48034608905294235
5.938923922455954 1.1227550161113666 0.2784508638599178
6.067667600041464 1.0337062379820032 0.48190963227940603
6.071407837549154 1.1432929565692356 0.16750413032877975
7.554449355844881 1.1202369030265102 0.26221904720144007
7.728396934482051 1.0759512394313364 0.4515646559253329
7.502014790807966 1.076719847597648 0.45359451597345307
6.582120283510061 1.1276073198787155 0.2755303425009096
5.9469549039158665 1.0463179992273828 0.46166761547965074
7.296729305239294 1.0402142252675295 0.5297051816976442
7.947493841068177 1.090472788166676 0.3720894104815826
5.92534497713663 1.0944772343894618 0.3611920438192564
7.615529409565184 1.048548620180231 0.4947260873625323
7.93320955311591 1.0780149937851897 0.41646263304097975
5.804311587957548 1.0350564348508224 0.4526856157444945
5.815470282357191 1.1438720267484686 0.15309685173128135
6.442585589027688 1.1366647620798749 0.1682305547426316
7.755016019342477 1.1035873351255383 0.356594951383725
7.680022300311537 1.0943817930775135 0.3937035501596174
7.1313409496033255 1.0596476229994438 0.4942910884611972
5.350179357529104 1.0637942088339083 0.3846865049099271
7.710008509653051 1.074636104867761 0.454044906617589
7.49884737838039 1.0459627943322547 0.5155869648794279
7.095890387148149 1.1161658045201173 0.3228971641995193
7.428414219000938 1.1214402618476818 0.2942590664970831
6.176044870792754 1.0509378454839926 0.35852854873728296
5.508570576887255 1.0831185602605462 0.3625982263392046
7.268929163516084 1.0937421934885392 0.39895782962789755
6.351584295484214 1.0321710819635361 0.4453528379912656
6.25835953896733 1.1041134201917722 0.21975794044428026
6.142261556602602 1.0308484787156948 0.4757969830636275
5.048087553123775 1.0877946106088994 0.2585820672374919
6.032722887027713 1.1062395601761503 0.20812816212665294
5.473677216686797 1.1402976210061404 0.16517583244450548
6.593352967005757 1.0910407282500671 0.2635966009077917
7.09530722405481 1.0395360501626723 0.46784897986110974
5.209324881428808 1.0862316458213612 0.25314892669012073
7.4206771335404 1.1249632754569434 0.2586670170067308
7.808884591481286 1.102309927969973 0.31906190679556673
7.473255096361806 1.0457493019938895 0.49792909735628804
5.667094061125443 1.0742536876199447 0.2813718504709831
7.0759663189379935 1.0399573666124926 0.46358835548104627
5.299410039354532 1.1192586576873196 0.2513111057365222
6.227560676165398 1.0321696223561017 0.4838343052669575
6.026829332350566 1.0765402472342374 0.2819993405029899
7.124936317688919 1.1129453356645722 0.3328522627994176
5.7338061297756955 1.036690277699181 0.4286602502407385
5.535683745286832 1.078488457637804 0.2698344629390001
7.310019743304647 1.113788224935413 0.32809110196845853
7.034367055226367 1.1290182589567777 0.21571220985466372
7.485959890996995 1.0672351889609506 0.4733314273090312
7.525849422240169 1.069859920544529 0.4658797765401662
7.366681890343873 1.1114687153509928 0.2601320783866182
7.275541825178136 1.0749449526819408 0.3437586686893852
7.453264458049505 1.1216526158983273 0.25828112174322965
6.801911722716445 1.0385885021382417 0.44732136778326964
5.833981479626395 1.1379875771754704 0.20034245242619952
7.27991254334516 1.0724150467520521 0.35243573111820387
5.4267600159314675 1.0503551599554304 0.3634007677386285
6.65392235533737 1.1171497763247673 0.20911825272615572
6.250673243029965 1.0459579467474722 0.4769211201685028
6.534487616498485 1.032963391180685 0.46088250797585784
7.088062126354465 1.0384406778809037 0.5127225234572224
5.984811416255001 1.0356690760482739 0.4599069425276459
5.881299400718422 1.0354211287563089 0.44375729529753316
7.337533403296881 1.044251422155664 0.48702120269717625
7.839747706575675 1.0993806468942495 0.3433453301093824
6.610402334046666 1.031788818709544 0.4835851999477551
5.013291828425494 1.0877786464910222 0.27214669100602096
5.219799856642274 1.1320467530527858 0.18397985770733147
7.837678923210879 1.0943307352429965 0.37003117673120867
6.68775474244738 1.0645898252890924 0.3409140190134168
7.6127938356825595 1.0564280686774308 0.4670651485244484
7.117460247100574 1.039201036629986 0.5057277447576071
5.422628755082069 1.1116922296033904 0.18957219044885176
5.202071512232619 1.1100717336659016 0.19726105870847815
6.571758781997161 1.1093360112722055 0.33722782194783907
5.13380354231462 1.0763930336199836 0.33261210027668076
7.166819847049922 1.1286379355637004 0.2551621457955116
7.038095983262544 1.0433122076717973 0.5112742947323761
7.815540545347769 1.096332411892423 0.36421363762982323
5.444537136155777 1.068980041278936 0.29961216204444685
6.094547569195514 1.082214923007486 0.27077448605013377
6.599463795718107 1.0959856859592878 0.2541310786198257
6.051242154376586 1.1407888227681107 0.16135164198064944
7.464131191267677 1.0501307202064236 0.488689383422548
6.878910817615134 1.0964581164638099 0.26581660810483165
6.993270844758593 1.1028570005676481 0.36403493082366384
5.09663651917003 1.0839993659057243 0.2734172774776112
7.378391828037023 1.118303906210347 0.2549711619165536
5.912779039787843 1.076105839184165 0.28324570679764854
7.572380688114823 1.1056523684446553 0.29055054263701796
7.221128832099847 1.0557363427537925 0.4931284921894762
5.245311493380939 1.0866351991157814 0.32818078167187814
7.657954540452941 1.0854446790032024 0.3497653344217966
5.008355360410583 1.095587043939297 0.26595128123396533
7.16914115110926 1.0422954153085549 0.48253702113206565
7.3513035789035115 1.104291008703161 0.2760692398441641
6.57676748667439 1.0427733375868449 0.4937819188779047
7.512820533660079 1.1143769615315025 0.313727327363193
5.706354444579173 1.0447979525530295 0.42712937556276415
7.5460020964439 1.1148529028133967 0.308525440745034
5.132865492092439 1.07771583327786 0.29220373262749144
6.209059514384265 1.0720104111433484 0.4230088204697626
5.889649724846031 1.0486596764575784 0.44287813654884306
5.983261578598048 1.0789177383318993 0.3959211640547737
6.5706310958637655 1.03823349453493 0.4395622678339037
6.264560656816844 1.0784357618183606 0.4106580667632858
6.449637983616672 1.0860027701802213 0.27419764265477203
7.5847374679547475 1.0594620954611271 0.46292712769089855
5.377382454052732 1.0536519906092445 0.36673105173517273
7.748260498016448 1.0962863079422436 0.3345156461868825
7.44530407198204 1.053260799400142 0.4839932951060704
5.894101789450254 1.0678233495248448 0.4135598460236062
5.33544613859144 1.1336512614136176 0.1828660115606503
7.155233421836728 1.0469943046683587 0.5011294661676653
6.935573153917288 1.0899895695966726 0.4008473553663687
6.376099291196043 1.071358583358684 0.4317202770813323
5.22067553821676 1.0721617346066894 0.3460318605802305
6.791065671983532 1.049994207749056 0.40147494225294206
6.611481603485865 1.0955620789082763 0.2577827263436255
6.59879532230101 1.0419278695966874 0.49099717687522043
5.94787409083666 1.057693108302571 0.43349527939370397
5.419868289063727 1.1126194436477994 0.19111463113585836
7.326154222727711 1.056899097699002 0.42420633558307336
5.093939180032937 1.0847451957798888 0.3034592366034772
7.541046754746819 1.0884911933535204 0.4023427588994139
7.646151459218194 1.0817119708308158 0.4166385026091386
5.446398363805498 1.0988380326845275 0.22376075852798055
5.3802307569739245 1.1023713483263802 0.30137819024696977
7.674844610597109 1.0998111059433495 0.357061065482333
6.866932099235019 1.0833321336438042 0.30077501938037193
5.418451240482899 1.0544217161129688 0.36169438604622134
6.101044049872716 1.127787016096017 0.17213986019114116
6.738458534049261 1.0632923112022603 0.3521425128533079
6.259920758691516 1.1381650098769907 0.19539684869968246
6.553689255118959 1.03638017382799 0.4775884053514099
5.212143316591629 1.111022496315123 0.20097871235530607
7.105196683903543 1.1212500835554216 0.2341444101199909
7.088628681577202 1.081880214655668 0.3171313788700389
7.614585649052582 1.084089647726895 0.4108052422724139
5.6151020358929085 1.0620469355189974 0.32417448932122095
7.680981941277517 1.08331711140276 0.36765180168774564
6.443333864191279 1.1075575897841776 0.22447145452012923
6.885661273775591 1.0758003747775555 0.43590342305127755
7.392270324032742 1.0615128201861197 0.41401003904058903
7.451103842905377 1.0617921573212612 0.46781366989217077
7.162056384544705 1.12278727853561 0.23889109836615693
6.113331947059683 1.0402253593540123 0.4147114341090254
6.304777625400208 1.03701995317842 0.4635592925845027
6.154812360963357 1.0452340630960861 0.45982845055879684
7.680087463704561 1.1031856200956633 0.3389346330361281
6.458878111591513 1.0768307640430523 0.30086848042940084
5.0658481973802765 1.0951207848063844 0.2710005835662494
6.074518928930232 1.0845079454158 0.26834095146650055
6.619932063586704 1.0943016511435169 0.378985551537622
7.298279273952144 1.0552183482037427 0.4344015253085926
7.1512790324449185 1.0465962444245158 0.47988362196313106
7.317592142383841 1.0568710993873998 0.4765956848109238
5.987350781259774 1.0395141786259494 0.428733757759456
7.6478444016773945 1.0748784312858453 0.40115060526537866
5.145884755093167 1.1013880830756566 0.23081046443467548
6.242244903033145 1.0739647133501664 0.4162130720130956
6.601085804413167 1.1333582190025098 0.23016498245117106
6.691243344304448 1.1337018093921505 0.21852056101665082
5.321867678883242 1.0663592414516736 0.3590277804524361
6.531792719699938 1.0411409235600808 0.43245423004597977
5.340111737377029 1.0803386625851321 0.27715209895289017
6.252905646872698 1.038577823141628 0.43542650197758526
6.642627128267122 1.0514407560555235 0.47670072358220106
5.675239858735029 1.0653176456620663 0.39763459737156237
5.722303313750107 1.1368419227282893 0.15918843381059686
5.924697698474674 1.1363023293885863 0.20131016718202746
7.2103549008340035 1.0514781454556086 0.44745019453061136
7.404769109124691 1.062256399277738 0.4179698019561644
5.2167755628719785 1.076678941058874 0.3312939095466058
5.848780316310238 1.0434596461051184 0.42557014666027515
5.470234780350992 1.1005864856218168 0.3101046477975623
5.183017182667379 1.1036047721391453 0.2739713468018068
5.372757462717521 1.060083529591188 0.3477921190829569
5.133316890076294 1.0993713397513099 0.23953519591907937
7.017613712442712 1.0559573986783306 0.40183637672193145
6.8147672771425185 1.077793473999645 0.42665833013726423
5.221617522896834 1.1102268862890028 0.2067032718105901
6.097246692581255 1.1380204248288837 0.18564214890471706
7.295520169839916 1.0564889675161744 0.4733896537239392
6.606298361890827 1.0395031175703733 0.47249731018666574
7.448418609193443 1.0911891633334316 0.39157288258406037
6.34797948832111 1.134983464099614 0.18234920824279044
5.225481936661247 1.1185206072115577 0.23107260258296722
6.320709817627288 1.0394597495705247 0.43493464811685006
6.89656345918824 1.0552825502705974 0.3948505185332729
5.326144211977871 1.107409534271907 0.2796019363929607
6.176889208341597 1.0420435696824755 0.45568700441914867
7.257909567085164 1.086103743451286 0.4089884452497631
5.198765040778424 1.0754683247506254 0.3254510445818356
7.350362231424002 1.117932763487572 0.26359103054305005
6.993121581806596 1.073391619208771 0.44057719101060905
7.633642512663217 1.0852868248861114 0.3968520441497163
7.342032231868442 1.1126436712152807 0.26758143824569564
5.519444136735924 1.1172109553137044 0.26428504336148456
5.10421607363895 1.0937198013757115 0.27423550131027513
7.5883221446118 1.0913404965286309 0.38305925219488607
7.254619200785887 1.0922555757203969 0.3035413594349004
6.2412854996161755 1.0604123387484548 0.4408850686747407
5.818373851196071 1.1246265168457228 0.2544420271313374
6.8245085907403364 1.0613890461209465 0.4625423561539178
6.240155660524017 1.118239964741441 0.29358049103711786
6.63866719494953 1.132990287510438 0.20643576649938053
5.998033892372586 1.1022782220666776 0.3337531282850601
6.3221069280717295 1.118513963419249 0.2001097096991214
5.475299114461478 1.1181210908631767 0.2572437757221639
5.946460706506157 1.1258559799434698 0.17489563185675003
6.77004703118155 1.0795299008521888 0.30958768148789345
5.112971260585409 1.0990713859930368 0.26639151642088993
6.167417485634999 1.0630363635415878 0.3329030509619334
7.573202453933829 1.1057030741071907 0.33166715898473687
7.143694069716943 1.122756783376776 0.27852685742648725
5.452545056432518 1.0925257877220498 0.24430999449686674
7.257416826649159 1.0561553020827181 0.4687703043803975
7.535028012134047 1.10993648172151 0.3147904861980177
6.778974654181663 1.056798474108912 0.46805781995757406
6.497183100648968 1.1216723839511098 0.20265570318669227
6.054375904390916 1.063875348557872 0.32815730256608555
6.915320164919073 1.064603617743182 0.3644162012108127
5.304918977660391 1.1252896292572458 0.20704255478928527
7.2473222852882735 1.0951012187146154 0.37925703757463086
6.133770378120936 1.1117899299811431 0.3101944869930641
6.955405970883199 1.1236586700832705 0.2777562100641613
5.483532560595776 1.1156188938796128 0.26480218238035125
7.427777807909173 1.0855764091930833 0.4038433308587168
6.129454191096293 1.0517519100938157 0.44344616181169894
7.1869013288996655 1.0708790017093561 0.3643372886932289
5.316764121433685 1.0939829092805682 0.2460461054854475
6.096943833160434 1.1358800198982297 0.17786775499747004
5.194790585103423 1.0807649956940737 0.3027522538836515
7.409001433868237 1.0647029496390474 0.42154947670253506
6.124280258272124 1.1104335655809925 0.31339700653782887
7.281733335143555 1.068834728499729 0.3820970861630229
5.531442566877283 1.110241147637036 0.2033745784998389
7.01655047441958 1.1193211601934399 0.2948573300092724
6.015436301883302 1.0475067762008101 0.3910622370663621
7.060811908293134 1.0809082360383355 0.41727762067013857
7.348084590803861 1.0657842115420813 0.4446754958525879
7.0482068724571185 1.082015368316372 0.3212172040472749
5.978443992862342 1.0844701825979328 0.3743609136985755
5.316962216567573 1.1089940526755047 0.2674828561943597
7.55756280225321 1.0796558453501768 0.38599878325640624
7.395817621729094 1.0653543731683681 0.43446492808799936
6.4726759106663625 1.0875157685753227 0.3872349903042688
7.463808796599691 1.1059317825004256 0.2968482752943642
6.639221816125399 1.066292989602918 0.44160320548605153
7.492523202674649 1.07275166088944 0.414562608988661
6.9739266502354145 1.0500602533262033 0.45996253923391434
6.52035476259681 1.106273055880436 0.33595887818539105
5.396407479609056 1.1238337183290315 0.21989320025206494
5.833181048374312 1.1352806950163115 0.180559614716144
5.8321202790359585 1.0899473087954452 0.25553475540031795
5.77883635600876 1.1025636328277215 0.2240821486070634
6.190010089026812 1.1186897668573315 0.19910338526008733
6.539281239225815 1.116038072593299 0.2177695984606416
6.587248141257273 1.0447968014243507 0.45294692982204793
5.320657781381746 1.1240287002140215 0.20148753399326072
7.119977599795121 1.0711439257457782 0.36195997439065203
7.354658581023553 1.0692233058853093 0.43477932336942937
5.384614556637771 1.1226175967712297 0.18724014999423083
6.108091708472896 1.075202505037964 0.39960831019292803
6.629210316904864 1.052959831874826 0.460070113834321
6.066221108195231 1.1088896172007048 0.31367447798560916
5.193701637639144 1.10596393794566 0.25019100208250405
5.480654883320163 1.0807894673459282 0.34668980361020363
7.281102171746092 1.0666473274882455 0.3988214203293478
7.301395629866077 1.1165958824127629 0.2905953914440263
7.175308066047911 1.1199943906445946 0.25706167341496133
7.523391303333701 1.1045959670636598 0.3185182301084381
7.288943987300792 1.067557436640838 0.43945794226609236
5.289819076751945 1.1203962516387773 0.20326472652373442
6.693085467489617 1.0710639240519944 0.3352146225415507
5.412917701870612 1.1270024026888474 0.19094000551619708
7.460824217876263 1.094429438117107 0.36733329236044787
7.475018342471763 1.0758136485886194 0.398934749000409
7.023584198900416 1.060575582964408 0.4542275596946012
7.140082207580047 1.0730165985376103 0.4317809945432851
6.64647795332764 1.1255493399545977 0.26508420219372153
6.279833698297383 1.087181757518273 0.27463298939611297
6.535767885820931 1.0679294237432377 0.33777234588395405
6.781043855614877 1.119013424131517 0.2271150180271185
5.645535771930589 1.1061939940971603 0.21644209790545474
7.118526023780735 1.0736155724297745 0.4302491747298973
5.4593293649644 1.0979302694699649 0.30771305173899594
6.010393584459928 1.0603872912281427 0.41778233103038903
6.168069218016324 1.0459698341365207 0.42700361773641005
6.552409252429399 1.0699920235843794 0.33279472540046257
6.774471945133593 1.0968370071488271 0.3661931304821818
5.543515513202307 1.0804968083090756 0.2830927537151234
6.3925573450654625 1.046109628308807 0.440017086459008
6.6846233015035725 1.06954593348454 0.43209381028812405
6.347207064257999 1.0651413006217396 0.4281040332298989
6.4596014799625685 1.0866390175988416 0.2830548488212945
6.357761140912926 1.0851084629881498 0.3861167698386379
5.82114179583367 1.052074119254853 0.3820472106822994
7.445149221144494 1.0785943097783284 0.3787616290214554
6.01753199666828 1.0499749228337276 0.39029104824298955
6.344380109994223 1.0745047590716057 0.3118165455730457
6.772797452627701 1.0498256984082475 0.4408478693333673
5.819635639383737 1.1152141503853268 0.1998522032839769
5.692110053138039 1.1284308319375058 0.21869028990984712
6.930887068830858 1.0546814012840071 0.4233749880290459
7.155179554763089 1.0661910409843296 0.39064728758116324
7.439543607793327 1.0977008662915952 0.3179134162681631
5.268421395015444 1.091367419847703 0.29615857117314415
5.421280653578542 1.1241647144452172 0.21090171614369238
7.114515117236424 1.108715540001755 0.32834485015043813
5.75138114845975 1.0931587986884477 0.2498842281915745
5.44071439467446 1.1031018331089382 0.29080156826865416
7.374111421380961 1.0944530564047366 0.31865124720376403
7.393244961214737 1.0894499343037225 0.3809983978775618
7.476843414441776 1.0853298069368829 0.3824330536750235
5.550314090494261 1.1016760614766221 0.22939109234060528
6.133713741318919 1.0698983493292773 0.4075914707335732
5.528670114132703 1.1247420009765883 0.18570966812717984
6.82538329463482 1.052721837466019 0.45047052138160837
5.817275952559003 1.1267701979485196 0.2342931076350456
6.828891221542399 1.105550935896949 0.25607619683837135
5.875677901538253 1.1136715268537238 0.20462330543836188
6.42028901588059 1.121243244321234 0.2791719210771608
7.1216789559016505 1.061934806049001 0.4108146798758271
6.540584679933497 1.0752732863813217 0.4135070794124671
6.528308622142992 1.0496227625397092 0.4458337857883284
5.2748569951451145 1.09892700959676 0.2792245762875768
6.838417013935418 1.07389266177231 0.4238455821811475
6.362137038473287 1.081756708330123 0.39244915463141145
7.35147824071975 1.0810306065227016 0.4017986990234149
7.496180150896926 1.0925230733779356 0.3488278662713829
6.753643750613223 1.0520798001564728 0.4459699155583232
5.685386901586398 1.0869671033504325 0.3460645370053113
6.550921397761833 1.0599112149404717 0.44046920417829377
7.1070279456729715 1.1202029406881675 0.26219914854400694
5.854184654825858 1.0741112844879808 0.30353058261195554
6.0560965006182315 1.0748753114546965 0.39235465335957026
5.805693946412287 1.1142740203911277 0.20378799677502246
6.573888982925105 1.0502008824586975 0.4408028707685606
5.632311714601016 1.0660111450893595 0.3745466406489257
5.897478581195326 1.1279591301836325 0.1841062437370798
6.90649208963214 1.0668134638743056 0.3686129013362181
6.710081707042724 1.1275922685406345 0.23836180985382194
7.2821723923596835 1.0912993139614198 0.3211033506692937
7.349217962401916 1.0823736034975242 0.3563710454726916
6.260894222069453 1.0507822933820838 0.4301551587697285
6.885859412226775 1.0968773727215604 0.2799699695790543
6.08699619829205 1.0607525567195626 0.3501386688555762
6.399688990632262 1.1034012230181471 0.24312416159312264
6.076293627646091 1.1061318973706484 0.22688065712808278
6.783250928081712 1.053253830570385 0.43025896998053115
6.141957648782059 1.0547799755861664 0.37556330075854555
6.611045475955962 1.063374693019307 0.4355559690847164
5.416356588169881 1.083277956432443 0.28547775187564145
6.126899602223988 1.0624972519077667 0.3455092285117115
7.317366081943069 1.080508891931425 0.3998870886104827
6.8667202847248365 1.0590259694295963 0.4428316137472299
5.907608206417104 1.0535282332185036 0.38577398808150676
5.593121699410164 1.1139293599339 0.20577345509178632
5.451355901854679 1.1135456456127795 0.21036264720061593
6.526854973864149 1.075322536225878 0.32021898213106875
7.064552863370729 1.080261724128735 0.33660020157928533
6.325400119340518 1.0697022450530664 0.41322443188314956
6.044023161788015 1.0578540150476685 0.3621007035301068
6.048114220813378 1.051969643324368 0.39447336704867575
7.213634743410074 1.1114057886442104 0.2764982113686126
7.002343362149091 1.0662691052266118 0.43303652088717653
5.31030232979505 1.1051754436814818 0.25908117840512135
6.966496200060162 1.0633326963024265 0.39244271650250423
6.8552837258477854 1.056225276294636 0.4345177442018947
5.713367805955496 1.1053101925973432 0.22443269761444085
5.338252767585113 1.0843294616152839 0.2968018424547917
5.704551447084935 1.0686570834488587 0.37508752485753327
6.5039779722374575 1.0548542244632542 0.4366334946199239
7.3951992051758335 1.0982778441312602 0.3222262450021795
5.380239106319561 1.081097118404385 0.301290468887345
5.938690306232807 1.131053911452648 0.198154448684382
5.541191341435008 1.0818056358216532 0.3405628280247552
6.613651895397153 1.0738017507215207 0.4139146390049769
6.449709712511746 1.106484825617681 0.3265808722313828
7.058856588573326 1.0738990580191694 0.3597368178483165
6.28574943334328 1.097128389539068 0.25569780640841905
6.258545751807418 1.0950090203004275 0.26005903162186
6.799638031317446 1.1244277436507568 0.24064881074106553
5.408164862352631 1.0776596247963048 0.31949712520630863
7.2763893799032235 1.076458080153975 0.39927170894667596
6.2044411312276875 1.1295621522481718 0.22310710143724197
6.156521323408244 1.060283275333353 0.41494915431088114
7.132742745349065 1.0670794764634957 0.4069773688426906
7.125823454527298 1.0804714060720286 0.401754449478196
5.486127484012998 1.1145959976718864 0.25009117984315715
5.8076510500811 1.1185131893051707 0.2007330845064765
6.042105687353828 1.1196776413854488 0.2027823702043947
6.782158011254557 1.1019662431293902 0.2664695922021894
6.2704055773685 1.0525684986677573 0.40735693447267934
6.199587363855967 1.0542437765198578 0.3899369267857535
5.6157791291521075 1.101811407545113 0.23550861437453205
6.169562529891344 1.1123209698189684 0.2991118292883586
6.377858540497201 1.0579321890579516 0.3778328878830547
5.355915186390723 1.0977310854644586 0.2594277411747025
7.371719783735719 1.093752024247215 0.35135810643689863
5.744097893411636 1.0676337853898876 0.3305618890978046
6.610266722503583 1.0575115002279438 0.43160825657259366
5.632100899396697 1.1068068427168303 0.2244777228239901
5.403595391191715 1.081165214063883 0.31125531676905605
7.068018115500818 1.0659772447580635 0.41261628133436545
5.506708126389359 1.0724904481616393 0.33699707175603255
6.972276105436192 1.0876121185543048 0.3129413046742834
5.626465752332644 1.0825915484739708 0.3434390239057788
5.654180686735117 1.0989318905951615 0.31069267581127286
6.180669873636447 1.1052299644675299 0.23580003322498602
6.314164345476515 1.0821225332874056 0.2965889291798383
6.44502894401645 1.0652692321116144 0.35303838799828735
6.055530891287406 1.0809866306473819 0.3743984611305337
5.922541331763522 1.1054293700899662 0.3091257486463994
5.741553121764127 1.1177700226074592 0.25917500318743136
6.027890481646592 1.0862830244976656 0.2781113155914482
6.550792638596764 1.1126935291398272 0.23469224880947423
6.0536720786522 1.0725100799298646 0.38993923977967393
7.265903255053162 1.0854266497876452 0.3806353802462524
6.952374296878196 1.06432623421763 0.42281854796124646
6.933104106715016 1.115789657162778 0.29400564460371986
5.882192288020137 1.125843116337296 0.2299821677489022
6.665461381545802 1.0566590852605253 0.415066296942211
6.52063294018021 1.1268936957509346 0.22807334687031064
6.7129363987928805 1.0658758293524904 0.4244415897090948
5.594545792985743 1.1228148461372531 0.21667402815637846
6.532854221729311 1.0769773077095406 0.40047618379308125
6.621771818716109 1.0567278562757145 0.4207339253675968
5.907787609106876 1.115086287703659 0.277306585825796
6.608479602018702 1.0592471127488168 0.4252111501001856
6.317587249777812 1.090966298080048 0.3615548292538589
5.575476933070233 1.1200041756973216 0.2078324857262445
5.924804854369469 1.0811936693533728 0.2915621932871604
7.259941205874814 1.089194341698877 0.36906829197005553
5.989467699525253 1.0604544416940236 0.39607138865013564
5.495468154276807 1.0770073982651824 0.316826464746455
7.189825869769962 1.108977180691265 0.30869275096416354
6.4689101458281115 1.1025183123657145 0.2533440993839083
6.4304711034914686 1.1150054503264422 0.22690275495997372
5.877834156422827 1.1179169935246216 0.20614087745340592
7.275262853063998 1.0982367018626404 0.31616166370171817
6.835119155837786 1.1052393282884903 0.2653110036596812
6.571298241636825 1.0852113506895371 0.3822542794125692
5.730990257799926 1.0730687042419487 0.31649379130738814
7.003733695456539 1.069361792280551 0.38305621354724134
6.197903066381167 1.1205540596717891 0.2675237494232678
6.498738981118171 1.1123963332387579 0.23489050196131195
5.7521734935972315 1.0665546534451633 0.37030334741366083
5.627370379216625 1.1186533611770366 0.2076712181730146
6.556177247942811 1.0705426133687395 0.34322508213695996
5.668971838974105 1.0866376539548441 0.27751348080423816
6.1102579384790054 1.0891917446345212 0.3568869945994326
5.488454604197386 1.085691131001206 0.319322274944968
5.809999255273377 1.06280722265905 0.3581589421587179
6.822960665797346 1.1148217666851064 0.2969887676884391
6.049330104578839 1.0970723723644151 0.25358439854617804
6.7993277559331275 1.0641959303516253 0.4209688101296976
5.536885106161256 1.0747805344996713 0.33306200681763387
6.781981682315928 1.0686369312972304 0.41744330404276064
7.0764601865773 1.0767495121632111 0.3608061610338393
7.049541733277229 1.069567164599712 0.39658678592906493
6.183566390086089 1.0630489624422532 0.35582074916899686
7.246156572726223 1.1038756662806435 0.3051886734947445
5.462251800733554 1.0833200773875258 0.3142838646568672
6.075363895413705 1.0644841036299593 0.39737916877626384
6.2056008362107065 1.0878313120635492 0.36324809028950694
5.404060502522679 1.099466612939809 0.2683075195741229
7.262759352056069 1.0935259846762022 0.33077572459749544
6.354287867407425 1.0726812791813123 0.3994776216940845
5.760270246814137 1.0879991866617482 0.33886216396727753
6.413115519327356 1.0590255539281477 0.38602664588258906
6.877165544607509 1.0646759280856672 0.401995246151075
5.589045464052852 1.1116222768407371 0.22220465440307974
7.007433018830223 1.0741617384211744 0.4036135138737782
7.236327338924742 1.104170622072154 0.3094952047612124
6.486593378198304 1.0667188523313216 0.4122540454939658
6.754077434884994 1.1166375115351748 0.28792766184960167
6.6207744968381235 1.1061504234103956 0.25449931679400056
7.2523671759873345 1.0946295414640104 0.3474653690253698
7.240590594951776 1.0970899923364836 0.3204147693890822
6.4797973102781725 1.1059856339855254 0.3226377879337162
6.180067677616458 1.060177177019555 0.4018709499333555
6.969665138742421 1.0722433546689467 0.4055525909932312
7.13233723831949 1.0812291773210356 0.3856644010762114
6.753925308668158 1.104862357865796 0.3294242690370065
6.395686061734962 1.1257590581421375 0.22681307790252225
7.163056483260865 1.079048437247987 0.37994300734867376
5.478103336706097 1.0980696821127218 0.25933576767267835
6.139273149628329 1.0699811181358352 0.3922035911563525
7.234406233144059 1.0862277638996847 0.359723045359844
7.256934388800303 1.0952907753153032 0.3318778220358455
5.541879422062854 1.1132092392088477 0.24785565548391886
5.642149208706249 1.0794672234598217 0.3420345173554844
7.016077279316626 1.091260502338241 0.3668282101133551
7.166772972077611 1.0815499748761634 0.36212009695187325
6.144432810478776 1.1233683911968548 0.2102494570417992
5.479080242379409 1.1023098119721106 0.2760496200451074
7.224657957044331 1.0955474350142491 0.3242939840196091
6.8428836649763465 1.0998309258990253 0.3440164018991274
6.468843774607709 1.069702657683929 0.4052113154901381
6.923070081494405 1.0931388335531278 0.36219919881646495
5.477599912263232 1.0868143364212095 0.3043268795496612
6.046822743795801 1.0643723016479267 0.3532533847415766
7.140564107085954 1.0934554224591815 0.31907356458027053
6.935710317964448 1.0726699387519834 0.4028448108865507
6.7694607860319795 1.0678741461838186 0.3737486096085384
5.5348154043079525 1.1136893311227647 0.23088281721230028
7.033103981655653 1.0792313472032995 0.39042388850864
6.318413375521523 1.0625102011068166 0.3691153705437852
7.140626505067178 1.0798059505946096 0.3756816296399554
6.900932251900137 1.1084046064843567 0.2687105575312243
7.009865334958526 1.091284158710322 0.3137915950810465
6.41262641236194 1.062326232377351 0.4072410256312149
5.4616113880611845 1.0965424128997887 0.27311866468210233
6.150550663054508 1.0992358348701292 0.33009029546469815
6.4179860571407925 1.1197088176588466 0.22602436212711405
6.5405664567402155 1.072281873248314 0.34204581109040827
5.4993398016409305 1.089190826073898 0.28745949717808006
5.602260187847271 1.0983241104143442 0.25474402572139965
6.835375660186585 1.0728986643182297 0.4030009830404184
5.80212293278386 1.119829989025714 0.2115481204223972
6.444193544383976 1.0888675457899153 0.36543381927928825
6.075151944930168 1.1153699468249185 0.2779142934644995
6.76643913003503 1.069028522843271 0.3710035405724555
5.76748812707315 1.1156511888354075 0.25898843543902883
6.214900253623458 1.0624759913322313 0.3970448904077105
5.646900417600504 1.0890136151440806 0.3234244977987618
6.176646625011925 1.1004649325950062 0.252907883827568
6.1143162988261075 1.0903678049961383 0.3496968540589169
6.690417071941539 1.0708244836310299 0.40456124808690996
6.176338993798556 1.0767979078979435 0.3798253468773039
5.73692908604713 1.119208314680789 0.23758931108292122
6.807448341508641 1.117180250414735 0.2562510970229248
5.748749961106869 1.1205116513771272 0.21685999536003064
6.2399582673183875 1.122617251716998 0.25001683437512656
5.93590677114503 1.0942886075602896 0.3314611438376577
5.640331681079397 1.1165531939335265 0.23762737310178758
6.794027667461664 1.118759677115051 0.2628024138791519
6.811580746056956 1.1035687156666234 0.329941431234151
6.668177952961933 1.1077543276020911 0.3161671669279898
6.400185487571722 1.0617268785473006 0.39944676971622656
6.79813538528315 1.068672735141858 0.4016802801625896
6.682740749841717 1.1172675893687802 0.27984690353357344
6.258774930215603 1.1066489222247278 0.2427535884189127
6.37635265854256 1.1210314366021883 0.2261159913659154
6.626936522089302 1.0684821305488432 0.4044887900911285
6.933346576092632 1.1065728955819976 0.31811149884651
5.784170699824561 1.0698584543025673 0.34294384691335955
6.053850505271974 1.069149073782493 0.3822859873364177
5.769242533371063 1.0753890541890772 0.352991880988091
7.070141440846198 1.0797593190626147 0.3749843730637555
6.207178699829097 1.1167498558877986 0.27549456749633106
6.178903124982956 1.1107074832203492 0.23280609138854128
6.60040406371799 1.0796239149503148 0.3869878341761774
5.698129834130345 1.10454306731401 0.2886676307659897
6.4942017238649665 1.0846606449102327 0.30448431501021544
7.159298222222857 1.0988345030559061 0.31930798552697903
6.155117914279403 1.0964109622930716 0.3353058994200958
6.583496938701797 1.0689231383612976 0.3611971561160582
5.913605651655889 1.1194369909358195 0.21593440395814364
5.586848999883266 1.0959517351522765 0.2661308604659427
6.376829968436029 1.0875257477182037 0.3639591979264925
5.654731725605673 1.114313566410821 0.22909372181913157
6.095614387649308 1.0655657370223166 0.38334474635430404
5.823268794149298 1.111119275185469 0.2760634793042823
6.80494204119106 1.1138136754090984 0.2900938181455098
7.144551685895426 1.093502354961338 0.33999484269441993
6.869921016127188 1.0720203624043578 0.3873786697118071
5.580921100823879 1.1032199254082078 0.27709888991248743
6.824268940806771 1.074263992672209 0.3611181501009343
6.838424570063088 1.0711142133858875 0.3876291489216332
5.551072843084331 1.0897322113317551 0.30054001656578394
6.828856207898937 1.086453464157808 0.37239446673595383
6.37450813408338 1.0880592912480713 0.36154391497209026
7.036681133669845 1.1067808762914684 0.30713018325980945
5.986331974811119 1.1152450913564484 0.22310584199930694
5.9925315872648355 1.0899963366947754 0.2779790464323657
6.5667934538948725 1.0690269939917953 0.3979786977886536
5.828194863705207 1.1116436626523258 0.22847076581950504
6.47806900605222 1.074006681421017 0.3385399355583189
6.95670530004095 1.0858450228640653 0.37097793749082825
5.822473848716752 1.0947176817680806 0.3205536003075503
5.560800275892531 1.0887210246621586 0.30021969564863227
5.6378778983012765 1.0922806291766076 0.27591334162794867
5.850084836657182 1.0808642930902679 0.30313402110213283
5.75172345553899 1.0918984450884381 0.3215352642838261
5.594303109067431 1.0898129339045197 0.3085089126907006
5.652797599227112 1.1135498142953204 0.23697860097652446
6.907587736889154 1.111704530561648 0.2931446068858831
6.767343615892916 1.1068423430121639 0.26850248912561486
5.5982052676356275 1.1090158584015577 0.2509348207759517
6.498335272169204 1.119708949954142 0.2401963597994405
5.89399795588414 1.1051569053516743 0.2973885202152762
5.55083541174224 1.0989282489118295 0.27125039804747947
5.7200867002830105 1.0787234334646156 0.3379584262277529
6.163549431583283 1.0711466679353467 0.38135210843274325
5.671116593501598 1.1060461876918002 0.27714568750277074
6.529495376305897 1.1138906688179069 0.24486087642766036
6.650019216460587 1.0726157623454684 0.355646699263931
6.639212368615471 1.1062672760749857 0.3168547573767016
7.016755344331457 1.0916051967839566 0.3542213516576517
5.8225577963934345 1.0757379266338594 0.35154760791680945
6.454336229505563 1.1148883598647414 0.2401734175239791
6.107298623559538 1.0999901063131068 0.25679003208152906
6.516957131416415 1.119972080493232 0.2447706629729244
7.07348359171853 1.0878062825884363 0.3526764238121869
6.122926632872057 1.085778534986131 0.35518287107430196
6.886642657108441 1.1021174663827686 0.3280697527596324
7.057815923308015 1.0970668862004553 0.33561978659359937
6.4672260325574555 1.087988240576696 0.36237620088037764
5.6261606316344235 1.093469790488391 0.30341228842123
6.246008930212486 1.1165434682038398 0.2729440666865143
6.863853744112884 1.0894545425801914 0.36224246023516615
6.1270685386876504 1.1026590526484303 0.31452362792721805
5.604275972418549 1.0883538009737113 0.30630950111188493
6.974574920596098 1.0935146499292139 0.3496273547821785
5.65205274968932 1.106294205855968 0.2716722487158519
5.666557961190675 1.1100200735815655 0.24083211707749108
6.557272115486365 1.0826076863325793 0.37536068567245395
5.745333245649492 1.0806272979939078 0.3098034035730409
6.162258016494265 1.0696261297040555 0.37986867541434544
6.107686242668834 1.1106430486442171 0.289388627673474
6.205074154699403 1.0797195246218765 0.36950520040536106
6.935779182516304 1.0794172467164254 0.3605393226775298
5.695716493227087 1.097786007675912 0.30023528728805904
5.987838406519359 1.1002250893915468 0.2554817012823374
6.509652959679167 1.1195537632345625 0.24928065308384784
5.938248383333985 1.108833817060791 0.2865622204907211
6.527472309572936 1.0676063049626476 0.3792033727570354
5.802871040964487 1.1152112453035012 0.2505652058436657
6.342193245407062 1.094008480231302 0.3435772918630008
6.577917372673101 1.117135401093542 0.27129967165894425
5.854816641933175 1.1179791923840594 0.23576915865441858
6.204510155900859 1.087728018561313 0.2910585529472937
6.3117430701642405 1.0865223737904202 0.3593937682381939
6.175444274359357 1.077308593108851 0.37068492239153755
6.395984788473655 1.0735012317348493 0.38411529317832416
5.6001399813634585 1.0973201684030043 0.27645780438686507
6.2208980510947995 1.1123496269438222 0.23720203319013072
6.318211262588802 1.119908983321276 0.2532654307507715
6.58803872279927 1.1115595743721274 0.25429358603608077
6.196853282166515 1.0718641929498502 0.377373646086512
5.731525370933644 1.094449620632534 0.2721421675027032
5.643833116621824 1.096470573560292 0.2721903376298874
6.4158655071243285 1.1011551421839056 0.32606804861953836
6.35759170640026 1.0680593002267682 0.3652763251807483
6.103526378106489 1.07479034517372 0.3686421643633882
6.803741420403316 1.0930154321942225 0.35099170684265213
7.023700707645268 1.0911923925783054 0.33483881427484385
5.690250398173012 1.0987350533063989 0.2940526368288124
6.157999578170006 1.0835758847342905 0.35790860944435293
6.4449011628514405 1.0690878337228844 0.3668834047748277
6.359160945076194 1.0880046810583888 0.2962039591083061
5.821276910629832 1.076036940562728 0.33320132484838116
5.985886460397831 1.113235941695562 0.27128351196430905
6.141294803421079 1.0985551865442265 0.26415478935308834
6.886616303044796 1.0850360390197007 0.33666507269976104
6.798783188104673 1.100055274852688 0.3310207650284981
6.220651316469862 1.1196734731987212 0.24620120314256957
5.76719277563055 1.086308009653058 0.2962604204477166
6.857621973001118 1.102608707323862 0.32146721476356854
6.412222821466722 1.113067155235003 0.28569654865105876
6.841446709905091 1.0789297550351595 0.3678008343182775
6.984473356651371 1.1011394007782793 0.30881104268332515
6.795857513197037 1.1059494522348228 0.2788087078662128
6.161746341439759 1.076069994492055 0.3280666958575399
6.8107837139573295 1.107686742586696 0.3039286103026157
5.782113133145506 1.112237722957936 0.2439112462188291
5.905603702622965 1.1161395894937869 0.2460341812237132
6.824208390764317 1.094217289749684 0.34510319339374396
6.068356615286756 1.1137189563262804 0.27170302785294365
6.047906059056636 1.1180860931833148 0.23687867192151013
6.9097679732319826 1.1058849260689938 0.30318652078969993
6.325621371143525 1.0697429292121061 0.36470943292764885
5.859547257538825 1.0767967769076774 0.3346756821991685
6.805448597436776 1.078487787899086 0.36535774098838697
6.4385036040025465 1.0838161258097203 0.31318105287289766
6.073007499843696 1.0857648971933456 0.3468621357660247
5.917489975514412 1.0837107696051644 0.30306340106405777
6.707095483964373 1.0757897244920651 0.3732305536422874
6.35966921191352 1.0940607242269236 0.2830486719789726
6.910362836745897 1.1008472410383763 0.3004143377485581
5.7738388916865695 1.0821447486498263 0.31695631300255445
5.976749071578748 1.07392758539336 0.3504291031179983
5.876811960554569 1.1024534140578233 0.25562050319728435
6.948918155403007 1.0905080193004577 0.3333549283184644
6.273699358031356 1.0824883820569469 0.3614122382065
6.50405001079738 1.0826945510366621 0.3202664906347425
6.587010330564562 1.0805902040786963 0.3320822845242216
6.021564916315318 1.117061472017913 0.242630311385579
5.845306030225389 1.088879948038533 0.28999853164564066
6.120488455358721 1.0955577232541067 0.27359273125921263
6.875024368939977 1.0981401275365932 0.33037652527532063
6.749284176515758 1.0802423826108993 0.34705177095305384
6.223356190561681 1.1085182981281116 0.248611750764173
5.946412062958867 1.1156598023056246 0.24344532016281206
6.8409799413757995 1.0945779076855247 0.30877566836199904
6.350745140445641 1.0713586544478884 0.36091260526520597
6.019306675672485 1.0762715289228635 0.3538352487790235
5.765723226858254 1.105652415982914 0.2557492034510861
6.231523392521119 1.0861317926884506 0.35156987169609033
6.1517250676390525 1.0982081235292005 0.32115572284744615
6.240141626217499 1.0859837691750245 0.3521317257589253
5.96745839000188 1.0946576530300478 0.2750784734659666
6.603075545123589 1.1125854976452485 0.28312263076977495
5.728311850017482 1.1002679839219867 0.2849429333840104
6.022939894939704 1.1013407129637862 0.30677959607089983
5.850325734321476 1.0961155836975274 0.272772541016939
6.48002707084483 1.0857645733242582 0.3117054748698749
6.337105655290092 1.090277933842439 0.34605691190199733
6.037344499385286 1.1078193592987218 0.24787513255673393
6.1350933931143175 1.0727860300166316 0.3549462300829669
6.568516555219395 1.109820832410321 0.2630231700271664
5.996748226724598 1.1098718201543107 0.24461868794021302
6.525799636439736 1.0738401069297865 0.3684556753258633
6.423477613403843 1.085787316524327 0.30966164965263765
6.179735573624024 1.1062363150628305 0.25347454637858113
6.40172393212848 1.1159223820370028 0.25331932009873925
5.7341976028750885 1.0957805158531149 0.28178118595262014
6.137713640910679 1.1162279697393662 0.25356399279593256
6.147467056536984 1.0756360703110008 0.336899509050242
6.374277720890934 1.0731729962632186 0.35771045407025426
5.798848793149871 1.089798856230535 0.31452731890127783
6.895172526574244 1.100037290970125 0.31183085638930613
6.233014480694488 1.0943392094122433 0.3322816591916908
6.553998260836607 1.0998908205020073 0.32553832842583735
6.038892870640094 1.0786833812076013 0.3498397948963191
6.853186529211339 1.0971420174309998 0.3088041462989173
5.9982113253476435 1.0901970075762448 0.2888347540636838
6.237677049071312 1.0870524216411104 0.34777613853502043
6.50310970551458 1.0758240609018006 0.35262519367875783
6.235043947149039 1.1160544170885924 0.25456838863540365
6.001211527050993 1.1134231992727646 0.24743337166894147
6.024320247454881 1.083647108883556 0.34189010029541117
5.877579175317408 1.0936445662881853 0.3132338145981637
6.8656859060945035 1.0921161103856145 0.32898688785641395
6.294741981733678 1.0781234550110512 0.3327675285513824
6.840369227535019 1.0901423353274247 0.33071686428894775
6.486666380027534 1.0793235563045207 0.36517803223360623
5.940262176266787 1.1117016938314837 0.25290264676145385
6.019168851082497 1.107702234505104 0.25175635496809884
6.346977179415147 1.0923953795760726 0.2912822929623722
6.019677858120243 1.0873134992985285 0.29858206328502496
6.05054721525201 1.0891342032055298 0.333100751707413
6.294982785368772 1.0771646923347713 0.3609147173529427
6.152967206133033 1.1085561760245395 0.25251475572879
6.771191495143521 1.0955487208701389 0.30750339151249945
6.648415869827771 1.0870495454838394 0.32184473751670034
6.691556302652815 1.1065425793095383 0.28094011263625884
5.8565645900126615 1.0888693899919886 0.2990788699241951
6.536777575999006 1.0777599766108485 0.35702009157566567
6.023260867170036 1.0979076898718008 0.27265043267451344
6.501738784114753 1.1094858113160522 0.2902187570623216
6.145991196997635 1.1025439790071287 0.2640875662295221
5.984902954360811 1.0813641270892866 0.3225738250220816
6.726149475580964 1.095648319952752 0.30483865740897415
6.645389012879267 1.0850761393316544 0.33003524447155486
6.633453429147366 1.109866470533635 0.2791823371110259
5.8816151491707735 1.105221674380001 0.2781500221980989
6.259652704936711 1.0759957078250872 0.3521745123947842
6.389572608856971 1.1132408602801775 0.27032712997621905
6.302120839454105 1.1088060586431274 0.289536857696891
5.990037992254427 1.0810609657190953 0.3348455299778407
6.54388984953432 1.086894433302516 0.35147798669401886
6.527355599230333 1.1116394237083167 0.2725537297375143
6.265950339674719 1.0827494284558143 0.31900097199961225
6.532029295961934 1.0914925496307857 0.3038432847812278
6.031531515979406 1.0817676844474406 0.3383498038271244
6.44885612166188 1.1123642113825352 0.2709945611557713
6.567942338688091 1.1058798529672864 0.2754700765014319
6.439701419188127 1.09550176220943 0.28974989113698485
6.615129512195079 1.08159149379216 0.3508940137468015
5.945509540447295 1.1022115252372204 0.2922897778637598
6.7970930923334265 1.0941820345938953 0.32653337016912704
6.079303953786182 1.0792435063073713 0.33674866578661483
6.28199530110169 1.091470322551273 0.29450167399484883
6.011777606481143 1.1043981393884854 0.2617149323242821
6.598086855103089 1.0971585618103383 0.3274434329296696
6.083285300031461 1.0820120367318322 0.3211896252426764
6.0615924841401725 1.096986027638354 0.27720795565073714
6.114408798315665 1.1038723158654493 0.26377294594031425
6.6122541503437215 1.0857522481745208 0.34955605709329285
6.709629787651574 1.1029214551912456 0.3060335619836294
6.283532899507268 1.1031605627894203 0.3052865262197201
6.438054916363978 1.0958738060021371 0.29024662020028974
6.197616072369565 1.0810876647034984 0.34650219662276954
6.209921243790836 1.1059208140174404 0.29338137842301687
6.149716892008577 1.100747652263173 0.30547890014307083
6.67905846641291 1.088994332723581 0.33592069899549115
6.0026276775351075 1.1046108049124839 0.2839113221036495
6.021166072880019 1.0907562826343826 0.32059762393157043
6.452436337850202 1.1061638698724923 0.2959825277596249
6.21469368252923 1.1104390478771933 0.2635469567558594
6.452811149008092 1.1092736912934054 0.2811962848995391
6.466089053157166 1.087977396372275 0.31526238807633794
6.427479795479769 1.1092726900313432 0.27107424105767847
6.183500453946715 1.1035024450452589 0.2685871843128855
6.150258833457411 1.0890160863082394 0.33119260976605225
6.387117584368898 1.1085907446302177 0.26905567175356715
6.677412649442779 1.0986880177698894 0.3152618462495759
5.981280783151135 1.0967389652254544 0.3037376606209861
6.666993352342134 1.0934298305142138 0.31543610751894063
6.6208878720642 1.1000661818671813 0.2956344751874237
5.958678531038762 1.101321079356664 0.2869579446275989
6.357200555541436 1.1090857178452007 0.2706753756580956
6.681156097312371 1.0962473132435273 0.31344609487286706
5.94341891514337 1.094983673147538 0.30079210210005514
6.438576887093106 1.1084227521388046 0.27990756370416686
6.255944731101858 1.0824067013188643 0.33311292988661717
6.207445611917986 1.0882207644522495 0.3081485886404042
6.553887326477501 1.1041175441174527 0.2876908874168273
5.950972202816585 1.0975132660227644 0.2914548398264656
6.105448931689898 1.0895150739176636 0.32389631973821986
6.141204331812489 1.0968522784295602 0.28508986018196164
6.281761733785322 1.0846895129881904 0.32552031244849167
6.327892806706027 1.0903151967368734 0.33118959299587125
6.24835378963307 1.1053547957048049 0.2886594988331111
6.18002607563022 1.0908994841479858 0.32376747068814143
6.3634308238183355 1.0935884622407894 0.3250418884546275
6.4161980264405365 1.1014141520560148 0.3045026989794203
6.124971059406098 1.0905797785948215 0.3190579739910033
6.201330826766911 1.1012131218255112 0.29890278832319
6.062092169425634 1.0924513391609518 0.3096079197987136
6.116675532848188 1.0960102311365767 0.29078243125055336
6.107808905749099 1.0965366987871643 0.290286416302465
6.1917820906215315 1.0888399919418899 0.3148841187873133
6.533341353943365 1.0948407172235577 0.3143705577729564
6.137812582013757 1.0986806890079848 0.2918231355340298
6.426889389515388 1.095504910261121 0.3054775499688079
