mu sigma
0.9587986280594131 0.7137028051993575
0.981249744930715 0.7060128758789787
1.179367591717559 0.6378444566235553
0.9654795810814322 0.6431218825758421
1.5330602812477383 0.451887567794532
1.074341477544968 0.4519969506297047
1.1637044857109426 0.6110834658522766
1.0564876794301594 0.6175394012879396
1.0959688331583415 0.4565538154249654
1.5667521648833183 0.39200526026531396
1.232920748719815 0.3324055878920621
1.101884872263566 0.4815809641349305
1.1236527515858485 0.4557056788720495
1.4765805376472922 0.1848022389517939
1.5389748643060375 0.20539504935238476
1.1305813358393388 0.5491044318580623
1.1350789694201393 0.4444171262597985
1.3869972157581771 0.5017448502491573
1.1671694770079366 0.40875437360993144
1.3047724997756247 0.5288927346962293
1.5295337252939207 0.4165279663530907
1.2478119480354106 0.5379736900977293
1.5349161580721753 0.4096814030115183
1.5310601972308246 0.20334770070350372
1.2068360747097806 0.3707560686992665
1.3134135007466998 0.5191075793379525
1.378898645221457 0.49678686749176637
1.1468888457015156 0.455536068211808
1.3490477450206293 0.2343837916753524
1.2957821130566467 0.5179787166675458
1.1925109347876965 0.5191227550307882
1.1520715297609656 0.4725212834174705
1.5089896477306088 0.4201370397027288
1.1553734918819596 0.4966577992956747
1.1827457438901656 0.5087704771388198
1.2515619373990665 0.33430909113199453
1.2743430073059065 0.5089515422239344
1.3078832295925824 0.5030137933284335
1.5463750951563204 0.3804275720872371
1.2335824325872045 0.5106005763412375
1.345175962611 0.49251273607691565
1.5560868031362465 0.36637965852785787
1.250201169839123 0.5052630208179497
1.20782659715648 0.4973053300044836
1.2985981447700787 0.4972007827239461
1.495227949872941 0.41762505919093273
1.251534977952356 0.49621418196389794
1.5543200638366277 0.3598879600597606
1.2672419354607651 0.49048210974488243
1.4135207598537982 0.4555456242150292
1.5547212033269542 0.3524295732588866
1.4426799871627531 0.44023468608599114
1.4586948338205517 0.43190799972011334
1.2718627091062262 0.4813616291978516
1.303090174400939 0.47951868061822334
1.213867661332412 0.45273432786185863
1.3507841753462544 0.47002557696145186
1.2165546064554649 0.4245235351021997
1.4818996459012381 0.41261937554238987
1.517705377246509 0.2094517053492394
1.495709052427949 0.20079884131601955
1.2304050463658043 0.45299387713087486
1.5186566974945115 0.38264159445626467
1.2513076161854342 0.367121253963703
1.5223206685620778 0.3779329462514701
1.2335787503828772 0.41099672720134617
1.2894375761422077 0.4656586265250937
1.2484221847990107 0.45501795382546095
1.2870971510353624 0.46542214921829944
1.5627542020155336 0.31848146216917933
1.252107446197116 0.37343166561925695
1.5662181015428431 0.30116178447970415
1.2388091559652925 0.4346775923816621
1.4994883217144617 0.39308930964204036
1.2431532654996196 0.4392325008393819
1.2710664734197583 0.3446659277327648
1.2485284576402407 0.3846953379066593
1.53929925103502 0.3550153556712415
1.338425770353596 0.2638467271948882
1.3667448096367325 0.45068022106308925
1.2688560745828168 0.45246800364962814
1.5648562722748913 0.2968073064218094
1.2807806286299592 0.333853848569083
1.5533137937635577 0.3315148194741618
1.3123048327191071 0.4568978641081836
1.2940387732595782 0.45503170083977484
1.5295515646612197 0.36202715249509815
1.5560516986184862 0.2536121554784689
1.4680471379384463 0.4085928177196861
1.2504582244818896 0.3980141209237321
1.4606412470541308 0.41187188312974005
1.251260908300191 0.4022265668365063
1.2961483429407998 0.45075001442058155
1.2653967195227391 0.438752035477064
1.4617108254413238 0.40961673418989636
1.2527494816705247 0.4131800306918158
1.2584563342715733 0.3823974652469539
1.254460953381198 0.4199995059007455
1.5526636704629841 0.2503065802446406
1.2803425992797242 0.34175124753683533
1.2550902400739825 0.40187830683005876
1.3486590242797585 0.4457175393847993
1.4146218842554523 0.42872594509630424
1.278280992050918 0.43972766096558963
1.5378571497375915 0.3461773558998562
1.4897017360863067 0.3897456087200627
1.3133874545949291 0.44160230317030297
1.3952107827941123 0.43057426888198475
1.3033162228443178 0.3148854321165587
1.3081803416384146 0.44000544375829986
1.3174060973335608 0.4408440844773076
1.2752588346864724 0.42438550816108395
1.307992870344798 0.4386414307582304
1.3978748275301003 0.22192943441293497
1.4782178360862819 0.39316858277599614
1.3443627383066872 0.4380549862061757
1.2889697718021806 0.4312927674546258
1.5006106416036187 0.37678749139048434
1.3820983658174035 0.4313855488095338
1.3549140239377313 0.4363115126204156
1.4126789684990877 0.422281198111138
1.4615266392782613 0.20367778971803466
1.3207997521896373 0.2948032164340917
1.542593773758195 0.2430108390290107
1.5519731795532936 0.30908144952929667
1.3490505924355676 0.4346618720620646
1.5377701103496246 0.33688525194239494
1.469804685532785 0.39514725511471316
1.2729231861480288 0.3992851424652178
1.5423319914492208 0.24334887845887657
1.3477267779616895 0.4341724974936395
1.2786497308270968 0.4129115995863711
1.4735670706422805 0.2051789218347227
1.2796653763932422 0.4112928572002958
1.2821396765734399 0.41481714180023294
1.5541032387028322 0.2768012656358865
1.5530785710510195 0.29882816794298855
1.3449586598996128 0.4321578314225941
1.2793486314105924 0.4081959201723702
1.2804532447611983 0.3685510164346229
1.2834243841264024 0.40748140972442987
1.5386490605705883 0.2414046474549778
1.5312730145039706 0.23299763883281902
1.3235532103623409 0.2964765311678966
1.315014869327853 0.3082172443188883
1.4323752353377712 0.40841151431804174
1.2898047317531818 0.35339317849053953
1.4151166435775502 0.21665054018028712
1.4599460446735342 0.3949273948204998
1.2896404530685566 0.40846540689748284
1.3749663052566494 0.4228447665242926
1.5394310727472686 0.2452141217494516
1.3867506352516465 0.2340087657587709
1.4145755533382993 0.4119727975983424
1.4016783997729254 0.415797142850761
1.2865032948752035 0.3780534707831923
1.3549349722223112 0.4235814122044614
1.3080770658233705 0.41638048462182475
1.4325353188151573 0.4045164988687583
1.396531941767394 0.4158877592569974
1.2928485148306006 0.35828730728119024
1.5489858467714983 0.2910517726052159
1.3134761355412823 0.31709738287012434
1.447178930548866 0.3973785526196267
1.3932333874872869 0.23055011151388266
1.3885873628169887 0.4166561376086321
1.2984879213983238 0.4060548806589841
1.2895030362690318 0.38140485372471816
1.3485483439442 0.4211996951821461
1.4079128149727649 0.4115568994902761
1.3920704394267944 0.4151652995587462
1.2929018967014585 0.39138362036711766
1.5466214672657577 0.2972548895793428
1.335488803296214 0.4179950184079109
1.4973489299510945 0.3654317490949092
1.3374891262189799 0.4175936364738308
1.46908830126363 0.38367509194915955
1.520281145638784 0.3437506659290966
1.4750436238329825 0.2097434977003259
1.484674007014935 0.37283055824352596
1.5009995548917208 0.36055290757309016
1.344453304649647 0.41517905816655176
1.3212402850006155 0.3110938244817315
1.4212424498912761 0.40291099478008535
1.3034168097590726 0.3968963829826367
1.319725867999575 0.40917553958512176
1.306202892986867 0.400061808837574
1.3263837147509772 0.4111912412640122
1.463057230242859 0.20952053260994852
1.3928527048590407 0.4097953872727588
1.536808413006729 0.31676914330218214
1.2986523916301806 0.3788195356428027
1.5371220680021551 0.3155514960385633
1.5394793306597077 0.3101471004844205
1.5434812412299692 0.2976653182715676
1.311022860649365 0.3996422415209364
1.317587799502184 0.4042520468538874
1.5442052344164439 0.2895702846087988
1.3250101667425893 0.40478153722624155
1.50148359933636 0.35635306559639773
1.3677121047460223 0.4100949021172309
1.343248181752375 0.40940216661303963
1.4522253996931966 0.3870545842964757
1.536021388460712 0.3137651962633097
1.4270209541624654 0.21705655136025798
1.4600126123042854 0.38252066291941234
1.4969978360290002 0.3588004940976571
1.3813065089546503 0.40723342192923107
1.5335015032748132 0.31642434498038624
1.36050018642407 0.2647682035137169
1.4213748642347332 0.3971721421938234
1.53819629675513 0.30475548538817293
1.5315930094617212 0.3190058571569241
1.3757695176282327 0.2500792773559503
1.5419624621228298 0.28406175238793235
1.3095988639055989 0.38163668472658496
1.3077554013911898 0.36752985419315676
1.314125686459005 0.3377078818762256
1.3476955226155258 0.2811751638348791
1.4272369196080357 0.3937743437354308
1.3118138743812087 0.35049567320750863
1.3109753354081914 0.3549622219449831
1.5306798836478348 0.24713072598281213
1.3407255212367906 0.29232437546277035
1.4761931209992731 0.36918580773503334
1.3793807043776836 0.4023982016286634
1.360210049266418 0.4026789343088715
1.4732484048342909 0.3703015163779793
1.5380805189535773 0.2659320411947294
1.3421590597772162 0.29140445420543687
1.5350540237416435 0.25713081415958094
1.5142958272703355 0.337216125300208
1.3288004833937221 0.39205842255941625
1.314741682976849 0.3520666552932082
1.362649346508793 0.4003772287530091
1.4455916938173803 0.38211769189245964
1.3426165956261957 0.3958749227096197
1.350283628675656 0.28251139380557966
1.3162025347348647 0.367510634438161
1.4532499247240747 0.21431398680311248
1.33435765038127 0.3070139195696887
1.3605977886915592 0.2703912543923958
1.3230561953040842 0.38071488316944996
1.4320987754741599 0.3863778299292889
1.325132076558596 0.38255019464145973
1.5039206388740718 0.2257610477584936
1.4271820812310732 0.38674826738704926
1.521502189701578 0.32240487978973364
1.4765131085367738 0.3629311760394494
1.4172076134414824 0.38858478344273495
1.3261390810337477 0.3768310808350602
1.4246092030841782 0.22264984615765743
1.5153981880061131 0.2349506701045971
1.535663915504189 0.2817352375737999
1.3331339522265027 0.38346448072666006
1.359841771230525 0.39369186064359957
1.3425194286318645 0.298001586360601
1.34933372807685 0.2879612567832653
1.4355638306729777 0.3819663131526949
1.3223659237500252 0.362950393137295
1.3568202009485846 0.27839319957029846
1.3374304060217468 0.308228821135414
1.3689302672640482 0.26427643286967306
1.4114110636015154 0.3877618064819434
1.5213952004612148 0.31875027305391657
1.5156418863345937 0.3264733462319227
1.3268693416255113 0.33720241128486944
1.4280357865661983 0.3823166191750621
1.3421358844586857 0.3835652235481589
1.3936189429281804 0.38944723201515086
1.4387817648370276 0.3780029175992992
1.3782403324111558 0.39040048748656114
1.3466858001058828 0.29550004535681496
1.523654423122794 0.24732854141960003
1.328915364895353 0.3670168462205804
1.3886931657228683 0.24670127748935952
1.5284198144606507 0.25632745646646515
1.3310361189859337 0.3692663797745416
1.4288009761740987 0.3805813108008169
1.5320746514472408 0.27035545368807096
1.3300972095665262 0.3642312833848284
1.32965498276597 0.36150263946487554
1.3657266473445144 0.38742385381432826
1.5135415738371094 0.3253970835487431
1.507162110908796 0.33255086099604925
1.3303559516679395 0.33816087159673625
1.332012021412301 0.3622978799204805
1.5192162945953651 0.31625107354841353
1.370228395629236 0.2669045436012221
1.42328111627378 0.37988212781397557
1.4063997947936802 0.38357779108558976
1.3519754194280083 0.2915576594557507
1.521750997212926 0.24819271183629102
1.530774643308476 0.2809586638895841
1.5303219961028303 0.28283192367070087
1.3680068661325189 0.3842271507746583
1.3351662576105645 0.3639267797646212
1.3466491016946929 0.3767047727083706
1.4346894926698672 0.37510036395212537
1.4169478313646566 0.38030536630396383
1.3702832610190887 0.38403691283265223
1.3595318156696568 0.3815992586114081
1.349750534629373 0.37723771539110285
1.513557571177468 0.3215775810950759
1.3558989792636154 0.37974613081080155
1.427875697450006 0.37663924309402286
1.3905582934013954 0.2482904902449742
1.33369697067792 0.3444855923141068
1.3726278273603945 0.2662218497104776
1.5282292823080774 0.2887799034091358
1.3395886965453747 0.3202523613073233
1.507763642866871 0.23500051552759635
1.4049252046846794 0.380785538998151
1.4212871472797932 0.3769957345885934
1.4196558096983845 0.2297159051417396
1.368362370328235 0.3803060240375799
1.5070693842784333 0.3271406513141583
1.3496476851312642 0.37295770835117087
1.4387594692178958 0.22261758833721262
1.4135658869260732 0.23305089053292222
1.4608868753316617 0.3608473966047353
1.4096195615659677 0.23572333034663498
1.4041949879138098 0.3790925878295495
1.4269977710196662 0.22707202117253977
1.4024869080298865 0.3787403459464987
1.5268447694038771 0.2852075068558741
1.4320392167106726 0.3719541797531637
1.3591828046308065 0.28680602776794323
1.5270389327615241 0.28198147055572614
1.3460294038049996 0.36565181495424315
1.4742466441827673 0.3522376439602725
1.5055022584216753 0.32663559232653094
1.5042580988325223 0.32777644651228094
1.3599062971112468 0.2865419101165875
1.3398327860363768 0.35058091844819056
1.3476067384970256 0.3085934799202739
1.4956750628252087 0.3356920391563052
1.378701368666224 0.37785025573529774
1.4417335699666165 0.3673512299573138
1.462714666104547 0.3579383577617292
1.398176599173699 0.377544753615781
1.341411506633956 0.3523803048634281
1.373972051780568 0.37639348303651354
1.340527261349858 0.33908677259904074
1.3555642613166783 0.295063208267111
1.5248943442934668 0.26735081518833703
1.5227180506115428 0.2952284390974292
1.3508316114998886 0.3649344844597984
1.3768821173081527 0.2661399354199669
1.5069265599037824 0.23792018570167223
1.461249634096867 0.22164263446152624
1.3640961190703287 0.37200065218728573
1.4855740532466122 0.2257785357885087
1.3620924887972965 0.37111036073797354
1.5108340863181537 0.31646716974900096
1.3465061417009272 0.3566809821955498
1.3538656884100162 0.3654580286694979
1.4089661037394374 0.23840096120386384
1.5064545152355013 0.32186340325608503
1.4575445182304323 0.22205277022602327
1.4071849794076516 0.37391315394502894
1.5189093073019158 0.3019649219578347
1.472769502561059 0.22300404495139045
1.4233870683547836 0.3705067345435534
1.4825912754127062 0.3431876856447128
1.4335841637139581 0.22679161052613783
1.5059667161892287 0.3213482739508054
1.5214351720030193 0.2938950896952654
1.4844308990401318 0.22618033554209438
1.45075218663996 0.36050227090904524
1.5093604149602515 0.31673004525600273
1.5212112657871528 0.29313213690436957
1.431249815875737 0.3671286111570649
1.379562528283723 0.37265838603321266
1.3458893204902262 0.34632142013504735
1.3707487008180022 0.3702732084739308
1.3532393194449022 0.3598600495714203
1.4991922494962977 0.32730625031757343
1.3649766541438133 0.3677036737682671
1.3459372422681168 0.3357854454190639
1.497053093466994 0.3290107808983238
1.4060776623172542 0.37144452434366687
1.5202825361734988 0.2931459071577903
1.4911940222393205 0.2298912387707415
1.3475277708376212 0.345526155935818
1.3578039562145205 0.3616750445890575
1.364925051219137 0.36603178919401225
1.3517079367289382 0.35416929509118145
1.450446636168198 0.22408853003694573
1.3868023133260101 0.2587297429136236
1.3516246072674882 0.31311137581565224
1.351626301073129 0.3131762844239253
1.3523487482004315 0.3112156023473982
1.3483806818207102 0.32553232684159084
1.3514736658335775 0.35214443418144237
1.3803581968841971 0.2663654714380749
1.3977348841634012 0.24944736087159056
1.5177980448450095 0.2583877509067906
1.5212119481134931 0.27989251404736826
1.4210761390507134 0.366585097103698
1.4020651862807538 0.3693014046776318
1.4444810566598014 0.35926233421779774
1.3645988784042982 0.3621980261634076
1.4625269906876883 0.2243526466823392
1.457597936403121 0.35317362664693797
1.5204230716566374 0.28177632950383075
1.4662857528362083 0.2247268960990906
1.5066431919385765 0.314588612230255
1.4862255620209388 0.33525438870462587
1.5086890306102834 0.24496344648370236
1.520467120631821 0.27909673510441246
1.3762218560959059 0.2730467765517562
1.4520655980778772 0.3553440086055829
1.4060961871874573 0.3677094189231359
1.3527566957131612 0.317996667298734
1.4869159190697028 0.22979426898891314
1.3511848181588686 0.33843285376017845
1.464933061091965 0.34874411301965746
1.3934964660642586 0.254429403161817
1.3952882964190971 0.367922498143284
1.5112352844660943 0.3068078410072219
1.3535954203915948 0.31659101710387555
1.3764058510294652 0.27344803757431424
1.4277265111587112 0.3631220921668523
1.3729288232519288 0.36360017631717484
1.4755627336082418 0.22667858038412564
1.3521886021165952 0.32750843944809477
1.3698580719819247 0.3616229162933231
1.4133534968461912 0.23989123678362018
1.5157995669640467 0.29478881354693864
1.369586734739995 0.3603365966017484
1.463078623454324 0.34809085400770773
1.4530533633039413 0.35290195945787745
1.3839880262155195 0.26566157392595874
1.492236372738962 0.3275464279247712
1.4036569045310985 0.3654893122409906
1.4154749988519901 0.36411605927432306
1.4255404962053684 0.3619630911026169
1.4828275450566313 0.2295454750206041
1.4259062854448032 0.3617998590757113
1.4631514238983323 0.22590079388950932
1.3649573157330885 0.2935375899687909
1.359912621631115 0.3044400190085899
1.482233119896706 0.22951178734468836
1.3897627969701771 0.25993042858514903
1.3558141317866812 0.3190518966006578
1.4794594596340263 0.22887008912855905
1.5013752883124085 0.3168831846126063
1.3644985800710934 0.29550302795131916
1.4135733871442713 0.3632727162351238
1.3630741641809232 0.35239425869265084
1.3581430808573136 0.3448491453227344
1.3901275812487386 0.26013425463824086
1.4054923073260237 0.3637860146653326
1.3917306178654476 0.36367294851471993
1.4796042952554198 0.33620804499673146
1.356967965100163 0.3170243745113113
1.441884622105591 0.22876114455356059
1.3602452229141324 0.30687839849526705
1.4011155758025624 0.3634684825979431
1.4808953422011748 0.3349509030337001
1.373009375052416 0.2823098169371879
1.4272860379339432 0.359627022324076
1.460318291971785 0.22678262388796214
1.3576307047428464 0.31727199644698195
1.5158271951919235 0.2655309047447305
1.4146866192409826 0.36181444530203893
1.3923889858050775 0.25874919735473473
1.380390402184941 0.3599905226813238
1.4029013938022765 0.24933676214823378
1.4903564626588834 0.3265027402459688
1.4645223833926024 0.34448236441708036
1.3982773596618907 0.3622126740126942
1.3881131059415845 0.3611162962769903
1.4729616518776942 0.3392222937077785
1.3614060567186854 0.34469637189411767
1.403925629702492 0.24925945486614176
1.3699636580883907 0.29002186028894866
1.4753264922220415 0.3367375050533292
1.474575353384449 0.33714545241067534
1.4243659535262743 0.35823569342776995
1.4171886915047138 0.24033904294339498
1.5152404282058374 0.2714214183032221
1.3837602096308164 0.35808719493857505
1.4989686117621193 0.3152836398401204
1.3899212834254082 0.3590491675667223
1.3684388380585912 0.29445091278728597
1.3665466422677999 0.29865742301241294
1.3907175138482977 0.35865521587708393
1.4563050856464184 0.3459685826047537
1.4372780372183764 0.232045052181781
1.5104322881299352 0.29524555617716725
1.433876078121257 0.3542333691613954
1.510298281241577 0.2573137804429191
1.414289527716035 0.3580326471221088
1.4427127826200743 0.2309991303541393
1.5066729503923946 0.2518327907901618
1.3682827802685462 0.344928104315862
1.4896235045812558 0.3228485126686404
1.3651254481449704 0.33981192599187765
1.5111380761875637 0.2909311841758588
1.494115134643344 0.23929353152307992
1.4612887465202555 0.22910247829362404
1.3647074774910743 0.33818862790758375
1.3638179775707067 0.3343643268633123
1.4548449252741604 0.3451713196383655
1.4328955370251997 0.35312693523566757
1.3681871287151783 0.2995839444196072
1.474510543313286 0.23098544014815828
1.4660720000030028 0.3390158622593055
1.4717267094825561 0.3355864827488368
1.3669020564809389 0.3398187203110122
1.4919584369910197 0.23853684002165093
1.3644840903211184 0.3134394117016346
1.4092439251345543 0.35630173553382327
1.4389584132953628 0.23279239485379008
1.5094016481400727 0.25939288606918054
1.3701160397394574 0.29712238554922443
1.488294945515007 0.3223666138374063
1.3862605211083483 0.35346777120644807
1.503948348392313 0.2501256354704054
1.3840897846355844 0.35231555670804254
1.3668068228532158 0.30694241177286574
1.3978520554205145 0.35511795314699535
1.386208614964649 0.3526520780487081
1.4633820280999872 0.3391543740510006
1.3686913910732565 0.3028573922684484
1.365044495316769 0.3203279315927939
1.3980058449001653 0.25855436318064157
1.509905401352011 0.26334887889510056
1.4694003393274384 0.2311401534501908
1.4813704137047716 0.2344642974442951
1.3668232513146639 0.3307239901982181
1.4898786098236947 0.31901831356656574
1.507504837140487 0.25817774276271066
1.4769461606418979 0.2331404867909056
1.3685046860654286 0.33467724505272245
1.4891025887435405 0.31953971228821165
1.3706005878014564 0.3004209844290173
1.5020143775125785 0.24958705211911067
1.4223218027618105 0.24092108799501158
1.3744072364976851 0.34283286933846563
1.5007791315363423 0.30528971915506015
1.467905398981562 0.33509778879684016
1.4568274980227462 0.34093733031222395
1.505987644343906 0.2563694320551312
1.4725642458548482 0.3320036950247299
1.4427481759671663 0.23320496640429123
1.5056797176463617 0.295896925689747
1.3677347245365556 0.32651906124741886
1.4416345573751705 0.34643706284890075
1.4172202256088198 0.3518589545971922
1.4061939961584553 0.35232532176364967
1.5045608360317324 0.2971774390190188
1.4895168813583868 0.3175650264176729
1.5032736360988903 0.2529439963038382
1.4207000958707092 0.35112434061077064
1.4806989373500175 0.3251689407276397
1.374675211064186 0.33946554004142787
1.495182848671679 0.310878014494828
1.407801950601204 0.2518074199872362
1.37447160446332 0.33835685716314506
1.37951780319064 0.3433793390469908
1.4194928956548476 0.24389103438158277
1.5082641528048941 0.28394546619671135
1.4489991325657634 0.23285372609029636
1.4937434741943472 0.24347752690221314
1.5059261081333424 0.25939880065246257
1.4003605248980355 0.2589499733835684
1.3724791326711845 0.3019016772151721
1.410446513988458 0.2502502602782361
1.3695992550269285 0.3211550472439496
1.42681595030647 0.34874427108296974
1.4943565003286574 0.31050196406633385
1.479867170584217 0.2360217276303265
1.3953288030356 0.3488172203047711
1.4259044007375326 0.34829357098470237
1.4441322026099601 0.34336887396376853
1.372245304473468 0.32945207905179696
1.3876682822327346 0.3457223747992647
1.4201360251357888 0.349093634921332
1.5080869144154412 0.2779791197973021
1.4429757929541915 0.34365519631302927
1.4488375370088025 0.23351496979591255
1.4287794932635962 0.34740880022593584
1.4296115573024095 0.34711704105163166
1.4923392724780102 0.3114627065257649
1.5014030186273168 0.25354927602691885
1.3799566787343815 0.33959149169921415
1.4806185655395878 0.23724169384648666
1.3842693679789508 0.2813898205574905
1.433399053396795 0.3452564958045742
1.3789273017119306 0.2913710028472845
1.37590595077649 0.2987194165302118
1.5065888879898601 0.28174543248161654
1.374665576071517 0.32916150235456915
1.5041461684274253 0.26057492850036157
1.377134442041899 0.3333335750557628
1.396516683596818 0.2654974861437925
1.3924499382501927 0.2704338794543722
1.3942072603172204 0.345253479499533
1.501084993207082 0.25489349629453345
1.458961934592138 0.33503417777098937
1.3758909402863382 0.32995486502194665
1.381933840515861 0.28677410880130166
1.4945210089456067 0.30666640619934565
1.3801974606362142 0.29044502204053435
1.3802019587626306 0.29052490916599444
1.3823004078524308 0.33780778336288175
1.377716366671509 0.2968841175410461
1.3885714957732342 0.3419116913087362
1.49525595014563 0.24825962393646644
1.491928728033872 0.24532393807630706
1.4830737017825584 0.3180999316249563
1.4037914618984608 0.2588349018280284
1.3965020070502945 0.3445332923696741
1.399908151628879 0.34532388052982527
1.4788940331597025 0.3213963906336155
1.5044740391126938 0.2651820514007072
1.4017239997478983 0.26110650157432436
1.5025688639919776 0.29066592278637055
1.3785266646889194 0.2966845672467598
1.4794683569568177 0.32051585072334116
1.4768680569189776 0.23747486492055556
1.5039355274580986 0.26438611619455954
1.3752202945861844 0.3154665202818707
1.4961143741692942 0.30210953452521633
1.4016278593769034 0.2619972841341993
1.504143220562701 0.2826177410247645
1.4182274101989187 0.24814811432025016
1.479908259646109 0.3194326293218937
1.3890656682927467 0.2777178534730489
1.4095615811800142 0.34487398057457835
1.4460687202767404 0.23631676848658778
1.4999556855268406 0.2567927507331282
1.3925521466137565 0.3406838391039473
1.3814896060766269 0.29271637963224295
1.3816659612364097 0.33059677147199595
1.3817207571661059 0.3304448975008805
1.4356465011460355 0.34061678716301025
1.4774936632300872 0.2389497103279801
1.5034953930598989 0.27955260634325807
1.486415237417281 0.24346522801331658
1.4065803864436806 0.343036667320239
1.3776089730815437 0.3120948063036585
1.3794786841761586 0.30087287018916825
1.4374534048372891 0.3398130806578634
1.4351232037250117 0.34024320633154437
1.4606495106707795 0.33034885727653895
1.503291385564062 0.2748378957340683
1.4116092981418467 0.3426757124516994
1.397179085057522 0.34006821540130006
1.3994752690949437 0.3407448150763948
1.381648791810918 0.32746432835418127
1.4035386816922006 0.3415957643672243
1.3785192732661171 0.31427929309200325
1.449752796460719 0.33498466077569544
1.4239457668335005 0.3417309617599308
1.4587434248166455 0.3308251792828371
1.4940752625531502 0.30082324916562986
1.4194918273361443 0.34183350877433577
1.4967107369287422 0.29641465064234607
1.502552929735634 0.27650559670469466
1.4892737878711746 0.24683769508940476
1.4006583702322377 0.3395533491546551
1.4819768511648577 0.24227702586283792
1.3841570695057994 0.2922282527636155
1.4073276508635426 0.3406871408651716
1.4795595102649182 0.3161027219556988
1.3862386091430843 0.28785369128970206
1.411185075504862 0.34054491813838916
1.4238889836417354 0.3399504284442091
1.4586981668309673 0.3291822191514691
1.3848603289081443 0.29265998191304465
1.3818548408041953 0.30283256684966764
1.4377197091600682 0.3370802073360595
1.4138123749749567 0.25442126616822164
1.4782091784526288 0.24130780469006619
1.5003505875370347 0.266490281487607
1.4633077264970082 0.3263996146624914
1.381253194967575 0.3129869661934595
1.4150201375473879 0.25371150342915777
1.442846152728296 0.3351979025688556
1.452668937479419 0.33127684521750694
1.413597363324559 0.33932788534350816
1.4134753731317664 0.25523307691488184
1.3905966167460448 0.33137852217222213
1.5004002504135894 0.27064494556220653
1.4705220146019062 0.32112661053146513
1.499807097083088 0.26746313905614433
1.3832766984542884 0.30162637536137754
1.4688121585464928 0.3218632901113881
1.4267281265726104 0.3377712153690068
1.4320433487898758 0.3368322252982385
1.4994375699403335 0.26796920766509547
1.3839627761628028 0.3018540132921454
1.4990640303604557 0.2671134378738788
1.4145410066412174 0.33777197448804763
1.4779649962829329 0.24256849661367544
1.4994639438774109 0.2718105852453168
1.4233082543446063 0.3372798442831072
1.385476242663151 0.31968575449304926
1.3954808811171147 0.33169514154658614
1.4206265863030274 0.3371024610477782
1.498430732135132 0.28144915231122924
1.423832486498419 0.24932327618121303
1.4976998597602422 0.2649743299907381
1.3943546686483579 0.27906236076618285
1.4653808650535005 0.23953039431229106
1.4120797455249876 0.3365276872910893
1.3892911579446081 0.28889712538482953
1.4320323920849867 0.24508318085407133
1.4069195203357916 0.33550233788987516
1.3850317999902684 0.3046579060014022
1.3859519788500245 0.300262215419757
1.3850597819838515 0.30697578211905524
1.442815226336736 0.33228954682232
1.4017592245150565 0.2694239445413848
1.385338127959091 0.311664611124891
1.3877656317603637 0.32085969901580774
1.4418345772086572 0.3323494086150281
1.389016644338058 0.29127122919806825
1.4357361809832963 0.2439811279187822
1.3856265812712376 0.30681163855549254
1.4307648737866914 0.3347450790419703
1.4964498566464346 0.28521419888969496
1.4585493869050374 0.23966127491297323
1.483959352707807 0.30628869706777345
1.3970117221767238 0.3302709360809272
1.4022153989158017 0.2694808368424715
1.3860675442942578 0.3123463832207146
1.4602797223471953 0.2398138022563993
1.4655251857337213 0.32098320796801966
1.3928039134365748 0.32602705066740484
1.409746251750688 0.2616292545165929
1.4874693126973952 0.30131847145828533
1.4929471112601398 0.29249241301846607
1.4962024684548552 0.26514735059428596
1.4388564754493107 0.3321139821723497
1.4035620685094905 0.26857729864058094
1.4952367920417777 0.2629002396048337
1.483619061068345 0.3055827136630407
1.4263116129970843 0.24927640729450168
1.4543202505172381 0.3264466084801966
1.4242699480295495 0.25056067695985307
1.405272441671524 0.33221872211694564
1.4785372173264295 0.24520825643711228
1.4181071010898803 0.334199148521021
1.4464198658497933 0.329209097408701
1.3914763017495688 0.2892024783277543
1.4457520524738174 0.32896309753279845
1.3903630191047824 0.29350442233590873
1.4729898921522258 0.3141282429637264
1.4583587538735783 0.3233699987836802
1.4756037587146298 0.24455528099343044
1.3931754281603648 0.28731624678909595
1.395405710073832 0.2830179820537323
1.3912392106470133 0.31799967905763915
1.4071167375088929 0.33079862360056816
1.4415321770775278 0.24387366689335854
1.4131132054611513 0.260544812672937
1.4076592655809428 0.33040326186194857
1.486834523151038 0.2529922634847211
1.4557896175408396 0.24160941269202196
1.394023487189707 0.2871526069102479
1.4895899332053895 0.25665717564744195
1.40053441260442 0.275692013494673
1.4224762375448479 0.33183113100868766
1.462065626746849 0.31997122692828167
1.391789862844662 0.2942159244781343
1.4139868374738844 0.26033801012502183
1.4078529784550633 0.32973387807044563
1.463144925151802 0.3191979675866979
1.3931913965346936 0.3183889094412925
1.445328839781118 0.3271881104889671
1.438651180079471 0.2454341750123605
1.39067568259384 0.3009042032411106
1.4827790588626808 0.25024401180913497
1.3946311800277487 0.28747889267239657
1.4749882350908845 0.3103325600379483
1.4171154644142763 0.33082618696260163
1.4573574782555516 0.2422353558894299
1.441823859561091 0.32788285903799175
1.3946855164133058 0.31925078946502716
1.450152724624845 0.3248654634582107
1.396043712745596 0.3206737785858941
1.4681498506456365 0.2437287059147414
1.3997956069811115 0.3241506111043394
1.4719740500815441 0.31223148579015286
1.4285823713191872 0.3301432274948887
1.3957530096070694 0.31967552334682153
1.4632486817774084 0.24300261477380006
1.4638249217744583 0.31759216999286694
1.4085930234839372 0.3281661681131559
1.4923771003291184 0.26520928825525847
1.4168858438418552 0.3298011058386015
1.43063390750354 0.24969644715949083
1.41849036331036 0.25769445037826455
1.4334685841669743 0.3289572701523298
1.4810609514763204 0.3031663049890614
1.4935504708525196 0.2722972335292369
1.4025665855032496 0.3250051651563759
1.4692726763305082 0.3135608060792192
1.4536063142806803 0.32253815492057936
1.4007236079185446 0.3233308052809887
1.3938441296345117 0.3140471137560665
1.4364188174687198 0.32795696774008537
1.396809575544503 0.3188998193607967
1.4729621085910864 0.24620172394921708
1.4707355437167493 0.2454366553952354
1.4903908678823967 0.2623543187976761
1.3955859900976813 0.2899716059225083
1.4553058729912083 0.32097319840223704
1.4306296227987767 0.328348341291987
1.4908091547074487 0.2854160374555666
1.4673543278267194 0.24469423543159927
1.4841567171938772 0.25410106888306
1.4567061515801627 0.3197492314854935
1.4011566261091986 0.27940616325651535
1.4055127492543373 0.3242271114660893
1.3938701107001679 0.30256005928776414
1.419045058835775 0.2587177420425861
1.490883303658039 0.28288182433472986
1.4395918818165871 0.24715869968933443
1.4668622975419372 0.24522982869059798
1.410443635995233 0.2674845114614874
1.397177347744535 0.3143903634538303
1.422689967760574 0.32713223236530015
1.4061034459227328 0.27341193162962535
1.4889415506134056 0.28591270871865754
1.418400021279883 0.3262944038251034
1.4903311574397515 0.26856828724731413
1.4766994370584805 0.3037554286253235
1.461237100577732 0.24522160548606187
1.4794257992260418 0.30066734473775775
1.4892505135928882 0.26557652926412906
1.401435046048667 0.3177231870812277
1.484530609017447 0.29373067061136304
1.4893025506246214 0.26616804857918747
1.4785301610090427 0.25158239554245904
1.4513375806863391 0.32011490176538665
1.3982432106698996 0.29036983138144223
1.4251773065147777 0.3257520802385967
1.490277587259769 0.27291604736223907
1.4880616763988554 0.28593131103701774
1.4410280118401193 0.3234706598152646
1.4406429255646906 0.3234969598237823
1.4462341230111357 0.3218105033162651
1.4241267291722632 0.3255707679143176
1.397141816701983 0.30750436610001886
1.4190309430041186 0.26066735623905857
1.486982378767997 0.2879189794845827
1.488709068286314 0.28288754144396916
1.4501578109298054 0.3201045614847704
1.4065830936229746 0.32057378081645305
1.4658676929564782 0.31164121699727065
1.4433108327042512 0.24761435477156776
1.4029537557248417 0.31665006337955137
1.4228065036969724 0.258224474979969
1.4735472112995769 0.2496359496075577
1.4139950165115676 0.26629337320448554
1.4508113912751208 0.24638870542487842
1.4778621441521822 0.3004914531404405
1.4206178229923003 0.3238493904532632
1.400812372795456 0.3122171266389866
1.4330707577241892 0.3235256565037539
1.4121863652844873 0.26879738305012285
1.4861521001984004 0.2626599557850413
1.4086370119828895 0.27340180389429275
1.4173345491680562 0.3229511324701854
1.4595196304366684 0.2465347637390451
1.4884894961727868 0.2720441364653641
1.46680401844986 0.30950759486341356
1.4857158485638404 0.26229417973662733
1.4321930358789694 0.25300872296135235
1.4054619557562749 0.3166748620597403
1.4004087732003743 0.29065170200537627
1.4059613802787176 0.31689719482469564
1.4819409119638944 0.2936307029181096
1.4342911388275559 0.3225590592820351
1.4103696152780856 0.31953565794448063
1.4844541954628916 0.28848121735699633
1.458602553414154 0.31391404367597403
1.4118450776281746 0.31980062560466516
1.4876640451202938 0.27697559749813766
1.456529356822989 0.3148366133797563
1.4014961651308586 0.2894368039361253
1.419081520316202 0.3218530285839033
1.40082027583313 0.3065557035789328
1.445657212111973 0.3191212619573161
1.4830409634149553 0.29035965580807915
1.4372667331454143 0.2513867811194276
1.4836001304871154 0.289185600667913
1.483445935741174 0.2892424989253121
1.4812056602976251 0.25777805584035685
1.4337653891079807 0.3214741655802906
1.4427703073896845 0.24962787140175458
1.4865316724051696 0.27995736697054235
1.4370810219735723 0.32077377336497864
1.4131558944057196 0.2701137981945728
1.4716291496003535 0.3035819583066022
1.4009960286771268 0.3023357108540848
1.4852493130379458 0.2659998628281085
1.403079858016579 0.30832870175067123
1.402448318691535 0.2913749231980477
1.4689104827114907 0.30525085411598085
1.4845811749975657 0.2652415655640065
1.4132574700012872 0.27090697902615596
1.4032224853772575 0.3070697300865336
1.436443688821459 0.2529278923242579
1.478514637395212 0.2567808237955735
1.434703974744266 0.3198465374207936
1.4028822380490444 0.2931783386799058
1.4854726720244005 0.2749931153179047
1.4108486267328781 0.3150611987051859
1.4104963560916688 0.3145287603663793
1.4226201926839535 0.3190858808877835
1.4690204981885415 0.303770023471628
1.4091213159288294 0.3130190242345615
1.472727922843674 0.3000707975633138
1.4088512012970682 0.31244437771679834
1.4828122320495911 0.2645119160184741
1.4040272799707498 0.3026277201750317
1.4256049837499867 0.31880054524182794
1.411775710274205 0.3143629068116467
1.4262455525379014 0.3187777080294993
1.403755155500844 0.298669016635328
1.480319532862198 0.2895892578328111
1.4039046861872388 0.29500927835548457
1.4652292953827195 0.3059752754888674
1.4259511068775026 0.2604390079378436
1.4739888454224728 0.29798529503033555
1.4550301573159952 0.31196730740519113
1.4193838789109932 0.31724539497163806
1.4825080799341588 0.26580567269186073
1.4802545649721641 0.28857254043642516
1.434026482204487 0.3178303887386099
1.418047608119805 0.2679926828330287
1.4065524301651506 0.30611506988963477
1.4062967692731683 0.3049699159408944
1.4836366708260724 0.27404826201389887
1.4812736588379058 0.26441383767150467
1.4054427372161493 0.2998535930952562
1.4416203109731502 0.31566285921877174
1.4207812141767477 0.31576212719196706
1.4428095560214604 0.25283461696565895
1.4261898515954976 0.3164816768016739
1.414960346359261 0.3128838759333408
1.4508455351128626 0.31203803281543674
1.4774142248106612 0.26028914862100233
1.4167258626365875 0.27129369113029445
1.4572521483188559 0.30883387151876585
1.425404820814793 0.2629199229365199
1.4069265158119557 0.29443668408626916
1.46985840294934 0.29906932800759223
1.4628555151745823 0.30476088042163807
1.426607481822057 0.3153967061554373
1.4393930274683542 0.25497731845266236
1.4095433618339364 0.3047544957000941
1.409622789257294 0.2852209285781902
1.4128595879687276 0.2783232418929114
1.4169096141933095 0.2723733641426631
1.480115444990272 0.28240703253314264
1.4376857306371083 0.2560432127755704
1.468357022154207 0.2548537806220625
1.432178425872081 0.31469108720953937
1.47663265705311 0.2892832722899261
1.4761446763484662 0.2900116094814634
1.4758370314022855 0.29046570976546043
1.4278199070851172 0.3144487156468657
1.4307619611769329 0.260072494330373
1.477437779887149 0.2629040948099642
1.4370975950910712 0.3138860096763024
1.4254843212450483 0.3137801622247627
1.4752076510620902 0.2604851320976281
1.4804505797828016 0.27329524864062116
1.4611388487468573 0.253169136305249
1.4143955880720975 0.2776343903318702
1.434382801762744 0.2586176971921921
1.4098652715344673 0.2989704823186099
1.4370601093036082 0.2573289528308703
1.410477825256951 0.28796632151277124
1.479625049605382 0.27708801366216085
1.4140864601773968 0.3066157918204181
1.451577117752639 0.25337149869948056
1.4793034277142771 0.27142404098800005
1.4793920603080322 0.27252137305081714
1.4109840300232714 0.3004850873380723
1.4101797822715147 0.2940094521973456
1.440405916563043 0.3116091633012823
1.4134985942179226 0.28209594001819294
1.4191708678605068 0.3089012501420868
1.4735217154673057 0.2901969271234597
1.4113001974833796 0.29307242989482596
1.4508658168209858 0.30773755091032157
1.4122979019689463 0.2988917610530702
1.4475756066869558 0.30854191896344924
1.4770276255506563 0.2686810176852647
1.4737280109883804 0.2627409841943578
1.4728637239645364 0.26179342347625506
1.4610581444745065 0.25549035805637155
1.4132958305143362 0.287292014015458
1.4225088091572247 0.2707027030377467
1.4128157960817656 0.29407959195095446
1.4164345569045977 0.2804380017694687
1.4509282274185153 0.30603932753339985
1.4192132842626837 0.27588569701998084
1.476182825518007 0.270454712004567
1.4350009294836847 0.3094848109362511
1.47340483798674 0.26469725549155376
1.4763670587213567 0.27403514492745107
1.4629645400428362 0.25721454964919643
1.4172609909441651 0.3025734469376175
1.4713610973005329 0.2890815819498663
1.437976824929031 0.308838088423653
1.4343178168356754 0.30899855116924746
1.423148784954134 0.3066636229947682
1.4350148414236226 0.2618049369211558
1.41497534633137 0.29597298981315046
1.4650862449203423 0.29579478393816955
1.4493951110732044 0.25669677083060355
1.437689619331409 0.2605785153856194
1.4242138091813785 0.27125653334712413
1.472867537630523 0.2660160038875999
1.466349767118459 0.2597292658573161
1.4185178394002729 0.3015153073359557
1.4711508644319462 0.2875412423651439
1.4298707219939213 0.3073901570036358
1.4652190161369172 0.2595612100158748
1.4683897056390622 0.29111082269547944
1.428869982643276 0.2675444236997952
1.4171399227317898 0.2966811808440505
1.428198554884547 0.3063444794390412
1.4724742629345169 0.2676280435354388
1.4340913016886199 0.3069702697888664
1.4424577315048421 0.305826555968399
1.4312294793561804 0.3061761337788996
1.4690401495188297 0.28848635098985653
1.4231036225988873 0.3030285412995862
1.4591143600208902 0.25852009469464127
1.4254387857640114 0.3039716314124364
1.4494890211944962 0.25848737463623844
1.4342080171281815 0.3058698852337568
1.4478940696933837 0.2588384774103006
1.4189086822120442 0.28401758049997766
1.443542960576297 0.30482170803943803
1.4318587115475552 0.3054838909516742
1.428439533662953 0.26960759057824846
1.4295188153399414 0.26860834737654427
1.469370102025025 0.26552125320133335
1.427705825409162 0.2706260355725113
1.4564703173080196 0.25904133326578344
1.4645234324673546 0.29214972667134265
1.4197134396370257 0.2957405008567068
1.4352932663595601 0.2648038989855648
1.431719826637567 0.2675157514432376
1.4680258377701245 0.2870183324595461
1.4392969407286986 0.30402162716910147
1.4522132609467686 0.25968024587111516
1.4434093949541165 0.30315767765338064
1.4430136980305424 0.26161579209252506
1.4573713593769995 0.26011502231489186
1.4209964698590964 0.28362627992396294
1.45774370224325 0.296708367127231
1.4364781338168175 0.26489234801912165
1.4226171524915454 0.2798876895433787
1.4589751620188627 0.2607529337862234
1.4561520677360558 0.29740574620997867
1.429438775628534 0.2707551595908312
1.4211482158876194 0.2844928405952826
1.4210925155364174 0.29383055322584944
1.4687195668582538 0.2835057964627502
1.4234514547599644 0.2792873729960472
1.4235867833251035 0.2976877890227589
1.4694906784258799 0.2808407592860451
1.4213788985451945 0.2867520559380181
1.4280729950725854 0.27304874836819615
1.461775904382939 0.2625332962198513
1.4214131515091 0.2914078372588863
1.4252192598636237 0.2986023471705065
1.4634938678100222 0.2903681668979436
1.4593824285916654 0.29409847347277696
1.4541701343997007 0.26113793799626517
1.4639218405290326 0.2892918114062594
1.4476724470127915 0.26172931276117123
1.4221897054160357 0.2876679256339728
1.4614508918229183 0.26323945354392986
1.4486995114604535 0.2994827085071142
1.4688926090375296 0.27570128058530535
1.4241949787879185 0.28137055738710126
1.4672178411290884 0.2692205919586887
1.4235901757250102 0.2921378021805537
1.4488194707043967 0.2624636062289629
1.4252075002323674 0.2946189920289187
1.4325709874150574 0.2706399541727027
1.4321599786866126 0.29966194826904285
1.4674458537851631 0.2723137999289042
1.4249479086283996 0.29324536777881943
1.4621253746566074 0.2652853294831796
1.4260234339574316 0.2947682050141355
1.424824904551806 0.29199253409303866
1.4279308814841334 0.27686611682501605
1.4246966142132356 0.28435166420138563
1.429438603875757 0.2748896739169912
1.4615714938985687 0.28900995958847553
1.4655213398426825 0.2828211490448621
1.4615912644544702 0.2882412047786186
1.4473681446175182 0.26407736937569615
1.4650566936353124 0.2703712040155736
1.453430884444554 0.29446699362873713
1.4504801911329355 0.2959903403387505
1.4414255683160788 0.26634221671942526
1.4584141382731985 0.26499111995368496
1.4580797805954648 0.2910234768862657
1.4442162720791214 0.297930100466726
1.446859630226054 0.2972062979632317
1.4369038921584265 0.29827645875678405
1.4289702048230708 0.2948348747978217
1.4267352000143783 0.28306758558174155
1.4650781753190971 0.27233878760774255
1.437338586344738 0.2979915182757031
1.4583367069795579 0.2901064471861655
1.463106937862063 0.2840884401999449
1.4478100743364217 0.26488686109861026
1.461733908123492 0.26802712617407876
1.4465193869718405 0.2653421120196004
1.442109185944179 0.26693934063339364
1.4333310068435887 0.2962968739683232
1.4423627682892142 0.2971450667747944
1.4271495493736128 0.2868114961479368
1.4312468376065568 0.27619705749428985
1.4594592173103167 0.2671003342202995
1.4284323165369552 0.28203146579067223
1.4330988812114653 0.2954311390502113
1.4561077237673714 0.290594343706842
1.432264030441499 0.2754693616586213
1.4311231711959493 0.2771710759322198
1.4283203970592053 0.28823012797485315
1.4290694220767515 0.28150801889377225
1.4326964368557416 0.29458868162719964
1.4365265806446845 0.29603366711640217
1.4610472481191061 0.2849394193155072
1.4451710979988923 0.2955372292780056
1.4476584383374913 0.2947482673960912
1.4410155679611214 0.2687681192576743
1.4391216408878416 0.2955482515122163
1.4511147557334285 0.2663313590791579
1.4562598213214926 0.2885387897995115
1.4576886434291907 0.28687058075769495
1.4313702739757421 0.29017264344119914
1.4605656617836305 0.27172892739767457
1.461900677688373 0.2752641369008155
1.4510001518222566 0.29174042659831056
1.4585559272726518 0.26962924062224014
1.4381294470119195 0.2940639604537587
1.454454350898686 0.2678731306175615
1.4462772237871735 0.2933628012640859
1.45029056376542 0.26750832185224044
1.4386294581205825 0.27199509368626357
1.4323603175762716 0.2902354589119091
1.452178740273844 0.2678707832881205
1.44306882639223 0.26960271997850466
1.4596865885602106 0.2821944968295781
1.433814384993972 0.2908902384785242
1.447091784364018 0.268526111952805
1.441323719049373 0.2932515304167872
1.4334182221524625 0.2896236072695302
1.459129862939394 0.27298035897658557
1.4370926547434677 0.29183923043326
1.4327377997857995 0.2868351557903057
1.439822548884516 0.292208869871944
1.4346780770855667 0.2881798373611714
1.4410762463514721 0.2913108354716857
1.4339752024181283 0.2837806169199971
1.4535879359338844 0.27070416911297684
1.4467605587961399 0.2903174276121681
1.436670596392263 0.28900483263980886
1.4577251557309392 0.28025923743545733
1.4371628533446499 0.2891702110356318
1.4419358683749537 0.2904295708029143
1.4372652466159215 0.27787959720984057
1.4354663956166758 0.28396552781328954
1.438785479471782 0.27627415341536427
1.4514723854578326 0.271358226231954
1.444178488496827 0.27253580542040046
1.4419086103528587 0.2740214803258658
1.4442643543560498 0.2893469407062008
1.4551848877992977 0.2825935762869229
1.4385648144314296 0.2877649148082529
1.4370892709561023 0.28598113944079984
1.4440447408141566 0.27338883400629793
1.4494033177153918 0.2870892380724545
1.440415276047125 0.27614095912159964
1.4534691221310585 0.2835105490759334
1.452219733536165 0.2847357207611041
1.4381338700369573 0.27969314274147977
1.4374550424355104 0.2821421011803312
1.4418109955180294 0.27538937963920024
1.4388972698332023 0.2789384707215424
1.4400934209744536 0.28683609030690455
1.4538703399814374 0.28147948100950343
1.449532789940206 0.27338550489083124
1.440082537061976 0.2790504370315966
1.4505837734126654 0.2839650959893954
1.4404288095561655 0.28515773472457884
1.4506167801539018 0.27475263989429494
1.4476227853057817 0.2745613190003883
1.445582624869612 0.28574027739108243
1.451779741904284 0.27929296964212014
1.4420093590865508 0.28384476065345593
