mlo mup beta
1.208484826679061 2.308976113730473 6.229379248273135
1.1930909510840113 2.3586302732467477 5.3477054847781655
1.212201563475867 2.802682457518153 6.169939713367727
1.310441715248093 2.336506202166135 3.4307714657512385
1.1912926415512484 2.5679193353376855 2.666998012825961
1.1773212218376083 2.4845676860478147 2.6150354146362975
1.3011348330524468 2.7067539201162987 3.546935969840364
1.1959668083279187 2.260688603682526 5.069494237249266
1.2155399340469801 2.6741161381893273 2.866607157039521
1.285592598664871 2.7384061276377647 8.985441499407806
1.3027860183524225 2.6154097487616332 8.988886513461715
1.270967672994705 2.191368896885216 7.580125669302944
1.2730978830345763 2.707811724877416 8.356208517784115
1.2721586169751051 2.089061060213581 3.5720758852221444
1.222701587006566 2.8102967340745377 5.925170759561317
1.3079887527943537 2.840703876938057 7.700022823288483
1.2352538018899715 2.5345329287767626 6.762557407092917
1.210450868074961 2.7149529971059057 3.7991687054780208
1.2678379002954105 2.135928518053 6.508459225776491
1.2548824119462014 2.823857804113428 3.5232476056604263
1.282462098290195 2.1053651215182376 5.154381067784296
1.2900381449014802 2.1137695882673357 5.570455643513521
1.2311721611858537 2.5069882123347096 2.602444825655489
1.2838035753326218 2.769338035935169 8.337798092894339
1.3064207297739796 2.528530118805708 4.5724292656627945
1.2724924815677703 2.6211746712563517 8.057341798282648
1.2969489930155267 2.185543149888091 2.5460955610505325
1.2579466714859875 2.4381147416967335 2.36764730186081
1.257444781718419 2.189439900183751 6.697840043951333
1.2586641638666036 2.7669271323695837 7.4363716531061375
1.262434950817135 2.650395924196794 3.2369367189477742
1.2407529212513324 2.2112382480731663 1.3763299277868715
1.3009908569656647 2.2989467509719 2.9822941475689957
1.2132899628415694 2.2308985924433102 1.6087635713566257
1.2075473669695223 2.558692375884323 4.223198728110628
1.2816809772042004 2.377240558440783 8.139505307230591
1.3068611766382583 2.793831795271431 6.54385775345262
1.2645720019985494 2.2929859053328334 1.8888647583139377
1.2026069373990447 2.444509776844499 3.2782577837813243
1.2365109196426725 2.2558879031080066 6.106574955695116
1.2256455303873377 2.4657376628496017 5.835744634369361
1.281205482007994 2.685291749429127 8.058736180262585
1.3027142603511324 2.5700497899104873 8.183303801066268
1.2108462235571018 2.5562914067541485 3.8758962260256205
1.2658674263393523 2.5975925701170777 7.611634563205881
1.2437518818707172 2.80010923353786 6.52455195243558
1.2460232402082039 2.6363019624733006 3.2784636773679363
1.2809403640823074 2.2158363638719667 7.432418997509117
1.2106451750766876 2.4513169388966363 4.7669698279132575
1.2237925193681254 2.7776382121676377 4.649443911065168
1.2057858087786935 2.2297014851627726 4.091004039853788
1.1965991180205153 2.2390583584784562 3.138050205494679
1.2016462328427753 2.402370306094034 3.798802005055485
1.2366321686328767 2.1560431753382874 1.6960040559126615
1.1968618976085361 2.252412645871524 2.8245170886693085
1.2369847205144915 2.8132049245573794 5.990262337158315
1.2772980002825118 2.6396341435878936 3.6018797038629096
1.196601644793578 2.277735918513554 3.247115863744419
1.1981333842152027 2.2447927076868344 2.671347686498673
1.2382590148788974 2.320758837011325 1.987386339822808
1.3057990426581823 2.750021896446054 5.485301021286208
1.265948764100129 2.8163172623823427 3.9233159472572563
1.2822852416618016 2.5912214350513585 7.928885357269696
1.2970182482640265 2.4043650429143293 3.3953185806052115
1.2243855953632747 2.5712836240840797 5.364259578864161
1.3065598493947004 2.3292871169969533 6.874946661986042
1.2866798060727305 2.219110084096049 2.4770598035767595
1.2917269119230779 2.4885298790917756 8.109271280992008
1.238591630761066 2.136733226873221 2.112103828450836
1.2009452776964529 2.2284889702524904 3.184676537793777
1.2763887805470322 2.8334707657706013 4.1294390325304775
1.279774496439791 2.128536476787791 2.990861066175327
1.2414310282996999 2.4965799037178735 6.392644580317677
1.2318768919443874 2.4302604225319473 5.94338522081622
1.2193856035710828 2.483306157183502 5.104536584911671
1.2471560961265475 2.426956468442124 6.670531541999992
1.2642873086518953 2.492035601089327 2.9673772097128666
1.241188065415382 2.6881823788933406 3.7139498617610194
1.2375584466808789 2.502539324144884 6.145414132705117
1.218354046414148 2.524014302478564 4.814392857530413
1.2542566642268667 2.3286990271431014 6.843095663511875
1.2386215299640542 2.700875826576694 3.8330757052476105
1.241693565790468 2.4246588425758375 6.364640650049633
1.241762774875982 2.6902053459111848 6.166319004358957
1.227532926925929 2.2375048695716315 5.206713129046124
1.3029792048098574 2.768327775153468 5.211322393808604
1.228889677559309 2.731253213191505 4.641454804534025
1.2837223835265223 2.692918438392165 7.7380705538000445
1.2357688809780025 2.4659204360757037 2.8904571247600517
1.2970964521572614 2.15290221120788 5.882227415188932
1.2674724459685918 2.587488743373649 3.460798608329469
1.2885909520544798 2.280423092689417 7.586827161123818
1.2546486962323207 2.6775923069057503 3.704358341069957
1.2841413925453913 2.6953126441814734 7.705793134028218
1.2628736494576442 2.126194436982515 4.668148344907465
1.2662357861332216 2.5035429717336406 7.301974819763014
1.205980435216233 2.2868124888531276 3.7475503943001964
1.2327363716017203 2.149065873233975 4.1004673099630615
1.2728898971703897 2.3480617273846347 7.416631664789879
1.268832596762016 2.3167688600239207 2.3894173836634156
1.2836226933250006 2.226569667276496 2.5666469597996553
1.2602150915290093 2.493430618326813 7.042455706791422
1.2922073828850063 2.7968692246127773 7.747293081683191
1.214805231513463 2.3455434234463537 4.626910063647685
1.2545070488555343 2.396626270748323 6.80296164380127
1.2232637757904148 2.215867123493787 4.644767523516347
1.22431820499038 2.425689483794017 5.25722615976721
1.2439943269115827 2.6665074496100702 3.791091059629437
1.2109522552318979 2.224853340092434 3.7228477795971724
1.2378497815302205 2.8541117550680037 4.906692619699426
1.2220565432180737 2.540357890516195 4.69766391114632
1.2997056874115112 2.4000912094961784 7.781681400199529
1.230327690643049 2.482706178291499 3.1812570341610105
1.3043560620350207 2.7469641489763834 6.2344021113120895
1.2906366528461646 2.7712713748946065 7.622578907857836
1.3022860361312114 2.8499626812393437 5.485485561380427
1.2497113798557717 2.1318284605905777 2.8747626495984555
1.3025972528597842 2.5015067546452086 4.521616414432348
1.2269976946385097 2.5944698787962883 4.139420322792782
1.2871615096182296 2.3937948197401737 7.680363293322371
1.280728978874292 2.238380849541316 2.560302315544302
1.2736642206327895 2.477052388618958 7.394756672102577
1.2542308195738847 2.799521173240895 4.228447781181579
1.263717828167008 2.884803894149351 4.396777558446296
1.2715114148159774 2.203750908035012 2.321512393922575
1.2457946169081033 2.8572811870707335 4.576614524904748
1.2741160390940132 2.6783999979190902 7.2717955855293255
1.2163626511271066 2.4422811041966144 4.051348706888435
1.2961207470765337 2.1753669463489658 3.7246337525132063
1.247099429971776 2.766569391444385 6.028818487905504
1.2683483920773984 2.459486310949813 3.118964431206969
1.2671324020183812 2.6594830613978573 3.861975239815685
1.2499574298976917 2.744895268320238 6.211543767687052
1.2279514053242377 2.356141075962333 5.329684953323085
1.218789499022757 2.4303806794486738 4.540693697538208
1.2589951711836704 2.8599978320005284 4.412308697445038
1.29376646901028 2.1518263841577214 4.263711062269465
1.2901376063988497 2.1943511335351333 6.5648897945819975
1.2397836307756096 2.2170887318526815 5.378148380499123
1.2968292997684059 2.2082174612350998 6.709891784051745
1.2213233711909097 2.491830384710794 3.8953632898497013
1.2815981295057366 2.4308477316189263 7.526537748622763
1.2966349068480052 2.606586606306566 7.598981033021355
1.281631413521832 2.138953753974213 5.008595525710975
1.230847205593696 2.4899790441856124 5.370015697576447
1.2525747288902846 2.7787617765784693 4.264337088595619
1.265153181018652 2.6098097914124687 3.7214314956223973
1.304464330534601 2.6198397516167837 6.2826100544970185
1.2277748173441165 2.545650856621231 4.873440328906508
1.263841063598665 2.64945697694587 3.864691304654393
1.2926485908551495 2.1820394067063185 3.4470521179993856
1.2411337572587076 2.448807523388254 5.9709776087615705
1.2337141853960807 2.6172956504290306 4.17383564335703
1.226942835537991 2.1986898919793756 4.344092763241104
1.2602277340385668 2.1637533765743893 5.456871042142394
1.3029600191967725 2.8318702596964274 6.394562512857927
1.2787771130437355 2.813239470468445 7.267037758142024
1.2414232377113423 2.7039816087742214 4.311960266459156
1.2250521470270763 2.5254372900047555 4.423399434231547
1.2392552353407547 2.1566268272152023 4.2182572927400805
1.2580363748482672 2.212407710449372 6.042044837801651
1.2385759274065473 2.709907673239896 4.564747382351916
1.2687588518775448 2.891239573937919 6.887170055645308
1.2307782087249366 2.604061058210762 4.6557313718821085
1.219973997336397 2.261696122052199 4.384515369815036
1.2425323989466155 2.799050731703086 5.120125673429444
1.2941068025250166 2.6973523152479992 4.796545284097629
1.2677199554197764 2.542010430631236 7.060964563420914
1.3009577686000435 2.7104840204593965 5.263524881265459
1.257708815259489 2.830781692542966 6.363362136473217
1.2312615648830296 2.2225087051963297 2.2394895606220135
1.2816861479094035 2.6250158174492686 7.346560600594035
1.2450975863189595 2.712883879588837 5.742809898760992
1.2877911292397415 2.4410028396074246 7.482452843017684
1.3001606819851605 2.836170218607238 5.588814391657747
1.2261512822055702 2.3598361970898756 2.8268291855571874
1.2652802471872076 2.8699202402514343 6.693098559102008
1.2681281946615073 2.225257474058248 2.3798364248661255
1.3024529138769592 2.832347905294314 6.545328797025357
1.2823000830886264 2.1593897370267365 5.6528492768788485
1.2662177896100948 2.2861521141469794 6.769692886384586
1.249769979762138 2.744936609019782 5.97365074552947
1.2856650854920715 2.3752963051260316 3.313950294493763
1.2504271350709313 2.814405590637393 5.899721601817877
1.2577092983512006 2.4791536480252914 6.639455546348557
1.253624984163015 2.6081264053664515 6.352355184660546
1.283135098247067 2.684192861772183 7.281474732370484
1.3048427840871077 2.3786373288621303 6.61009531348026
1.2501713663517062 2.8679346820575455 5.7268255349947275
1.2489126549233418 2.504399777701953 6.225858226691615
1.2512391782508097 2.861101057681446 4.7834007672690895
1.264984283521169 2.81971976007984 4.471689116655774
1.2499479580131785 2.3870556562120546 2.7881015836352
1.2397411595805954 2.695092629926706 4.794611670386912
1.2909959040362766 2.767160998981079 4.931880499115765
1.224854687753702 2.4809687016797906 4.001392521492956
1.2934841772281311 2.4335800864198767 3.8991908654914518
1.2959504629277359 2.603896910815407 7.366457151273821
1.2956768158315914 2.753194793152173 5.128295535580488
1.2482730149856092 2.685700642026659 5.8871696149476325
1.232350968713584 2.336003569516636 5.319484702768678
1.2990905879783576 2.180593075335223 5.382839682203008
1.2226815792542196 2.2032634801312536 2.8064973586337425
1.2320710085507707 2.5617068981279196 4.81147626350038
1.2992788183282205 2.273256204929688 6.987658632257977
1.2409124203466892 2.6354057851887496 4.22992333867313
1.2700630687569752 2.501873576350846 7.04289899092934
1.2491333644371994 2.8259708661005076 5.568825141367203
1.2946123257792905 2.5701995048750224 7.345743592314115
1.2850446644309879 2.306672684883062 7.172253799940506
1.2496897536493903 2.176083070630745 2.4174024958491254
1.2736666762161446 2.767985848365154 4.4978921203594115
1.2714554519579024 2.7663877041401133 6.868648264259779
1.2650567689709549 2.165074984453324 5.442839034546788
1.2182574612854349 2.3300325477248633 3.1644430622655033
1.230904673168899 2.527048130365028 4.863704157553428
1.280838982355732 2.604747737586037 4.1401374136696205
1.2907459936736512 2.5448783440893106 7.369412987037931
1.271211324830534 2.506329332133641 7.035477183900806
1.2612768043531832 2.24387985748805 2.393985955241142
1.2959197922232855 2.1880836333725346 4.011924035764787
1.2508746568602445 2.755142425390714 4.534616137429673
1.2984136222317944 2.715779469220946 7.1414896362332865
1.2306425807497834 2.173003519047287 3.358453553555824
1.2304541992120515 2.538380566592365 4.392887389527202
1.3021401724706942 2.71113763907696 5.831043213877887
1.2754027612975092 2.8194343630360894 4.6907560527921035
1.2512750214441806 2.8281063365839403 4.8587402256461925
1.2983508532906838 2.7949342892172164 7.020513911415325
1.3051248931489554 2.376396636948896 5.665476575232102
1.3051677176403214 2.357340395196997 5.839071912892997
1.2616576707426508 2.8744838958376895 6.295416676145765
1.234005099381127 2.164699438415032 3.211527285322738
1.2988947132300566 2.6448095423934763 5.094479178292339
1.2783286872345025 2.4402196275829193 3.4505292751593437
1.2174061725815313 2.3067433850724512 3.9544356774971767
1.2854369022558614 2.198099278633257 6.256716301314567
1.2870522206834205 2.1980728332074344 6.25421761506116
1.2855152848290023 2.8360586359873823 7.032211039482711
1.263426051854486 2.3059954034072776 2.608215685426874
1.2859953836345737 2.1534049026476634 4.437887542653735
1.2604962977927476 2.5657922646677656 6.559196640881154
1.2500328200226618 2.459596006967122 3.2350549546271488
1.2228791065963063 2.2800260482159262 2.7616481039421616
1.296840475916711 2.3718010963080784 7.31504934892731
1.2879512617375237 2.2672294105786777 3.2160748511094717
1.2817026811854775 2.772962464612929 4.7450662056046955
1.3005948273123469 2.757595265500548 6.748453573278985
1.289768750013151 2.356657534143957 7.271061116053236
1.2442518343505804 2.671631995677416 4.463208153294948
1.2407239139610524 2.5223216743609793 5.569222280249447
1.2311148812182624 2.4690915601219015 5.000021729200425
1.2475967015482923 2.1478446321707105 3.3769850090483757
1.2801638731145746 2.5621729103794437 4.021958171085311
1.260708154211365 2.8949947785454064 4.907572300960142
1.295430970567438 2.750977083607749 5.269111897902146
1.2508968986637037 2.582008385198807 3.8542684184705642
1.2524681990919466 2.6498732554417304 6.043795315535675
1.2566919925137148 2.8745669801367413 5.8608376575602215
1.2412465558996653 2.4655445282601276 3.3742089042101533
1.2474742112531212 2.763414353328599 5.271777427059256
1.299135815874368 2.803803135471803 5.763262429106792
1.2899787996865477 2.8556047984718873 5.2903148519645615
1.2630879044608336 2.512774491013844 6.6818694263905645
1.2374157699343247 2.4103319677043715 5.501279930201074
1.2842112252512325 2.1621260542418312 5.231799579297297
1.235217894833645 2.272657001265944 5.148907648841448
1.218416799598221 2.314972249859653 3.3495943295757407
1.2812538438559318 2.7697522699792625 4.755025006663962
1.2628346739682839 2.2356862357800775 6.183218374484724
1.2934335103523864 2.2411176168553615 3.547145275726061
1.2484371399846004 2.73541855960558 4.727974210324309
1.298419633881404 2.628107408933425 7.105367451574187
1.254157517183208 2.8705020903458713 5.245766280814481
1.2505995661015468 2.153192100067482 4.215703538588242
1.2926366166625214 2.880435803513182 5.50814244722339
1.2202371265015737 2.354077073100811 3.510630400447159
1.2859705449276815 2.1576901288674777 4.488758013451706
1.2890733275888702 2.899993921582276 6.891127507420869
1.2554317875741463 2.369862115184289 2.8656057015883603
1.2751224881320797 2.196159069236562 6.04500171333561
1.296255374863065 2.5603638472835057 7.17956122287238
1.2455289289343545 2.311100336074065 5.815798604349164
1.2577681221876715 2.180582298599809 2.6081590116017104
1.2675317145676481 2.52064242735256 3.6577550616608896
1.2835550759384937 2.8417039889861515 6.863128817294934
1.2551356341635054 2.3472133374614548 2.776364106544418
1.2668548658968177 2.7617517592359553 4.5387553514912895
1.25919052073788 2.705438303136039 6.213946694619951
1.28790663569801 2.5210275697868085 4.20956586905978
1.2350097685852304 2.5496684953653226 4.419499261143983
1.2536787808878394 2.7998643344241545 4.945120111778584
1.2665615303336026 2.735135283509953 6.543236856853211
1.2824935991790631 2.7157842846910025 4.708258385568255
1.2964868406021952 2.8732526520124466 6.5512625834222575
1.2973793602042372 2.205759009170322 5.963007840303883
1.2523975854478766 2.5862661578069988 3.961007291418495
1.2907561939939798 2.174359210366096 4.295247214477929
1.2795852549842501 2.1558086772427085 3.7598227301523135
1.2562455443786944 2.2725616254689713 2.5494620482102457
1.2588074952183732 2.8547974981438857 5.825126864998353
1.2768534037386785 2.179400716895416 5.6878631411590455
1.2385456275260516 2.4416895089490955 3.3795454468854054
1.2624205696185304 2.6378840949269384 6.430153881101548
1.2561781842673925 2.4486117940030283 6.335480903379725
1.2271958517727446 2.355982261861936 4.714153387817836
1.289043250356158 2.796494889596005 5.227989083427911
1.2927859435468778 2.8715523176293942 5.66778308007669
1.2988170980806553 2.6289516369375034 5.2894372537092735
1.2928125839911369 2.3973950073262884 3.9240670929292865
1.2987390624895696 2.771361428332806 6.003271232656873
1.2477571564388286 2.4785674519994556 3.4760892283886786
1.2934587617079656 2.223354344797415 6.317799343685181
1.2510010511277012 2.6856269848395513 5.648873310383408
1.2946375739203257 2.7697467884252034 5.585789761413732
1.264184857965546 2.657186367443807 6.4544478015384374
1.2647854866063657 2.424650687710325 6.675773645266624
1.2940067629480387 2.8503045025641756 6.521505491021907
1.2958977930918183 2.832007077292303 6.46992237596281
1.2837971016731853 2.8204283528085945 6.756286920501356
1.2489061721564796 2.5259859306619585 5.877520914763277
1.2626291410984956 2.16432883354707 2.9474782478281503
1.2865646187489286 2.611453932214271 7.0043418636859816
1.2375031091900872 2.557594344205228 4.571425192026187
1.2892134824800756 2.3158458178818826 3.4994563365600886
1.2893809579742281 2.223935595366647 6.373445997692686
1.2645010962242393 2.3380495645141046 2.8892055879739154
1.2772254085563421 2.5731794124177094 6.93137618678697
1.2435671227274137 2.55978813522868 5.425453948649869
1.2717029648018061 2.5108846157055886 6.822350624948372
1.254738177506162 2.222583107312055 2.5234943818054445
1.2209696927118376 2.300344062895537 3.582500607635346
1.2726298579734885 2.7433372621777568 4.694262191018453
1.2599064002731653 2.1746836289744174 2.872153180770977
1.2218728024478116 2.2821523476978443 3.305856664404617
1.2821977900060288 2.60912415584729 4.440863917146633
1.2866405402903354 2.7870134635311423 6.739842733346363
1.2543911973080857 2.5661019900650333 6.056123598046174
1.2676181776100648 2.7553960405996096 6.440725607880223
1.2313509443611512 2.303371866957439 2.8488399025704814
1.2376303252720589 2.4566527532717783 3.595287074930077
1.2871444855066458 2.3038512135603333 3.421158734170163
1.2580970669077078 2.3458108724679265 6.299339919658458
1.3027449790153431 2.254698106211936 5.154072074405615
1.2668415841501508 2.89373131326012 6.161619271241197
1.29013590189555 2.7336243236271165 5.231420125107151
1.2657711910169733 2.847575645230716 4.994871261664494
1.249306610972466 2.165742973912659 3.0023389781807293
1.2406706775840475 2.509974992518212 3.892602592637166
1.2882683560874293 2.5805505582807644 4.5632677936153705
1.2985568319979872 2.326020421330339 4.1250182383092735
1.2946551981646957 2.211933935736427 5.9248369329858495
1.2590954495068523 2.6747172863676836 6.0732616231112875
1.2860599369276664 2.7915814987666074 6.67873261125137
1.2943842620907977 2.754794602627065 5.682635200102574
1.2318158171090547 2.28019730822797 4.768579882577729
1.2622262941308386 2.3564458798655936 2.973120109039402
1.2918361580045645 2.3744267862354334 7.1168092949016675
1.2822886356417023 2.332259187622703 6.940068579165683
1.2666644742327955 2.8909899483958936 6.094366242430171
1.2804753597523924 2.2542738358707135 6.57368755621091
1.295607478682819 2.618641749849529 5.143355581878961
1.295362481804 2.324111738142704 3.9174004771709434
1.2423856636344712 2.4744721653955337 3.6359326142286648
1.290672980030495 2.8934586861761895 6.2661007271057425
1.2807805510274952 2.7300888352993296 6.771241462644426
1.2629254266704135 2.7511991886368556 4.730567182277312
1.2760558199177627 2.1903761111335194 3.133674662024683
1.2906915402627885 2.7194965469126995 6.750559614115142
1.275346751550595 2.642642789109378 4.455997666765825
1.261841745015307 2.8497881017403404 5.299896388544143
1.2418971683726832 2.2885660559724395 5.354821689830452
1.2768655621280383 2.372823025740213 3.338762581728222
1.2826834866050787 2.7528246036534547 6.704429070514667
1.259824711180918 2.6591399727822758 6.070611127603309
1.286664953307777 2.22182029498601 3.4791010276230523
1.2437043372958678 2.179178644016809 4.182107173481617
1.2495345451914408 2.5473922168989356 5.746196386341808
1.2736496204731738 2.519653978690755 3.931408225368788
1.264610103179901 2.5514712603832495 3.9362136800203906
1.2635846843542966 2.7270717315430275 4.66564208911648
1.2903799216237952 2.7416141810963284 5.36548769689688
1.2344206391830577 2.4826862266994985 4.187071554804479
1.2640353368836914 2.3962080716613245 6.534511056344829
1.26516576452356 2.867147028597866 5.922612203818202
1.2950506450727939 2.2473276242838596 6.33952706057741
1.263351420052895 2.864218277566797 5.693664017250773
1.2788722230505456 2.437466117670941 6.962474457734098
1.2880005928023008 2.833769594923038 6.467104625739678
1.2703153392674311 2.411598260934545 3.3822996295484202
1.2723531991809844 2.623339788299472 6.611772295122327
1.2929700794471564 2.21708030373319 6.000577697582228
1.26663620648357 2.5616137086403024 6.530264145040254
1.22816478900517 2.3981294397215587 3.804794419911227
1.291706288298535 2.7559954307553736 6.6219322234719336
1.2479157348164833 2.562498547905104 4.12402307488591
1.2654346076678196 2.8417114195001982 5.169191229337457
1.2737880717339083 2.78196464309288 6.4048346598611765
1.2784449598132064 2.355805299094317 6.879763400281288
1.2514175716745581 2.2780303654193053 5.744238802922485
1.301562713676532 2.4471795687749682 5.000377175945081
1.2738520608254675 2.8950059792546625 5.4058773315148745
1.2695605465452626 2.6713441054266895 4.506241421177213
1.2710421954433015 2.7287200151667257 6.409998239305182
1.2365328614018851 2.3741651690845096 5.151011816117526
1.278074413276723 2.5562810034871823 4.209989682910001
1.2691130966284356 2.6919151934583097 4.587699499531038
1.2603766559217089 2.761125286642854 5.738875763252313
1.2769118483519244 2.5933474630604554 6.7546105492595725
1.302498064674271 2.316650318480875 4.8519504164326275
1.29409426448151 2.196953383287097 5.039209176372296
1.2254135332446954 2.25793725800837 3.513794213740976
1.2862994975651445 2.399895525577439 3.834222731292643
1.2885725199041156 2.7603843318232295 6.595478336435876
1.2710055464630197 2.8380989839127295 5.1854606951989375
1.2957644645976756 2.4544327477667065 4.534084216095103
1.287601319517208 2.829353140559257 5.752423769415417
1.2341283728698345 2.28669778727488 4.805742236726227
1.2677059315855586 2.6343661643983696 6.441307409457817
1.2759905259714472 2.7682681402722884 4.993258006223574
1.2678433669581999 2.7363023756199025 6.280752535680135
1.2765591091809125 2.295031218786268 3.117999787453833
1.249318138522729 2.6522657290612663 4.965263070270094
1.2954493844723567 2.7061180905778164 5.769545915113836
1.2651269478757265 2.7925668062992925 6.000337410378965
1.2341913158895372 2.3649074394870198 4.952124398573609
1.2514158059938154 2.1737690289443843 4.369331139494928
1.2722460626209429 2.873514684770412 6.072901367558561
1.286590837719222 2.6234751935513856 4.835731565318012
1.2920035130282668 2.77560332262487 5.685112066941176
1.3027619385294344 2.3717969250383866 5.102472505888663
1.302931866082138 2.3796298517300736 6.16252193857086
1.2905148381817007 2.7797007477696236 5.720303404491808
1.299600862414131 2.5543735602594198 6.560978303342942
1.2814409184695632 2.5443103055466727 6.862852117810402
1.2750501073881402 2.298705222167158 3.1064408843621347
1.2834811415435254 2.857377461896289 5.666565492895122
1.2943211618308477 2.7056226017914957 5.839307889813506
1.2564893384731943 2.4227083324909504 3.3561412240846913
1.2524353568308253 2.677594033298569 5.000744023041662
1.2770988771822551 2.8486247596706766 5.347625953552583
1.3025751915305568 2.29003194135898 5.564820095768136
1.2360768068648083 2.353437845749016 5.055453388879259
1.298186557864447 2.454997183427235 4.719792099215681
1.2743948344331615 2.860011148519189 6.068789388293629
1.247550937671917 2.5884196412148524 5.291269420908863
1.2833396941361377 2.2099707106136637 5.92734335633012
1.2943921870088795 2.2654929230461556 6.392536976257139
1.2920890164428793 2.1914391816084424 4.616961703042035
1.2261901107550592 2.314100947382475 4.056380392655299
1.2637037145774583 2.6536344752710654 4.494689045392496
1.3013011076045762 2.5337141354466803 6.239787589975196
1.2695928467024562 2.6491273515908222 6.41306291699239
1.2757827981876448 2.2354746523109648 3.0752594408340226
1.2677026328412897 2.505958655571285 6.540719790379411
1.2474671455058575 2.3061630638251045 5.594831761587507
1.25657717252879 2.6832001329195663 5.5427216292446335
1.2748565755243488 2.2580430583290227 6.316990669164754
1.2776211295164936 2.449196714231582 6.825295452839665
1.2978025240225703 2.2898199616438126 6.538834132391724
1.2820553832470127 2.614191073037122 4.663405970338971
1.2827487705176537 2.5190866725992533 6.841470626733923
1.2695653267671392 2.737418724726335 4.8790135868113005
1.2909787513012418 2.254895166691722 3.7866602842462687
1.3013936879588126 2.505899093777873 6.33630694202205
1.2608132290195593 2.3621697245314435 6.266257385415813
1.2771055263383566 2.8613328323158944 5.543734861426117
1.2639608698569313 2.2141328809929712 5.648765632955563
1.2711759685836945 2.418387787494116 6.6479161353419585
1.299392537831858 2.324053153385278 6.577586407623437
1.2925506820473176 2.5736335356018722 6.755453370718769
1.2509011973626112 2.4431960870322946 5.822582615116701
1.2482188744824838 2.5244713783812136 5.516088551419159
1.2924290795359836 2.73334592001017 5.811708845530497
1.2887990753976166 2.6947577081316423 5.336164193305272
1.2406954915468364 2.377864722842097 3.276881213499397
1.2284068968660904 2.270364767147364 4.009998534519385
1.2420758467551491 2.4890722692908698 4.015442332931926
1.2830084353686657 2.301481520311858 6.651996468698188
1.2854204020184599 2.787067667280095 6.197398594729666
1.263334721060619 2.27368145813395 2.8563346992336456
1.285860077705978 2.793824613747364 5.791829634793499
1.2546120170532984 2.6504668627709433 5.447353175621416
1.2666214128937519 2.753894259918278 4.999745773352302
1.2909360779334955 2.7053317889447106 6.350132990007358
1.2687990395973605 2.593631258525068 4.303604926671774
1.2743567265033744 2.765371584434405 5.176290396643781
1.2961579937384664 2.619866256814624 5.605907169321499
1.2482519963489707 2.5652285841834916 5.326572884966884
1.2993432853187339 2.3491123738227113 4.52222965545516
1.2604418525850072 2.4674020999560207 6.197657311241098
1.2464173170355406 2.565678134992744 5.1088648938765004
1.2714338487199108 2.1899785461770875 5.375356532739135
1.2737933138030655 2.7903617254585424 6.080545678726947
1.2732318198396746 2.3519736609033544 3.320664773637782
1.3011403104704216 2.2656594514275663 5.636181440440577
1.2582798844000915 2.7022899371303186 5.233026309444835
1.228459970635782 2.3526692613384887 3.791645773123978
1.2949579551723314 2.399777141870026 6.7909235537777946
1.2370026101329583 2.2021024760422225 3.687981087676624
1.277476510699358 2.8605335931357256 5.800400422703687
1.2398399277235495 2.495897660273386 4.378471820956463
1.251947430912964 2.62949160061115 5.249024393781665
1.2442499684188935 2.4652755858125945 5.338775146037948
1.29545408538021 2.291670678510636 6.477811073851866
1.2545752874996623 2.4895101264472177 5.892479604666278
1.2746746528627146 2.569079402667325 4.355637861031045
1.250288757243174 2.2778850162620365 5.548574179958772
1.2643034022594595 2.2038509048326924 5.450520274655318
1.247809617134925 2.260216454609999 5.310153601084616
1.2924393382872619 2.5092528185558636 6.794719756891055
1.2874201352539218 2.6099920964548966 4.971672993645466
1.2781580373835257 2.4486361826238308 3.8681354470065124
1.2619138361182047 2.165894141248127 4.204155448853356
1.2878532165760186 2.7222038239748274 5.62795069604052
1.300439594198687 2.532374797362481 5.90612733786217
1.230093262419178 2.377445320274794 4.056680064062519
1.2991095847560494 2.4119684542366127 6.676927619446545
1.2794926871124648 2.5725021708653175 6.673544178956103
1.2569793147771884 2.2775536938425516 2.838265445162297
1.2308915665472036 2.250322761986754 3.9618535470476566
1.296909730728142 2.4888821836955253 6.6648137721647505
1.2339048751205393 2.2981172989955376 3.126539009053131
1.2873252809411904 2.383177675610154 6.81180644442186
1.2964795622955734 2.6069913034691856 5.794596623333213
1.293228560563008 2.2491821673934584 6.124060104261673
1.2814584485131995 2.8088792871843955 5.989140705781823
1.2660639529858033 2.7631403504443997 5.255137991689747
1.255561915211673 2.6216883634041035 5.520632522834539
1.2410645944952827 2.482575860945187 4.181765629994331
1.2950185465889326 2.5139910782554775 6.606889495069462
1.290387847065266 2.5943115089742967 6.561437138706044
1.2740330779000295 2.6569178852605777 6.308029675530655
1.2784381865936298 2.53340289794199 4.29936511883181
1.2321629648597485 2.258432451185697 4.116590088143276
1.2820640165568706 2.7117277522105714 5.254764989863201
1.244488680841442 2.5328562356768054 4.631158290010871
1.2433445600902675 2.219826679286402 2.94426155721594
1.3000179605987239 2.52291842269467 6.154753208453894
1.2834120293135634 2.711272052634963 5.354830611704781
1.2401832990599422 2.1995722240019693 3.4422834853101296
1.2696460993588305 2.720550413772926 6.037278942057119
1.2407706563317273 2.342902545608883 5.140529238216921
1.265474572386817 2.6778604912471984 5.951441827286889
1.2673068358442723 2.6700654484834154 4.748648437046889
1.2559103389304267 2.5090045232698106 5.850846903753798
1.299502515980593 2.529378568871726 5.903778319226298
1.2873833115027065 2.203108568935669 4.115248614362079
1.2812789644020526 2.194791515632091 3.7487133281916645
1.2738417892510918 2.37790129441927 3.5084775590405517
1.2519154565121928 2.2417621508103536 2.82811753687663
1.247357938013673 2.4251903530926975 5.528910028149033
1.2867012177367392 2.2548980091752098 6.214070976318
1.2849112542215169 2.2052313401286048 3.8835928564522053
1.2591082202872643 2.6261651708310914 5.667936605273422
1.26176850723214 2.645217847640212 5.779934384810199
1.2731263419249381 2.508952776757119 4.10992594259549
1.2377761818955362 2.452312438179698 4.3925636344038015
1.259925135405654 2.47973005124071 3.831935005305713
1.274359806294696 2.339584677375069 3.388836044289649
1.2823523212243721 2.6289082191295847 4.9174184225557624
1.2384973115112394 2.4376751148980533 4.760608790138809
1.2572554605546093 2.52874482661289 4.102492111139908
1.2745719120691776 2.282007608580549 3.228032318002377
1.23361214486455 2.3317759417226678 4.532135972879248
1.2343585538272681 2.2835179171224245 3.195274854461756
1.2732904659597142 2.551387389571482 6.43451678638187
1.2947149132145952 2.3852598263602895 6.644880259527067
1.2441496040452509 2.4838134362780497 5.084576412550197
1.2327188261948425 2.325156958571538 4.427450570172436
1.2786556241147866 2.7559942234213186 6.096507623059384
1.2857527956820434 2.3944566437685326 6.714421011993977
1.2706310604858069 2.663647134390867 6.1269948990218435
1.2789778484116279 2.2040185813253244 3.5226175017077637
1.3005891410285426 2.4302194800178696 6.2172124454717075
1.2579907168904625 2.630937291877304 5.458399434542855
1.2744383168664186 2.593142451208038 4.5998028702125975
1.2433129733485075 2.4277095354296043 5.18747085445327
1.2327785177281032 2.2536400646234016 3.4355148932983344
1.2649495862206133 2.678875867841768 5.813379565843212
1.230786876189854 2.3002767152896095 3.5301017794318685
1.30032906410712 2.2736481825159895 5.481264082915123
1.2696359057038997 2.6856482823042493 4.95252088615775
1.2868067839582127 2.685724133053765 5.681754528052291
1.2841635022228404 2.290041776637864 6.4140959054953814
1.2519087301411442 2.439507735976327 3.65220558957974
1.2943918928491125 2.559092648889697 5.478531703808546
1.238285570992564 2.286260093289512 4.7403230723498275
1.2688661161269121 2.496363528453821 6.379843611498099
1.2602689270549694 2.200455420913191 5.039863745423252
1.2697912711136967 2.623292447010229 6.176070977453945
1.2336941869684073 2.245554286088675 3.4714578354382297
1.2690442310548826 2.174411054861789 4.460342893328878
1.2481572029410348 2.5423677166094296 4.58198623887502
1.2328148467837654 2.278422694248393 4.182622609828398
1.2414546552870025 2.277480990496157 4.883622528642359
1.2827426036498453 2.490684339832086 4.347963831250585
1.291955591519102 2.570246355301557 6.47534188872187
1.2698637836027415 2.687252389511639 5.962019230699038
1.264430941805955 2.364960062429495 6.237987632522167
1.2853976787412287 2.680227596395765 6.040884753932195
1.231463300742967 2.3225100307895388 3.746552489468616
1.2545155987978176 2.4808683530390896 3.922691151392307
1.2534507030166944 2.2945872358249053 5.60105054986494
1.288407225580157 2.217155951851768 5.5544854153460115
1.2605163472921252 2.4141039275133434 6.065232570510183
1.2842175973399497 2.6888201399680893 5.921370456828816
1.2732202840344085 2.669596299463224 5.020817848977252
1.2894937716367483 2.6366890836211114 6.121727918061801
1.247570236022956 2.3702030398004292 5.469842525324109
1.2802679958899992 2.4380821142317712 6.655133582049423
1.263568827760444 2.489952123261787 6.137100964619597
1.2428290553298653 2.4515908603204517 4.956066769092374
1.2821865908617394 2.394229678233623 3.900901880040081
1.2498422809957919 2.502004495973221 4.156111809616609
1.2391422612793752 2.439361548446958 4.400143327643725
1.2920471340352084 2.5842750446411027 6.335672116640943
1.2534587817285494 2.43300518476804 5.71889645626538
1.2935086248111718 2.4641821792145 4.8380804977742695
1.255751365471863 2.3780519711824644 5.853098736446185
1.2946448813838227 2.548363095303262 5.58699943194147
1.2641351914996164 2.562094273341285 4.3592472016490404
1.2474059111629248 2.280593107161909 2.9866431742094965
1.2782921080237775 2.42931889862798 6.600757113806976
1.276380095738174 2.4676834181679093 4.073432472432623
1.232807115329472 2.3286305410436157 3.7286825456243555
1.272634380694496 2.2309996801362333 3.257650797711312
1.280859714193523 2.663535245219265 6.223752718900961
1.2744663359140438 2.695086030734057 5.86331222115923
1.2344179182534285 2.297894656156749 3.4137770776198124
1.2588994204188317 2.488696052164421 5.884062404318605
1.2605865412399997 2.2688108133189266 3.0247539601757882
1.2454362925475264 2.505269607763412 4.72090360197908
1.2733390268499047 2.5988784045350437 6.22158257642371
1.2787067279980877 2.336718316256412 3.5571835602506283
1.2824510264278839 2.224570864185839 3.694555033372236
1.259926616951766 2.183443152293377 4.3173721480624785
1.3008367069671474 2.364952339766933 5.9497159454137485
1.2763435181112686 2.5246164443273598 4.370573922832259
1.2711755632588027 2.6877350601125434 5.202879503962073
1.2957861326916233 2.4315707239758875 4.87586486159079
1.2735711364987832 2.1808048717767266 4.2161747172272666
1.267955993095911 2.697422150670775 5.254890435574277
1.2361432427698393 2.2858548958456018 4.430798616353716
1.2560852930055573 2.2045798897486946 4.827321767252576
1.2478127460783224 2.5178164566349603 4.527767737435408
1.2784625049409717 2.1852561171961504 4.33267407225595
1.2823827739523936 2.373227563003742 3.857769732206819
1.295248002224094 2.5074593174152247 6.248959630246443
1.2443485228144706 2.2832429086196893 3.0805096961009824
1.2950018892950335 2.502396131516462 5.318851845321568
1.2907654618620272 2.2393843563278777 4.278625777108296
1.2508459757436212 2.377310743550412 5.572185296627046
1.274676147457901 2.691464598589438 5.7525899802993905
1.2594236932693492 2.6077225752253055 5.371336384062978
1.2686973965860977 2.3017604798970352 3.21632821674193
1.2669901438507858 2.6745445714251597 5.1521941381173555
1.2815541471922014 2.533833440402657 4.61725443891541
1.2546792161539713 2.25793337465253 5.356540901254421
1.2867162740481541 2.6387615584886106 5.794788933989928
1.2830780787508629 2.59701478496737 6.280988018828953
1.288596417618427 2.345361750791752 4.051219356402543
1.2710899590052418 2.493135435638868 6.310526781700855
1.2716075250770587 2.649296251561104 5.928582693933105
1.2344786458211814 2.328951767500388 4.255729542451395
1.2527603049183826 2.3386607262158274 3.232094028253103
1.2511137299250945 2.536618376847507 5.070275857486159
1.288990957684149 2.4658269738792553 4.60390246829915
1.2845435473011777 2.6122651379937585 6.155613356161425
1.2559602124329705 2.390657005033816 3.4841099093144052
1.2773410361700341 2.612425223033746 4.896320220650576
1.2901193442847627 2.5953327657273815 5.639097669250608
1.265570171163784 2.66219406681647 5.173556110798852
1.264891133010867 2.400980599343462 3.574185580640533
1.2406795959407304 2.4344896249886743 4.437437828536478
1.2703818233992201 2.586625372060013 6.1024628807365975
1.2763705930383875 2.48189300859782 4.210469639644536
1.2655711751767103 2.6577614412616013 5.550400677781049
1.2460323413686707 2.442718497331194 5.1557476084038445
1.2963785217076587 2.393534350490646 4.830985478933586
1.290284025022219 2.345538271317686 4.18907894938177
1.2618669482417597 2.331087768428664 3.265041540977684
1.274759391439834 2.4638090113041975 6.389370488296141
1.241404381017957 2.364220770993057 3.560159613466782
1.2770298077236224 2.584065560496504 4.766123052838141
1.2861018971293987 2.3039627396600806 6.3143781316326475
1.2713744798042996 2.5625686728885495 4.546070136649568
1.2629835130819782 2.4068908789445524 3.604722147170321
1.2364807463874816 2.3306078817074933 3.618410505695742
1.2741120897253797 2.6704854364664645 5.50365955874566
1.2567461485850857 2.497180004250694 5.638782197506243
1.2789081568341334 2.688913891129451 5.5709072768698515
1.2945653176876029 2.4527729684430093 6.2819989738003965
1.2611176779564657 2.3061052682348153 3.1761377513545384
1.2597550241155206 2.485911568982522 5.8020478059769225
1.2663870849999364 2.5497796809029616 6.011030616821474
1.2423709787043136 2.288717584840626 3.2213457712624987
1.2391403317690186 2.3770495314982347 4.648405720877529
1.2918843151486066 2.2675626474970083 6.014515854279582
1.2384939684716647 2.3348913363726855 3.5469424396342735
1.274225210784347 2.626580754096122 5.93731152405055
1.2817751086874967 2.565906304383791 4.867353642701671
1.2392110970155803 2.2715822150958784 4.4078327095753345
1.2576012026520098 2.3869760606104795 5.819540508623996
1.2504839233384595 2.196397107202726 3.7307529089139138
1.287821391947575 2.375881562361171 6.4790713981207
1.2523718267200852 2.5282425343827972 5.146621917138637
1.2634317265219162 2.5639252484861115 5.795283843711442
1.2393377797080491 2.3948597198021964 4.028557008515543
1.2572769959147077 2.1897630410846887 3.6767188188345514
1.289162371329394 2.3994757197452907 6.517776694194451
1.2589624435110576 2.4814781508534147 4.0667258320819855
1.2501508217090012 2.4373698661054313 5.377577949400202
1.2756581357736598 2.6095749476405867 6.0549059116482145
1.2839436789942913 2.6224615149078474 5.90905307735833
1.288983962660598 2.3495318488646104 4.157965869632909
1.2574345695295819 2.554162513782996 5.380998925163492
1.2905971369565266 2.4057911550161486 6.45484620638147
1.2572110028571903 2.5664183807362155 5.248978361780365
1.2774377649638358 2.305991950535772 3.5307593769442107
1.2356565531105566 2.3267630456165422 4.187517600208285
1.2712495639977088 2.6599322782219716 5.521917911244211
1.261974962508082 2.592454904656732 4.852345349741041
1.268582741380893 2.552465730516766 4.495485454388067
1.2504589578530174 2.508847516550313 5.014351084896765
1.2702617971967034 2.4039551708146636 6.285193187375587
1.2927095254268066 2.3810402576658825 6.420079779979972
1.2679266443371702 2.649924550178442 5.534509830058418
1.283139584611607 2.5151703775328667 4.718847477065662
1.2979181091952918 2.294981970515746 4.911838908574564
1.2431915831897564 2.438339988785099 4.368982591391045
1.2783563842658738 2.6222199168291356 5.156788762192651
1.2824084527006026 2.5939262127866822 6.110556320159631
1.277656118266437 2.4309786843882826 6.432569475192594
1.2398895576475093 2.2586033578990263 3.4579613017687656
1.2448883220403257 2.2765814200800727 3.2130299054753984
1.242365532117208 2.2995690425689275 3.330725425580205
1.2423039806143308 2.4178770714562825 4.6282544747241054
1.293072305824115 2.5084759543989135 5.424799999015697
1.238433056013833 2.373263265728715 4.032375615234875
1.2673479890439423 2.185322207182556 4.137236674808191
1.290757067803509 2.547185628739293 5.815464189624565
1.2825857739197992 2.620587282296731 5.830774819579036
1.249825465117437 2.469066510662332 5.147981053095018
1.2778812434928362 2.2180840433181417 5.433754081078147
1.2795472049213723 2.597337429441119 6.098694705847347
1.2398005519392248 2.349734045961461 3.7248838911456286
1.2801569401615591 2.486300287764411 6.3904449399220855
1.2550990949814822 2.4809427651729123 4.186060560584835
1.254067241083556 2.316893336283959 5.4899563849194735
1.2596920055685576 2.488828860089551 4.192129488732112
1.2483757918349971 2.4765478332588744 4.427937906625356
1.245650343344329 2.4565446706785288 4.6977686637234
1.2878724266832347 2.363793323907222 4.2495662798996054
1.2635036269439857 2.597403540175602 4.975955915631481
1.2743477324460004 2.2923075629172014 3.4948086214369205
1.275833421840644 2.2072473416875407 5.160778221540536
1.260685324654357 2.5329869931018854 4.499669789988046
1.270127627941706 2.4108904580703125 3.813627257746427
1.2799496839960298 2.604320572648443 5.150743457665326
1.2602192352630128 2.3425512933530217 3.39922949729854
1.2666544454832793 2.623592185080715 5.211291834692517
1.2688801662037084 2.5862004344717735 4.798723797336844
1.2765431652791317 2.5671192317788423 6.0882608025192475
1.2372202045498286 2.330801384442634 4.048397474558664
1.2853520266583056 2.5799116359430423 5.88480273999253
1.264345919162835 2.606685783801367 5.124639895135317
1.2670116282672819 2.6274444984820637 5.330394570465751
1.26662746455163 2.593638629531826 4.864859351157092
1.2866310798577758 2.520638891764816 5.047333952607401
1.2835075548107289 2.5497441607416444 5.061758505790255
1.2757136621881966 2.6334933365097184 5.439708074242198
1.2979838244672015 2.4079583803633136 5.287950522977045
1.268641456185466 2.6087781051952 5.688266474368177
1.2724912340450958 2.573292847221982 4.820129757729212
1.2518328757497967 2.222490890656079 4.62535245782386
1.2716511977665474 2.57885468338446 4.860799709363853
1.2924323019817463 2.30223125128279 6.08335549486635
1.2882614183183825 2.540382418677444 5.30205380688963
1.2824431161883336 2.5410301998932088 6.179598061114586
1.2510908722366045 2.2050236172045987 3.7766520465766487
1.2938160231121891 2.377049639707795 4.791557660378105
1.2831256763835992 2.5675570380039185 5.202824617103207
1.2724980193494444 2.516751757927361 4.487373516046388
1.2538406483303113 2.483784694647567 5.271441419698657
1.2543888734819126 2.521361103559407 4.82127859217554
1.2541506978532144 2.2301178651491713 3.262505732174029
1.258197089552358 2.2531157591907434 3.226642577308109
1.2740635160861187 2.570081826171545 5.908246299208352
1.2828463372270034 2.5791089995797067 5.309992942991023
1.2679253255800227 2.6150114687967316 5.1835608742609
1.267344829449714 2.342739763126986 3.4751160003310506
1.248413346129829 2.250678098981675 3.275694666710832
1.279563364626709 2.2614418466403006 3.6864189185745033
1.2954397527405008 2.355307243512041 4.859596958519258
1.2784029956997345 2.5620400914846893 4.921426132852186
1.26759871230042 2.203333007618711 4.922485049533108
1.263008992936932 2.538212882473811 4.572602003531449
1.2378661884782434 2.3050893795705782 3.928796151315092
1.2516027010571855 2.4750160053376824 5.1090240809763205
1.2677845378464547 2.324480190186273 6.023579407368464
1.2813751421378943 2.532656740670177 6.182667511940757
1.2904392499747894 2.4522179090861953 6.210872843290057
1.2475393008310187 2.2418594892028194 3.3363617072394476
1.2851730112580935 2.373446282773225 6.319738418230838
1.2450332562129205 2.43056518036186 4.570710311591476
1.24712927571954 2.2335470574055134 4.403663731470292
1.246282786788468 2.3217693088680997 3.419938169176378
1.2390356862842702 2.28447370031777 4.045655612551238
1.2692955521242286 2.500824320676392 4.369075465311507
1.2818380488278889 2.224956939321936 4.081660666153779
1.2684979623348884 2.558123486350814 5.792149355567426
1.2940390624811227 2.4426645905877833 5.862573159275243
1.2754973560543494 2.336617750471967 3.709674283950344
1.2879191792521871 2.3562742116231057 6.254635927530057
1.2620455714689274 2.365784265011958 5.846295207913906
1.2425196216277492 2.392998533881939 4.378139863481916
1.267244568899147 2.46401769461484 6.0117035527048905
1.2677876090531026 2.587280636774722 5.000656659751268
1.2795120968877587 2.2044406603053393 4.552086504607161
1.2811698826910682 2.43953497152241 6.3187097194691155
1.2496185732719316 2.2152406104732707 3.7995712234612853
1.2874174213971972 2.533830165053958 5.768841465329862
1.267199892871406 2.4409463732336296 4.0047905176584635
1.26771020770392 2.2823247221402116 5.806493701471975
1.2456055439213232 2.250006413074307 3.464466259937126
1.2814293107203323 2.51652895117914 6.144674811577161
1.2930448451545067 2.442565825988927 5.9920446867914166
1.2792137314902083 2.587380139200941 5.811715743069664
1.2754507590560618 2.5958201480923617 5.541305432209059
1.2551054017130638 2.3386670715109816 5.453933122888333
1.2636162430974607 2.386856893640287 5.897746927300252
1.2710543517847221 2.3646241510516552 6.111978600737064
1.2569875213961146 2.29983169557799 3.33093326034043
1.2776719091974975 2.5890577586074737 5.76085785976095
1.2956346498408118 2.4076852188611326 5.425554499624566
1.2759969606208115 2.2903265786129414 5.983354469546102
1.2791232337741554 2.213920081471305 4.125424144475453
1.2779903340190453 2.2135790361797003 4.058464259675443
1.2674379443357044 2.473073219101618 5.965989271506002
1.2682670673081962 2.493259046451596 4.354525651500019
1.253495566048543 2.310142800644069 5.3004149176044315
1.259626622875165 2.497653798525335 4.473115800461079
1.2790908492924515 2.506811803793342 4.688035414112354
1.2706351927183772 2.3072487465696643 5.945286385631636
1.2623872882209077 2.4849010402718346 4.315418554555974
1.2942783380339662 2.3015488191371745 5.497362887384298
1.2893322686428315 2.454959367916781 6.134392227677456
1.2590596678361845 2.455811722597984 5.546211902148103
1.2868009505198048 2.4498494409409064 6.150331432763153
1.2452028071073353 2.396194439124505 4.721245910132602
1.276958452665987 2.5140518808559675 6.050648321918143
1.2636609065871447 2.560068038994709 5.214099141892925
1.2518977440031152 2.449719995262255 5.103024923442456
1.2561927298474733 2.5025464970480096 4.979168013677697
1.2960461104992704 2.349396252315941 5.529876442126072
1.2551255971171236 2.4384438730528313 5.346008858353205
1.2707328982622978 2.5002697769535382 4.49074785111377
1.2881517977525265 2.3761351536882134 4.478207949571788
1.269339991497463 2.199896702701449 4.302544074482299
1.2690726732974351 2.2078455970157993 4.817883150377472
1.277216506517055 2.5603383456283844 5.106611300291826
1.2632609740356686 2.5359408648547603 5.4294624303090195
1.2613973917988837 2.5339459303156153 5.151581433600992
1.258380345673151 2.4010024706028066 3.843058268821288
1.2751147099589148 2.4681664873837783 6.077244172994751
1.2885706264240706 2.474407105544562 6.02103544947701
1.274391083915511 2.258062058748864 5.600745738202972
1.2724387533937154 2.362034975384076 3.8054651834553326
1.288350346912851 2.2808200299501786 5.7690002960234565
1.2826355401042355 2.4392520572900858 6.1935924400999465
1.2721891919084511 2.2777446070987306 3.5733344979353614
1.2519335087512704 2.445085502686593 4.2770216479841885
1.2737577627738703 2.3824109432151 3.9367381284624106
1.2936025040680121 2.3265589698531746 4.94231178868576
1.2698354588496379 2.5565921352981364 4.945337927518906
1.27411313145602 2.224937140205968 5.127420790839702
1.2616207408428828 2.4703692811139653 5.5760952731139
1.2708294283552815 2.5602665141106398 5.065192010583733
1.2449076444745515 2.379544688632718 4.6333664957619884
1.282679874989911 2.488021345461473 4.849165662155158
1.2665343233430906 2.4736827353863244 4.286131439329285
1.2770779993448507 2.571490729081296 5.499748291962309
1.277253843284046 2.473853941262582 4.526536750451136
1.2872903057981748 2.496851985161048 5.804293782542878
1.2533464169247213 2.332770195430826 3.5427109920515125
1.2924015409084617 2.4585025482740135 5.70813554862816
1.292121986145307 2.408116681660817 4.991419094977141
1.2575938032433003 2.4684057415220773 4.380288245871787
1.2687210232732653 2.2237332845783992 5.101895717281003
1.2880434560325675 2.495720747957712 5.572514228332661
1.258942823547572 2.426875218176393 5.518246018915358
1.279914963071991 2.4823250777019914 4.656844766574894
1.28238974513551 2.5380191427441887 5.343185454225006
1.289128682866855 2.282373715678868 4.481244558269891
1.269160598297377 2.359612183243056 5.98904969341555
1.2745699610398618 2.210772399296618 4.456193024311016
1.2626986493635808 2.279320207680746 5.492416767549363
1.2741917695271474 2.411095240292907 6.062303235081119
1.293864383080879 2.3195801348768836 5.314227985327424
1.2438752940446973 2.327131839440642 3.811138855945348
1.246728029495765 2.3784644849033088 4.825342572476254
1.2448984376525318 2.25858337517445 3.936950979815226
1.2879638732054086 2.4900894671787905 5.575143793914194
1.249953180833606 2.254758793163318 3.498035513606192
1.273862810768487 2.309374466321532 5.918835214543229
1.2466422269658466 2.242923217855678 3.98733414715044
1.2772670916160567 2.3404089697381147 6.093795175556867
1.245800065281222 2.397907734866474 4.381163654066954
1.2926219780999042 2.356133673034507 4.845088079301004
1.2545860360276448 2.3990306358476836 5.309945400816664
1.2860270901906963 2.46391940653373 5.9556054304351616
1.2577712309352675 2.4848256806760523 4.627629982805296
1.2663775327474727 2.29576826899421 3.4770750001960256
1.2432776876981086 2.3492502598220706 4.162997668223914
1.2844400344916815 2.5076085203607055 5.668675693649709
1.2815358615015655 2.523891884966012 5.795271553961792
1.2909484387152284 2.36089754988017 5.941195398928626
1.2902028406719552 2.28325348902949 4.7427544366697525
1.2756612989618992 2.3584451136537026 6.076047337076227
1.2848274564989237 2.4538426597379717 6.005827648518645
1.243841676358636 2.3560293410344473 4.122903373091225
1.2466535742192146 2.4004665892371517 4.513009865635359
1.288415325781875 2.3127417232008853 4.430856112774787
1.2904821605688626 2.369392098843618 4.782628375975486
1.2566226983021425 2.265696425398823 3.4516923056523474
1.2927976939279044 2.358930799856856 5.835198156970641
1.282422101325272 2.2935175576267626 5.880570914826501
1.2457357348172562 2.357120870416252 4.681573858581174
1.2739840572074406 2.543258476365523 5.243049588285819
1.2480898654480703 2.2483009210868286 3.7465564413455326
1.2479400760060604 2.309342841087995 3.602322805504837
1.2591511687668269 2.2423037569333673 3.5252458444072197
1.292907042994629 2.409159603112925 5.58350012235001
1.277370352502524 2.3954707111148346 6.11135036597941
1.2857935975636394 2.4902071453774433 5.440460372186436
1.249661006492052 2.2617299478911037 3.5843119401749863
1.2734560583014116 2.307834498156665 5.849046746607691
1.2864094902234262 2.4177576158342573 5.995148733934245
1.2773133787098625 2.2183588511934293 4.534204672832386
1.2774672745486693 2.5388021981501065 5.628048866585154
1.2883400356972419 2.323483498232625 4.518850593364807
1.2906223875677432 2.4159831956083613 5.254369924797514
1.2897898471496358 2.34085868885313 4.724837855494902
1.2872972272732053 2.3989666553039566 5.9974733026326135
1.2505206271502258 2.421944970160892 4.726477417913001
1.291686840175129 2.4277206238608686 5.547159076741972
1.265725443875247 2.3797101915186207 5.806200913890054
1.265442488397122 2.2362773737052737 5.063378391667731
1.278421024335795 2.443916630536212 6.043935020516425
1.2532052957305742 2.443641272696531 4.581140094788108
1.2789092291018127 2.540946162341702 5.441185515335135
1.2779052670677462 2.4837237313602407 4.745926148979395
1.2888547122418794 2.4315744909088792 5.8497201152479015
1.251688170151428 2.261878986900914 3.5851804478892824
1.2493246975793444 2.3742764075780958 3.972826121101015
1.26934794137213 2.537552067910986 5.186738746584588
1.2724962710954009 2.229716661112187 5.033148070060891
1.2470926959933886 2.3465379822057186 4.698388372164606
1.2788707437510012 2.535182774956124 5.314535211697224
1.257752702815893 2.462505031884503 5.078164870832303
1.2903740217982633 2.416918169140692 5.267324707690406
1.2654263397006285 2.5191641325180054 5.255137898229142
1.2510909530969019 2.4075033113741346 4.8433314421962415
1.2658278872134512 2.5141937429255865 4.853251472487782
1.2732497607340842 2.301899223974688 5.7681521988646445
1.2733724635804216 2.5021446275472203 5.692762361577442
1.2727966870140617 2.3044347667182814 3.766859965294909
1.2864158129637868 2.461146273748829 5.346650975000973
1.2510478350096026 2.3554615378762804 3.8346427425855936
1.2903118958744089 2.4194966740884305 5.579892136885503
1.2806542009092092 2.337938878860751 6.009880862096157
1.2585544436036813 2.4410590147208038 5.247666764845853
1.2844576047010867 2.477038561717693 5.391031381774912
1.2876237009424365 2.2966370515488483 4.6285842792471605
1.2884206359089532 2.3038119946821927 5.651015221862089
1.285388594893166 2.343449214360474 5.899626872578969
1.2571538400667466 2.247584363477487 3.640641964496165
1.2609982214500275 2.433807282494112 4.259248931466148
1.2752516418628195 2.5193921577066263 5.222251410394163
1.2780094576859753 2.364567957092558 6.024617570441729
1.2614659174818115 2.3613550846348894 3.7985666621286747
1.2586036066344664 2.4489215417867367 5.171025944075669
1.2888120991265417 2.2938178952341324 5.479021613298663
1.2914476778088242 2.3791936608648316 5.719416238846948
1.2586580200981208 2.452048453562822 5.13194045458804
1.2691593896240745 2.510282460954309 4.872767748128835
1.2506327017366006 2.310100614958745 4.845583613083495
1.2805545465006405 2.458494264288974 4.750961421985291
1.2914989572047988 2.327780458694383 5.049609508143085
1.287991849880533 2.3326548765181627 4.680994615611601
1.2775758582187144 2.2859868090490503 3.9284208931754208
1.254197627928345 2.4335718120602716 4.787239927174705
1.2853349020558205 2.2737905974188424 4.588217236607274
1.2676320785147368 2.505116933889106 5.491877264888705
1.2547964186105083 2.377933274207098 3.9626392046933887
1.2723168835700451 2.515111449517082 5.257959162526987
1.278374005708611 2.412797551543696 5.990393900968995
1.263620621113722 2.2276268424175014 4.674330518452766
1.2889617810636613 2.3693637807734595 5.840471581173633
1.2638177451413986 2.4612150458720388 4.470264518569712
1.2595841161893497 2.265803886500396 3.6252668112069504
1.28568474635941 2.412047555414646 4.878134282377676
1.265146752660888 2.468518727888738 5.495980546383169
1.258762073203524 2.3048986940490446 3.6324311191988077
1.2710362713031211 2.222709582934969 4.483894847725809
1.2878161864153177 2.353168506112183 4.784583626415017
1.278159257983706 2.4947543899060616 5.687866058942767
1.2902515924655018 2.320430118562533 5.374655786400254
1.269222053972934 2.4196392145425945 4.2311763618726275
1.2582881568168958 2.379967201197498 5.293319251479154
1.258548178805043 2.389551887415511 5.299490139965176
1.2624937884593237 2.2472213528499165 3.7089135221581717
1.2676701783422815 2.219978316745735 4.450807775901691
1.269807124599428 2.357457454647278 3.914784703435048
1.251417482279078 2.2843782963763672 4.645537202638282
1.2556193267356637 2.249059717672961 3.806776839599948
1.2711510821991152 2.4864481613441307 5.530148960021128
1.2761743995997683 2.374418235655052 5.917284466281576
1.2750188053193148 2.4318417815111486 4.512964098936612
1.2762718589727746 2.331925068265307 4.045778186701687
1.276029060533432 2.4014545309512334 4.325835033172481
1.2660339655036355 2.2274940212669962 4.659341676029133
1.2579974394991902 2.27079659753963 4.8783837299615325
1.288813712087642 2.381784671280826 5.672019105613062
1.278538120837963 2.400847905666451 4.407756660233607
1.2698853897051212 2.4594484320513237 5.653488520827587
1.259300814122807 2.238205907750388 3.9081383451899754
1.2793251145386533 2.498233950761552 5.298851121608198
1.2837844879576226 2.4545874489905337 5.3657396809167395
1.252279375228331 2.3813279933027838 4.847211510492533
1.2647992732998312 2.3409518861722716 5.575256100459333
1.2612593732891626 2.251388632727584 4.820735953326787
1.2497577263179256 2.3650019026551403 4.239180993912678
1.2563213122583683 2.2520630808865163 3.8823724818062306
1.2854856829502854 2.4166450360047653 5.0859293571973705
1.2541773871330404 2.3676319447569334 4.0296795888628445
1.257911326905327 2.2534456334794473 3.823022101326762
1.2700693809078591 2.300283095029961 3.7909636438528107
1.2884302948523074 2.3945251443782536 5.2259152184695825
1.2717949069450118 2.4141777576744534 5.734185363793113
1.2877329048327528 2.3851090891946978 5.214531127369309
1.2755295615984044 2.3847920989534694 5.847399099476943
1.2816022727596406 2.4560229151404864 5.618910756653282
1.2879989930221307 2.3723031281244955 5.563625848478001
1.2736813305619077 2.3992791869268926 5.779356631574558
1.2705639336739525 2.3404871957768023 3.9490446218547053
1.2630262109694388 2.4261745500453653 4.340422872692738
1.2543676597386273 2.2569519861220932 4.272546926316084
1.2743811535386507 2.3723360980445944 5.759927159543272
1.2511710688573194 2.276882616062717 4.354671375151961
1.2679536552032222 2.4153993985702167 5.647660137190259
1.2654886319393288 2.3950285379347322 4.122791701343477
1.265635485602877 2.4287925660844705 4.357664328304608
1.2715145386948143 2.3909945039588276 4.230409249588893
1.2657699936924272 2.451864564181837 5.407054354290633
1.270217436572107 2.4683515049053995 4.760625638331298
1.2503330881331234 2.3566752055190396 4.508450571318001
1.2717933431277761 2.348860859180896 4.050219839773508
1.2520340995579486 2.3623211262992836 4.741898500302161
1.2734611140959724 2.2940391224889405 5.512547933129428
1.2730627664085645 2.397536164029792 4.33359755692776
1.282226153697732 2.4522421519660123 5.43806663068591
1.2647639568765565 2.294640264974138 5.330163810394465
1.2563285226265444 2.2667792948633623 3.8937870528747798
1.2768758791334387 2.427785537434503 5.737073109996119
1.256359726659932 2.397627649879768 4.371021582345337
1.263612191227892 2.244673449307474 4.717308419004356
1.277110592932964 2.4530217857086587 4.8706181238105515
1.2559147185639326 2.3333832298611337 4.982311672105217
1.2578606232634146 2.308867128873607 5.019272644883532
1.2774487801134444 2.459958298528265 5.591153498467708
1.2734438270906963 2.2732563329901665 4.058727077939485
1.2570062830938378 2.3358937591670355 3.9288777909898105
1.2538823068454534 2.3850200411976186 4.647418637490549
1.2867317748076252 2.3286360649869238 5.080605672655089
1.278095097514479 2.44478845620138 5.661836742469665
1.266120835358067 2.446353856012782 5.384201106013853
1.2690784345132402 2.4546802463880186 5.465198950013686
1.251566269356187 2.280915661564939 4.152881629946597
1.2734135062194247 2.4366067501430084 4.6690498507037805
1.263130632572098 2.3680369033178685 4.021911365680605
1.276756976417641 2.3525816223346228 4.2408970318857
1.2848197876468008 2.3203658839676393 5.432708342010608
1.2596216647948497 2.4226171747978866 4.671324822027364
1.2822367348259285 2.3429402379305846 5.698392098119003
1.2716749477306015 2.242058615438922 4.550031799495104
1.2826431741085176 2.331879948760264 4.53692057905862
1.2753265451131357 2.4058480049667965 5.678089196009758
1.2654898022999144 2.2438647778453875 4.680474290557562
1.2791522746961301 2.354026151916205 5.768714453235896
1.260235964685299 2.256978396152639 4.530591361952007
1.281639713862871 2.420798387702172 5.595658856033166
1.2562199009083717 2.3321877942172797 3.9948607291706537
1.2753222309202528 2.2834225860135247 5.361433644117936
1.2578070618267136 2.3317246221652246 4.999207961230443
1.2847801216205468 2.3015858696562637 5.049098413428686
1.2696558645022513 2.357108844200354 5.620185633597908
1.2566408860469738 2.362123543634358 4.93961794171925
1.2828771010980993 2.388409798794215 4.871252472331323
1.2625243329723965 2.4136671689852807 4.424954068595678
1.2837474635405182 2.3989306123072627 5.17741113002206
1.2611416757510783 2.3957553118808708 5.16373743007515
1.2762342691383652 2.3152414248767563 4.183672627530067
1.2581959882725198 2.391206941242966 4.422485078922257
1.2667875138994202 2.4216835178375953 4.4401608325826984
1.2625015394780799 2.4327425167632235 4.718681286094595
1.268050667940189 2.2479505276767773 4.791388932874408
1.2725889342277354 2.294592512076107 4.063313049893161
1.2745966362883383 2.4382679488521344 5.415187300422378
1.2602833522615458 2.2566655643945035 4.282054407737114
1.2675561326130964 2.440452354495755 5.3815528001937665
1.275421573385265 2.4496542319606496 5.2843117314623544
1.2699416873182348 2.334144794810234 4.042661042692423
1.2593480913212305 2.3802259911929764 5.026379077492274
1.2531586940753678 2.298331620382596 4.2182332333390296
1.2683344676874475 2.356497105796472 5.541269453360886
1.2587398147524849 2.2938753126902967 3.9509284001394693
1.2682711945970342 2.2674394251691075 3.987853569722761
1.2721422753092684 2.4376408705799677 5.320945963465528
1.2544507198543788 2.358257809570961 4.454383548700093
1.2565215069709295 2.3680242972368095 4.387455562502787
1.2763178195988674 2.3903506927841276 4.554597006273546
1.2781380767589652 2.369798216362761 5.65645367380661
1.2609309320674962 2.3526885861893416 5.115445795682595
1.262590061531151 2.253722323178395 4.267083251601132
1.2630208901539013 2.413563518298531 5.11168892455445
1.2609126830712687 2.3089067832233225 3.9662557690480806
1.2834887108636708 2.3734983253091273 5.228587031807189
1.2638030388059716 2.379270774980996 5.282711002426693
1.2553955802115715 2.31230395141979 4.602997825217635
1.282150522565804 2.3778428295802803 4.882085047715062
1.2806165323808487 2.37726573588059 4.6821126336157235
1.2733884356801155 2.2663086660385057 4.371886757295785
1.2761289536525793 2.4373846232924876 5.272068406583106
1.261431105897124 2.4002749271327497 4.550995773175577
1.2815496224342378 2.3853762058420473 4.895761381372147
1.258403268541274 2.2847051554513307 4.112053239149834
1.2771252245184566 2.429018454475113 5.3634125648323465
1.2812117313752867 2.403156111110497 4.986909438370166
1.2765158459836967 2.3642702087094527 4.4619084376763265
1.2697307647893135 2.4224480357766636 4.651749951155848
1.256050332646685 2.3508237129520424 4.4064508198997085
1.2808963713279984 2.293192237339679 5.201233222861783
1.2646210336623098 2.422217734012338 4.711887354431422
1.2596700045183582 2.3862981590936396 4.708392196149257
1.2581416501960823 2.3661941220076104 4.749457925542041
1.2709325629358155 2.3084625796343707 4.146605371617953
1.2769331496659606 2.2781882676389675 4.455224784791607
1.257001276281075 2.3013368982314564 4.534982792244266
1.2787138842227321 2.4163388361958633 5.41822900238226
1.2665677165835452 2.430909174388872 4.853152375178453
1.2608000558135255 2.3313152621119824 4.95857800727547
1.256705673902545 2.3187271696344656 4.314937263752672
1.2788199436469805 2.2848152279517633 4.543324413166795
1.2812721342893616 2.3883723095431275 5.391868833250383
1.2776258564509573 2.369044178214912 5.539581754443352
1.2675701734527558 2.3385746123729723 5.370100895693625
1.2587240547148757 2.3260489526024104 4.743389294101695
1.2577703760367878 2.2949435351275698 4.362222008816321
1.259075396061714 2.3003224442881307 4.617895458380673
1.2821619677936316 2.3500710296577787 5.177043599826057
1.2820975307296072 2.3527739682649247 5.194667284147114
1.2688277104481667 2.406557729153201 5.293640144539079
1.2753045444997253 2.3237979026990954 5.3286190403089275
1.2750501004336723 2.3200615631578296 5.309385168525306
1.266364955639655 2.386665145468672 5.265210851740168
1.260305054435099 2.343605243788206 4.833712905761594
1.2674792902188408 2.2599575417008166 4.404328408163639
1.2730091219828144 2.29673289189702 4.3167935084640074
1.2588142158711337 2.3300186386169943 4.611141630846042
1.274710694828665 2.3005331145063734 5.13578741995884
1.279855870163051 2.398815094181959 5.279985674473039
1.2780412717121048 2.366456603318331 4.665058154667964
1.2803678706733337 2.3262879338617752 5.317029343813989
1.2775122068734153 2.3151508050912595 4.493177054188655
1.2643609891054288 2.3493662045269668 5.156761149694718
1.2779141172671185 2.2873835124761923 4.743192457742614
1.275376844938798 2.319552601029674 4.472570685041125
1.2775134056736321 2.3395686198090857 4.5715072770429135
1.2788542952952318 2.4011169440867146 5.106734469684902
1.2775152560605603 2.307722900604069 5.210502124192152
1.2765259422581994 2.387455751716171 4.837828999486332
1.2614572285581902 2.357855821220529 4.881982325090128
1.279218776417704 2.30731962665591 4.686605689648902
1.2796502829042025 2.3041418600178742 4.711734810414308
1.272693427696012 2.2843353073421673 4.49474581254095
1.2633333207662587 2.28988997068238 4.770526217837222
1.268368036319047 2.3868495161899497 5.256263961153511
1.2778941828175567 2.37331521960687 4.7889281618921995
1.2624309679739987 2.288218325644418 4.607359826496749
1.2703148157180755 2.343758555865839 5.296076057452474
1.2743550520809248 2.3540353942862433 4.637090630539751
1.264121955306428 2.3487374829483065 5.051613001500254
1.272141452726709 2.3686519116939673 5.219334332906186
1.2799467300519258 2.3317022810729493 5.140519469136336
1.2789933568156748 2.3037226077106734 4.834568719610148
1.2732429794480153 2.295406913636628 4.913065392088004
1.2797600007820853 2.3276159424268004 4.883996308806813
1.262470601645827 2.3659126597628624 4.578077217828804
1.2772490712931903 2.3171446768934656 4.696596843799249
1.2784159170072624 2.3107295422641343 4.9002854598134356
1.2744572973107036 2.318157510077352 4.824429274976524
1.2720929183115697 2.30538183480561 4.51783115925439
1.269088361530082 2.342875789028163 5.179468567187477
1.2691997923740765 2.2815349677696957 4.653576607356268
1.2716210487553836 2.378141863029305 4.995117505885446
1.2771542424726463 2.340308610982244 5.097704357541492
1.2683479475990709 2.2966227435757696 4.9285230881748205
1.2664473923799755 2.2893239898062285 4.721107967448059
1.2629473987731052 2.309607628078578 4.3857497170573865
1.2640118438908745 2.3215368815252537 4.359588764969809
1.2653556205564618 2.371102553022495 4.855021730467733
1.2629111325069329 2.3255326408760943 4.461864349629456
1.265967549597489 2.370403223811613 4.623029111483321
1.2646453654656613 2.308536115386513 4.384906174691196
1.2736097100194497 2.339603413911092 4.706767825362411
1.273112584844185 2.359073056435535 4.92082230897932
1.2718571658485973 2.324740895854492 4.922199505225969
1.2655022294932368 2.3401831728460696 4.859705378194816
1.266708175751088 2.367766412253972 4.634992713140971
1.2714589766374766 2.3115466664665636 4.645421201974095
1.268010669337706 2.2980799867681654 4.725589718109713
1.270003333245191 2.362316828543283 4.711869164638761
1.2670881377812808 2.3587984015071486 4.621264324414225
1.2688723157446822 2.3375326262312526 4.559013797887246
