k theta
15.68114998572045 0.09114506992186262
22.221657311069123 0.07888323379652079
58.157668619008874 0.025466032030178776
67.70497022216776 0.022315785564210686
40.98753085463517 0.035457813349456364
26.379196107273977 0.054543121972912584
50.093768116929375 0.03343891374659146
17.063481961271705 0.0952512508094888
19.541829177287866 0.07577547939982975
30.46778615017545 0.04754880510812504
26.170118966263402 0.05542950723378379
18.680564756635505 0.08007067470403478
19.370016138562924 0.08593686732394323
18.466302006118276 0.08153298402246016
37.569100734309885 0.04512499190999726
24.947605120038318 0.06812590127892688
59.49772592049574 0.025560099205664353
17.714615757173966 0.08840578848215425
19.928169391895292 0.07495006285565753
18.763625943507094 0.08698333336489333
22.532021854900776 0.0746381877512471
61.472351043706446 0.02619355463554629
24.43599305620466 0.0599756556855072
64.46163422177234 0.024339762160952915
18.013841309790717 0.0874259343198229
30.27710185347697 0.048194986880321575
34.03452199132364 0.049680066433241014
22.86250962085008 0.06461323503975104
52.106370944562954 0.028847429813999743
50.0196662618186 0.029945043785967865
62.72488418671073 0.025088150831908868
19.042463591953833 0.08449115250485827
20.622697894725086 0.07285207816383535
50.27170797460215 0.029819154819484037
22.212989117713143 0.07496288989894184
18.77668065394193 0.08284618837296276
18.874489844247037 0.08236005930940377
21.372178518688642 0.07738696939636458
28.37671610097641 0.05945462469773614
23.160166067493737 0.06400539114050645
49.04204960246467 0.03364121941839081
19.043517391263816 0.08270476956751589
39.324837335211825 0.042599163450376655
23.567962111629885 0.06295524906331365
60.935501344020075 0.02596554678408907
26.82974094399583 0.06258714695790873
60.669460122366104 0.025904083515570435
24.174054042260245 0.06897638417715901
44.47255190332256 0.033512503723465405
20.82763902038259 0.07286395653440539
19.99549693594492 0.07745733648487284
29.8829421435258 0.04934782574348454
55.714359312081314 0.027470665717494396
20.676662657519174 0.07828144801501083
54.51521631066537 0.02797404544220125
48.81375509215748 0.030845134158428517
31.777488715720928 0.046441137601220484
26.92227807939739 0.06209829823627953
25.75162743344732 0.057633811427860296
22.385513039430762 0.06727851110942759
23.91941371457324 0.062433303152822625
26.150888399009663 0.05672151378507648
39.88120502158574 0.03724571221779533
25.496882421888955 0.06533723224138786
23.897978647243576 0.06250787308592792
21.865527151963946 0.06926080055893402
48.163244432267646 0.03126392197422529
21.40672111599561 0.07585480355091212
32.84174915755479 0.05096522210432834
51.0824144602653 0.031902514508737
36.366976637834554 0.04591301177811767
55.63015672454088 0.02763242364647403
25.096820296511808 0.0661551749416141
32.041884827664376 0.052216586065919036
21.01115249641471 0.07309831924057508
56.95432660658647 0.028019757121958103
24.86638481119405 0.06669419441060079
20.55090490619209 0.07732517478645742
26.214124569317665 0.05671291173092711
30.865557001603705 0.047934847465995675
29.978541943069903 0.05578300659074515
23.22937281827551 0.06475442095601817
34.36942020598338 0.04859069510301242
25.560454445181957 0.058322064347964005
22.273289756390415 0.06807123135494386
37.886950799039866 0.04393853108517542
24.66698383626179 0.06065019812802667
55.051706842748175 0.029147386656235105
46.29103607406246 0.03548519855934898
22.022529276398053 0.06916774965531901
34.169134124578974 0.04339952072316589
23.871633504727015 0.06295298090996378
27.36092213490486 0.05434739043871403
21.88557061148323 0.06981969046077689
57.161031756852616 0.02755437564507736
22.58545910473338 0.07214695769529426
21.30656779303446 0.07253784605304887
44.100199057138745 0.03404226589150586
54.7447493093391 0.0281648656216028
22.152248545347085 0.07305648309704935
28.84046878342705 0.051560721788453376
52.38128117234403 0.030824311971711364
25.94746950850378 0.06376172481862773
38.748329604727616 0.04279176416401633
31.419296021055814 0.05300041559090676
32.01316349768557 0.05201400967352269
23.749739676824582 0.06361745008230683
55.041481066919964 0.028973177690635885
33.2760931900787 0.05001285169578921
24.834705592469355 0.060545831287578455
21.66800081018547 0.07151465397994841
30.439633591408768 0.05464983170780151
22.030933320135027 0.07287506400050946
35.52773703171974 0.04191485386025393
44.56244224855509 0.0368387365655666
22.089487662109093 0.07261067452028663
55.69490238233846 0.02827048563051139
23.23541360625093 0.0654836224861966
31.375619995680168 0.04744587698472824
27.662561211215007 0.05400478518789364
53.9221777354564 0.02963800658975381
26.732539156164616 0.0618235516085151
29.566143047746493 0.05614252903775406
47.96023637314207 0.0316478955714887
52.67561881313347 0.030473748097627276
23.566523341738712 0.06449252857552866
48.899475097791466 0.033205183710441774
25.188423669903337 0.06518865896312685
47.737537055949275 0.031798970571592935
35.38615528783564 0.04684662103900895
52.3461656492281 0.030647696334097835
28.8437539155374 0.05180758448574197
51.65017764539998 0.031137195140885587
38.09260723155484 0.039275560519094026
38.41073144559601 0.04302130245513487
49.3869486616248 0.030892607286319672
31.264284258961624 0.05303823725957222
22.765729607506007 0.06760086728905548
24.023166765896153 0.06771797884247942
54.06234186503685 0.02934181528490857
31.27406057611326 0.05299154008307074
53.815369407598496 0.02951392737816943
22.663109070999845 0.07060655531227843
34.7282640384183 0.04301393573840667
25.40799286752278 0.05944469192171273
24.993117571824392 0.06540252014425747
25.245699831691326 0.05989180148308611
51.92028164522842 0.029683661616758568
53.71055611334402 0.029530860228437143
22.51366014968667 0.07061729535796862
24.87511083408172 0.06563658789712623
50.931815152254096 0.030162680146136073
25.073696978923152 0.060393607279320714
53.54026538553536 0.029085143105314133
28.088537802787606 0.05340159124837553
26.961164808517736 0.05579306660965217
23.189968149124553 0.06927615314500879
28.027367893661843 0.05882510261152523
28.10051258553241 0.05867263400926239
30.91254013620153 0.05350790067461707
50.31726744143292 0.031990322493517
22.584635882660507 0.06923936049709513
22.98390252181827 0.06960515626931559
47.67472617349382 0.03401942651932985
53.713997146377324 0.029377726652931334
22.631885920350825 0.06996996304813828
48.837536534398176 0.03129290514562183
22.597029686591608 0.06968683356288606
39.250981222000135 0.04193973115634177
24.751928430189956 0.06571383001932486
29.936980090105973 0.05004838765156333
39.0906988276323 0.04211261974335184
43.75984219783202 0.03734571565401561
24.032524588244254 0.06727214482435556
28.397075658346438 0.052891829790033554
23.579460560366265 0.06527389110655288
27.54264756099701 0.054657217413134285
29.681390588407268 0.0555690797717749
45.8593219446269 0.035452878224540796
33.095472353349884 0.04525585498037838
32.109106825794484 0.05143112141438676
23.162596917708974 0.06869234826605332
33.186801559358116 0.04514372243781285
52.10839346115619 0.03051562777700091
25.628636418408416 0.059201839469735645
49.56758313444106 0.03098545674402641
29.84583972851759 0.055230316115172026
50.155450233435346 0.031991219300588306
29.484181014259505 0.05586667630867182
30.0820472859876 0.049894286910835806
23.423813375178906 0.06812999854429339
28.181893576450882 0.05831433451478187
47.94481074510678 0.03189753149259882
50.00671258854703 0.032088895452068764
24.003652502282442 0.06702326536928026
43.162927331591156 0.03783395317602158
25.004574772478048 0.06099364356195617
51.624733676833955 0.030074610429812083
45.14720082930112 0.0336698022989882
27.59923333135368 0.05941124389752267
32.19900558941221 0.05121283928871482
24.058404166625913 0.06397566108979111
45.22444279411595 0.03593309029433015
23.74909761121333 0.06511952402212863
41.84797058584469 0.036127212775768185
33.513361425824336 0.044780312749255334
33.823948868611886 0.04437515208167335
24.56437818842425 0.06243888058710708
26.865602651249855 0.06081630279181623
25.11599475865313 0.06082104136016002
36.14014912552557 0.04158528216263808
24.665685541638418 0.062193554018835556
28.692747043546404 0.05719840100095531
24.786930867025045 0.06511554822673556
24.63528601598056 0.06542611043956753
33.30631672270063 0.04944967132336104
33.47985653063955 0.044865697797431096
23.87672847817815 0.0667858590063115
26.32744341251252 0.061865806450999046
40.66442739466413 0.03715718107862185
31.96825640297088 0.05148735395150412
30.25859308858511 0.049732011426690044
25.525698241464504 0.05978737153441254
28.31615002162307 0.057865288875913974
23.745086402279018 0.06568824313032999
24.939585049796847 0.06468384462874906
38.665536743987985 0.04241588982770878
48.96648505489494 0.03144758570025883
44.254171137130896 0.03436427092543797
27.249959424250694 0.05993133444320279
41.98470774514422 0.0388740333723349
26.220697814631873 0.062014596155948655
49.72455881135381 0.03215551968572335
47.62217687993064 0.033828852547977656
24.674866496346546 0.06516171274563469
40.07359757414327 0.040840474228177534
25.92658209832389 0.058778605990617065
27.31862668901744 0.055454324106679435
36.85376943072754 0.04456500418939311
31.852472140453926 0.05163284866947527
29.497362177758557 0.055620556939791226
29.071350469797164 0.051903229599581664
30.87328433528823 0.05322159592239454
50.124317033789524 0.030916077857143377
36.48592125513381 0.0412704223636351
36.72358226331266 0.0447113862060903
51.23465411777878 0.030538861652494413
23.865900800270936 0.06594725403237456
23.889696230240656 0.0657414620188781
50.99692797500082 0.031017289072574686
25.63248426004929 0.05964731159133783
23.923304316488718 0.06556870124033305
38.38779183024698 0.04268666223872127
27.998510171908162 0.054077648500673536
41.71423631794412 0.03909188454673621
42.79768597784617 0.035486494785782134
43.62966544459898 0.03486861056168027
32.05794379820635 0.0512445779017239
47.70788915003082 0.03369418385727052
33.762465090686554 0.04866099074937619
25.994706575247626 0.058764050239615846
27.887363854300208 0.05852703869676729
31.481637139726992 0.0521477865293649
47.12070150086107 0.03416420384087743
38.007056190721364 0.04310081057151009
46.251102659708316 0.03488726502552781
36.86451054356777 0.04447935498511742
36.32381053017837 0.04150853926997313
37.658819743431884 0.04008696992277431
31.86300561612235 0.05150182607959766
41.935853061008046 0.038826741637194455
26.92012932121561 0.056554451438718185
37.3406443726898 0.04387103113054397
34.35434188605082 0.04387092567760299
24.31374803524463 0.06432239723559317
27.28026488025887 0.0596294758447487
26.008268214365245 0.06214744660502473
24.278679804712525 0.06493631855924564
44.07866479435458 0.034593021937735516
26.92751958011798 0.05656165672986782
24.344479114680553 0.06456994079393608
24.37321344861331 0.06472096765007725
46.54425247894864 0.032982923504448584
50.16903118114156 0.03117234586242925
25.431082408835746 0.060536275440357674
32.421674671039156 0.05057189428296205
24.721841348754605 0.06435125514628576
43.38483169262672 0.03738395953711955
27.105309901273312 0.05621727043520368
33.98180315967082 0.04439227416888697
39.01590339793313 0.041865779648955645
27.834755953452387 0.05461608742706769
47.56608411193639 0.03241259821925038
24.629205887517735 0.06343716678460327
43.90900347824322 0.03475953526570921
32.17178193119573 0.04692257679782202
32.260713026221694 0.050790442631654054
24.69507616448248 0.06418153918676676
24.908855335968298 0.062345913648882964
46.93538180734058 0.03278393219242383
49.074024454202394 0.03240883496417253
49.93260328552925 0.03140110962225948
49.45144647111065 0.03150699961524929
25.112605336189393 0.06353287703593705
25.67292136582725 0.06255105424414198
26.505925948243032 0.06093357305324661
49.25010185916565 0.032199628280685656
29.065679203109838 0.05609732389461172
26.367813489359158 0.061175772682869084
42.453995944858455 0.03821269572608527
28.50113456020462 0.05710266326873544
28.797206215187956 0.05273874081085964
46.861000123370516 0.03421651609745601
30.63928540426903 0.04941029545449638
44.29460022656969 0.034546341002046045
35.95615218464487 0.04205898701792306
45.53824360107996 0.033713036490282705
39.22962551010628 0.041549958837337135
26.148819421483612 0.061503390499022315
41.37951685381978 0.039261929636682374
30.676556672133188 0.04935750585276281
48.55034534249047 0.032749851047791476
44.461462081428486 0.0344361749005789
48.62515992703714 0.032669695545153976
34.38864753527224 0.047573312054714254
28.529160296562175 0.057001509013893455
31.45218479054817 0.05196953163023476
25.054343612392202 0.06238318181182322
28.536485427590613 0.0569798514602809
39.74657066927112 0.040967488565397156
46.35472816389209 0.0332216385695877
38.417474715119795 0.0394634194430628
42.72054721507385 0.03791157547304724
26.497528908688473 0.06077323608984779
48.172664267283245 0.03302938116719328
25.118770977969778 0.06230662162075498
32.510515326202125 0.0502785357450262
35.107305354996285 0.04655790364150046
44.82982065562162 0.03593365552710526
25.19750396929645 0.06280293211582486
45.55520070487213 0.03374441501042213
39.12858710154709 0.04162453516454153
34.96216970022053 0.04327725037035672
35.40720091959212 0.04615302654163872
28.58373547016849 0.05325985112012858
33.73607578064011 0.04484993545961256
46.10237423511343 0.03341155108941214
32.71753626490903 0.04994411653080912
48.81729891470208 0.032041110121909855
28.522816353493255 0.05340896098057984
38.546535260669515 0.03936920406338414
30.511060514067736 0.04971208573959002
38.08010694366888 0.039834786685165116
28.437523367681308 0.05706917029322918
27.23376240942195 0.05928058019227604
25.69957769582571 0.06041064744058221
32.86939326387448 0.04606973699268976
26.66855275498062 0.057660923535050264
40.03804016890352 0.03799353939364852
31.18675575597923 0.05230147094270127
26.528417775260333 0.058044014543797505
42.37314215087452 0.03818920002396772
41.46079492999235 0.03909844578872881
25.42540269126167 0.06212725528904061
27.209001671767822 0.05926383682620008
32.21283469476283 0.04705123810451375
25.43507224646593 0.06186688023733775
25.78046959434281 0.06172076476723101
27.37882923075397 0.0559831490182609
26.437076919240184 0.060646951946032444
38.07393018147255 0.042770457811425557
36.15267052120274 0.04511634224363978
32.17787191418735 0.05069930800035017
44.693619532307245 0.03438171540783198
28.58016080473394 0.056720794762313204
36.00938551474017 0.04210522107678096
25.756214906914984 0.06166464574015735
27.89450597831945 0.0579535188092561
25.5521197536343 0.06152140218212637
29.980643092671592 0.05072647950383455
27.651627170863122 0.05838160759524958
25.90081477702413 0.061415140937770944
27.534387992028762 0.05568159167019384
33.44119307391908 0.045337632972631235
46.87938555375502 0.03399875262576927
27.672712593908685 0.05830255411212117
40.81930511619468 0.03736635078130895
48.06195874765166 0.0328331088610967
26.57457190809932 0.06024642360785138
36.177343726164466 0.04194606698870899
31.602637881059373 0.04804548233503246
32.81957940647385 0.04967000690330135
41.3098143580786 0.03918918603952054
44.82962500226439 0.03433765500093329
47.44088166346938 0.03281661334960271
35.52930369386964 0.04270623555878838
47.934305205329764 0.03291297469134273
45.36428955931903 0.033998700711283386
27.04451399602104 0.05694680529076387
25.89366401227356 0.06110450292919253
26.280042402079577 0.06064661139316566
35.58985921949407 0.04577880565707341
47.82217247792307 0.032990478894356835
45.615301323576375 0.03506906083501811
27.09799263235455 0.05922708587811197
42.14308286272342 0.03832349843098243
47.21944866521334 0.032977841480315455
29.986035416499888 0.05413798316894614
26.466320401084964 0.06026887628746892
36.4331187816477 0.04169401459386336
46.52320121943508 0.03334207022952004
25.91152902972472 0.06066479429900943
32.1863163523307 0.05057967490468238
28.794257869887616 0.05309393136233679
43.00653717173276 0.03566731121383401
26.119461697297012 0.06064024319739602
27.501765596781045 0.05845802808652879
28.92785890680111 0.05592554523605163
47.443147573006286 0.03328797327567904
26.169190098914026 0.06050793353126989
26.22183333004878 0.06045309001292293
37.72295915912805 0.04307446076248845
39.682818395608486 0.03843413210123347
46.961397520336064 0.033174835412376986
26.109994425728253 0.06041378204763189
27.72744901320237 0.05800626615194066
32.62465503580423 0.049876910965125275
47.3930765499063 0.03328746453422314
47.022642524669806 0.03316679313987267
42.76060402872443 0.03767447801746521
30.310357232314207 0.05029056359608679
26.764564120149696 0.05789770218450723
26.724302388739822 0.058018099826098284
36.880099240746766 0.04124268147687682
41.35990864063694 0.039061975406456714
27.18545942816572 0.05890817498774223
47.257502463332 0.03338587407172454
28.1547196853437 0.054532066818635705
26.416007829126123 0.060056499590150504
38.31192845146522 0.03976282076296468
26.365202362043014 0.059213810691859076
40.19184365545128 0.04026716366163813
33.992902197249144 0.044717939781954465
26.481221592199326 0.059917256250502086
27.11840930361637 0.05897409189763604
39.30828058969235 0.03880967342406329
27.216618008219395 0.05677178876344336
26.463527127527115 0.0589415881904409
30.96146573952378 0.05242190353652111
38.71510872641351 0.039379827273475276
43.09721772577742 0.03731692924524441
43.885297064703664 0.036565461041937426
30.615596564616567 0.04980592050199913
26.31590442738025 0.059703087287119906
31.691690346572198 0.051253392524682306
46.11001800525939 0.03369468676189049
43.208978256303624 0.035581464012609226
47.124567879461054 0.03336615426190594
42.10165431596367 0.0364236063130505
32.81279995413546 0.049539979504905664
40.38434020806855 0.03785552355367545
32.63223034648146 0.04663306910396773
41.302206865737254 0.037077604628202324
46.98546878288518 0.03350439860755456
43.306464512139954 0.037089218938292826
26.62831385630473 0.05954220915521306
40.59541907579921 0.03768194592470429
26.957487709105735 0.057582396491688774
43.75841356858919 0.03520909324346852
27.338344638865657 0.05657197094108317
28.16341103076391 0.05708683222555639
43.641011573953236 0.03676210573360256
29.453897764959002 0.05486287328461132
32.374127637749254 0.05016865386455063
32.41756167440764 0.04696975409891988
28.031979286563462 0.05492269532551274
45.00392554399497 0.035477354130498885
30.491391849733706 0.05312878459407401
33.86219643017415 0.04493888450359601
29.292650973177203 0.05511512329952507
26.686734798358888 0.059315903094298565
28.538643832904135 0.05640187749160165
37.990614786037014 0.04267257497715322
46.43699616861241 0.03407130070520896
29.366261132622256 0.054981320314802455
36.363246964091985 0.04464455226074604
26.59427491122923 0.059025801545877506
26.74347772689377 0.05840947906108255
26.70344827153173 0.05921954947764818
30.690153895466086 0.04975554766735066
27.06373860499791 0.0574252064971568
46.647068532880326 0.03368926402368375
42.2089036434072 0.038118228561295944
45.3239091336289 0.03513108226349138
40.72265414875776 0.03963143084665805
32.64449908287145 0.04667409771862191
36.806041198933464 0.04407243648025174
38.34899862184193 0.0422298762776464
30.080521180413406 0.05085830722889063
34.74392283075567 0.04383792824377567
27.643391402419407 0.05595796974927061
39.46028949854359 0.038744928188194645
26.868944489552344 0.05815492495589411
26.758016302365952 0.05889336054017483
28.59200737896403 0.056237247398538935
30.801723394035257 0.05255734603583374
41.35399600202081 0.03709445975590062
40.83179062536047 0.03753101233881699
29.89963605861565 0.051202379372555284
26.801921092654084 0.058460127008102325
46.27667678841016 0.034120415856559935
27.22600247951977 0.058444911761468314
45.573748587662834 0.03485556051732908
28.978895443087282 0.05554840301028799
44.512075232207465 0.0358543590514111
35.45669120194805 0.04298277398838803
26.95768502212875 0.058681248444038464
45.8984050822141 0.034493114510707835
41.35297656357666 0.038939551760363365
27.852054996326707 0.05553032844122467
46.17303300580771 0.034152553363405995
28.399246271374672 0.054272357604986506
41.16897147656701 0.03912580709868191
26.914821209704623 0.05851662511803025
28.974759433192368 0.053057940300858704
45.74857317688366 0.03461517322730804
33.34385910536585 0.045740062166944435
44.596577998354945 0.03573270473320852
28.7615868149574 0.05353186548426662
27.26225701449038 0.058183578372297984
43.35107372159263 0.03692332684497131
31.497149363153127 0.04851692299905308
39.28668438540124 0.04111027366103056
27.449634059433734 0.05668021432547567
36.03518997342696 0.04497153485745027
45.70837693051824 0.03458908031110557
39.68469127934685 0.03859515911972478
30.32018823199501 0.05324317616724656
45.51570525962873 0.03477810709636855
27.75895745706348 0.055898786384823096
44.08743539787277 0.03513339634883522
35.701528737123866 0.04538312964156831
30.83824311703733 0.05238876508896496
36.344727412844406 0.044562867689053424
42.04504490464763 0.03661471081200687
42.6703119417812 0.03614265829860942
27.971219421583108 0.05541701063432553
43.37668960132858 0.035634072169055224
41.43666796507739 0.03879045588436817
43.33361900889379 0.03689628909079958
29.181827592173292 0.0550600767862881
27.89059369014766 0.057138061873903946
36.514431712462766 0.04182882711850837
28.05072838001561 0.056886333310523396
30.384414695295206 0.050461733528538145
33.20144726704365 0.04599752892897394
30.400476348459044 0.05044090258637441
34.95479047230099 0.0436778080579642
35.456909479507935 0.04306507155980613
27.584519341843134 0.0574968377968842
28.74540000114463 0.05574216333347599
31.648078960813656 0.04833957326034848
42.88869844981708 0.037312652522409916
37.08824333905888 0.04121185097609087
30.779891941320763 0.04978308617089413
29.089669582405033 0.052968389796731685
38.644481341640656 0.0396190581014716
27.37277493830796 0.05753138301256202
32.64588162971961 0.04956591844105056
27.439192790292637 0.057556836651386355
36.264523322559484 0.04462545614126183
33.73115912924971 0.04799846538131783
35.97067225397573 0.0424686978937897
44.56098926838014 0.03490353154388108
44.77697685457868 0.03478169168954576
40.58544670341917 0.037853164693691085
28.71777620308407 0.055747515697429764
37.332072986378336 0.04096655013872278
27.905372177471982 0.0557300697618512
31.809712547988546 0.05079994213769251
45.166590071135445 0.03497948460347786
41.22238307513372 0.038967791024676485
35.80540437374109 0.04267727170263575
41.26398735118646 0.03892301930599101
39.60062767197178 0.038739722406419715
38.588834374658376 0.039701968058241145
42.83281719312982 0.037325280473772725
45.2335031107069 0.03469058339637454
31.95205006229994 0.04791365310200716
29.99125365981161 0.051271999533525604
32.737109864209124 0.049381328778171925
27.683493399316824 0.05653732294150057
34.57094102757083 0.04421201878444201
28.662846904738895 0.05574570959271977
43.131851451257646 0.03589085454699857
44.700013115826984 0.034905711533915786
28.658579561233925 0.05574884649761423
42.5347939753491 0.03632790762992264
45.050159210256204 0.034791052233628605
31.665578196510165 0.04838282887803065
42.14274225586016 0.03662757252322648
35.89879681453057 0.04260405739653348
39.14430896890829 0.041156546570535114
28.633245432132107 0.05411106566169656
37.5250786832762 0.04301951680953731
28.61646747795106 0.05575355404810403
44.73292189666675 0.03532143052153263
43.6706422333817 0.036439017029705076
44.856781355020054 0.03493283384642845
27.980559426627188 0.05660724269448175
43.35953978667972 0.03576943114948255
31.6764130149199 0.05092567439401724
38.85008496824992 0.04147288039325591
31.142848918966965 0.04927775413218288
29.989004763953197 0.05135169682488454
28.75532249067291 0.0538930449417905
41.35762882904182 0.03875740456420058
31.08748933631815 0.0518112176712917
30.240917767204337 0.053138854690389335
30.567575016838372 0.0526201811991537
44.6991553774987 0.03506217196892596
44.5042711049051 0.03512187092137944
27.94758013394535 0.056060185982477924
29.563772964891175 0.052194212855520186
44.40996947182744 0.035169961239092704
33.63553293440791 0.04551000784115383
36.03692387259879 0.04481654483130126
29.28483777900429 0.05463105701432736
44.12531639745461 0.035914194875218866
30.36819197156392 0.05291352276936617
42.8041347613626 0.036195554841658026
38.61209447332401 0.04171528975754078
28.287901628848672 0.05510070585691464
33.2914483617068 0.04600012785107513
31.954805166704247 0.04799575976783839
38.716853187965775 0.03964950717486743
43.52489839862205 0.035716411124948236
37.22555058887773 0.043332902344883566
34.9979116293489 0.046142648172529444
30.964741140482502 0.0519542367529446
37.07998484654609 0.043495396557277397
29.016511322244092 0.054978413961125634
29.277542315150214 0.05457814192152827
30.357714728725547 0.05073854339450372
36.63029955475193 0.041837105947335355
28.329391868155575 0.055125598760765594
44.39771013012991 0.03544307569358703
44.34195522099741 0.03553010024901667
42.44884398393903 0.036498091718807774
42.959767153450855 0.037055018060801775
33.929243260497095 0.04515602734320488
34.590127029625094 0.04428923979011436
28.501436336852144 0.05470834497540082
40.320088370633805 0.03978810304774459
44.153803441455075 0.03575005276464746
32.8617790715912 0.046665245849414075
34.85255868586741 0.04630010464780349
34.532462563073004 0.0443729485030102
35.530329110588525 0.04313478979165631
42.859847861863955 0.0362285566931327
39.52590806553509 0.04063345143351471
41.60102461767571 0.03841840440204737
43.814742968741704 0.03565298764863049
42.38158332696347 0.03658000250257786
28.91401170769964 0.05377169441819877
28.61685606966124 0.05539336891550173
28.47115896433389 0.05494857313602855
44.016677184549465 0.03561018902432384
32.246492375920326 0.04993486262472056
43.18908199108926 0.036760223318537774
42.7393150092638 0.03722413478699768
34.59662026389032 0.044319278633664534
28.82605840116061 0.05508099639591451
40.35469682828872 0.03821889303812482
29.946737932518506 0.053422164804003316
41.60596767816259 0.03719005745817115
40.93461660069536 0.039091777222353324
35.781405933151625 0.04505207141938351
31.06272393969167 0.051695321692298075
37.00374117000106 0.04352482717828295
30.003178107617295 0.05152095976660112
32.31564218283404 0.049806841967763416
35.254251654916295 0.043506784365012804
31.11179525991161 0.04949945452048741
30.128492410470308 0.05128548896889971
41.005234285664315 0.0376907925525083
29.39981669031726 0.054200946473520153
39.619856668363774 0.03889594347269796
28.619989499253208 0.05477743678129857
33.00829514531456 0.04877699697692848
41.615881615762916 0.03721722597425475
41.81502774919412 0.038133658123489934
28.669694857138207 0.05504354877825195
39.323473451053694 0.04080459401437057
40.497746467814295 0.039523131018518357
33.98889989796591 0.04515868985117724
35.28781517421142 0.045656177701942434
42.69569618416283 0.037205407262607466
41.137903472120676 0.037602400715816546
40.5453702927193 0.03809572168503644
34.42663410024398 0.04679045575984902
33.297480632613826 0.046131547091108206
28.711142239282225 0.054756344213131705
35.66596812214734 0.04304587680381066
32.381137413586764 0.047493314686984825
43.52495399752116 0.03615905964865648
37.33681596649752 0.043071605740835656
40.202924915935185 0.03981138445856831
30.437507993396274 0.05079075367759208
32.343490564998916 0.04756247143146964
32.13418734331612 0.04999503625436958
29.765058428026293 0.05213242328072837
35.849098595260784 0.04284918042113056
32.5701063411814 0.04722593136542648
43.23272777332531 0.03652541157441543
41.32016919007329 0.03860206999961671
33.425275241687345 0.04812885527472783
29.42302551002996 0.053975404714231866
31.070335591195388 0.049685377448850425
29.217834262033943 0.054221402810400526
39.95553987533933 0.04004943487583684
42.90419700621036 0.03686608123043526
41.78027925825748 0.03808848346041977
30.887895669810526 0.051814208692811635
38.383312131875314 0.041806591370267106
33.01580171900097 0.04659202401874043
41.654103963245504 0.03726983530101195
29.0152305586193 0.05427487887618297
33.28053412610516 0.04621716945960214
40.04195946073811 0.038599419975318704
42.27877257000508 0.03753113676733417
31.74953288840832 0.04857417031727963
31.14141078325934 0.05139780612563157
30.02121911634216 0.0530524780258876
33.29975416425681 0.048259833974927155
29.178124542819397 0.05372052231611044
39.11530847587868 0.03945316207630234
30.36338841303877 0.05104251746471037
30.55612607521125 0.0522613746891663
29.143922110106473 0.05390268959977958
32.37808301314211 0.047587061354630276
30.969693061572737 0.0516350707834144
33.86705032721659 0.04542246190771928
29.303642813418044 0.05391934806875819
29.30776751244514 0.053910575898662196
30.138468966592455 0.052844332696684995
40.59886295947418 0.039300486464616514
30.02288431640686 0.05175781098212284
39.24323851180961 0.03935257665062803
42.316812598280514 0.03687493634251007
36.4109602988171 0.04226987421767085
37.86413852670943 0.042360630254643254
33.30872856603567 0.046224721022707235
38.280853081416865 0.04028520234852319
34.147908279906304 0.04705399323320474
29.530863414017723 0.053599055059646517
41.9654506907756 0.03780290461910519
35.30091399423635 0.045522222378751184
41.57125693217811 0.03740567868800238
42.75367502980758 0.03670324769453116
30.362256400314855 0.05247938862268349
40.7227629787439 0.03807484240994794
40.938379105077104 0.03890689843414469
33.22125218169971 0.04832261398028031
35.389600295120914 0.04539747674427663
35.825140955467475 0.044839260739846336
41.627800250496406 0.03738464976591464
42.646602152296744 0.03691786602389812
38.99931913770591 0.039606249839079975
30.03145851252359 0.05290516291670549
40.65619212847645 0.03919626036688032
37.287844248004404 0.04302128612307577
33.91601417464032 0.04540585713139884
37.08041551544075 0.04326643873251604
34.26200521916733 0.04686859221193207
40.026221749170325 0.038687319411560867
32.091374740042305 0.04990475299805073
30.516125857138427 0.05219206421456615
32.67325707089523 0.04720566883751657
29.624016273545955 0.05331650648317892
40.411967696583275 0.03836926135431793
30.991599761147306 0.05149748041747818
42.397647716017666 0.03719213151291228
32.134484520265765 0.048055307513002084
42.00863144407123 0.03766483588009971
29.82688765319726 0.053071914947411016
38.64083073210402 0.04141198495175704
36.5999094399426 0.04383307742796836
39.59375789053746 0.03909238410504753
29.60802254791467 0.05316542622307476
30.905786588610717 0.051596312218612855
30.4977445277407 0.05095158260961084
36.28205624047595 0.042474671265118606
37.1518798378074 0.04151327271490222
33.75084519964694 0.045677118514878094
30.81817493071349 0.050369103100870054
31.583031512881266 0.04900317476684061
37.79692573936885 0.040839997562132385
39.66498742822024 0.040231181815144845
39.48082233015236 0.04043180117177467
33.82737789457882 0.047406689577984044
36.220035222584784 0.04427678656913307
36.45813317040569 0.043980144332889076
42.149437666232565 0.03737108136499164
29.87374739872851 0.05286568128616593
30.33568305685641 0.05232523554055388
39.780902489551686 0.03896441699474157
32.320513812750136 0.04949886259589643
30.836253894818068 0.05038281487742681
30.215622289646788 0.05243287707501958
41.37077389408036 0.038298696789998046
38.9442659175714 0.0410120639819738
30.246720436551758 0.0523810584261811
41.93261124394354 0.03757064290254976
41.95666038441631 0.037412893984542894
41.56295834817523 0.037598662268794054
41.88825963735033 0.03761239017405638
30.081890066041602 0.05208172249388941
30.27922907229806 0.05227748491918914
39.202494359581785 0.040696324105821045
35.97666683887636 0.04288784819384965
31.08403257735806 0.04997782452940042
32.20076949207846 0.04805763188735608
30.369878188856504 0.052146351718939984
37.758667166003264 0.04236007681033691
38.612813539172286 0.040080905542799375
30.088741825299714 0.05228398431574163
34.022776255070355 0.04707699015457628
39.79174239683782 0.039008857561371485
36.468360708796446 0.04233886307805929
36.873916203291046 0.04340581925575544
39.003856587935644 0.040895808249932046
30.301606785531277 0.05165983258620054
31.157535526124924 0.05105687910145501
40.24916965406153 0.03948696769974023
30.452429409738173 0.05133367814587074
34.38420380032647 0.04656803283533387
39.52621261797194 0.03926565420523134
32.36786863286204 0.04783541657292829
39.204457347062124 0.039557695809972364
33.017363721067646 0.04683658245804631
30.50027681002572 0.0518673468133101
33.830781423182344 0.045669612906930515
33.12286247644032 0.0466894658872027
32.51817813149171 0.047612219829277026
31.899612453450132 0.049979696134705244
36.14093959642992 0.04428503159651495
31.613036058672478 0.04911155076158544
31.359365795924745 0.049563375194956565
30.41752405322278 0.05188350662370494
30.668517973973874 0.050922372725561264
40.81158768284127 0.03880420258985286
38.64977144451165 0.04127041415646102
33.356031890752156 0.047936362959485425
30.42512638428017 0.05151624511690897
33.57636665061725 0.046041822018006495
35.95614704799828 0.04450798019161574
30.790121884792654 0.05067822383589875
31.294663846484507 0.05079134872939721
31.964541256970822 0.049861055100005325
33.529524365952 0.0461189757136558
33.99850329961876 0.04704865744481332
41.074448243697546 0.03809636689039412
32.789884383034035 0.04870121075417718
34.50341460382171 0.044787835733795724
31.641264903739795 0.0502922222157599
36.85657282059839 0.04195768342934881
36.341801266742095 0.044005973003202616
31.030927918497625 0.05110700220997206
30.835228846025224 0.05134882551390609
40.18397271201014 0.03948989832396389
33.649120648627246 0.047500345302576304
38.061212027184254 0.04192284242463222
40.309190467604424 0.03932264816389894
41.0312350780237 0.03820261201362541
30.652875967380268 0.05144774310891951
35.62773120337728 0.04488472795067813
41.01440361251812 0.03822866097909251
35.16481434975757 0.045475552505168826
41.05088514760232 0.03827677643636993
30.696893912348287 0.05135466802865603
31.384668776669606 0.04962827134882308
36.31817196843102 0.04259160822002796
36.376831630424014 0.043930239183825354
31.544781113633938 0.049357653642343714
30.758313417679982 0.05101875668025433
39.857114524069466 0.03908493503019799
34.99889165051559 0.04566570884619046
39.41116737828627 0.03947518678080718
36.02974692888557 0.0429506485346898
39.58209994500991 0.03933570529306186
30.840375093767527 0.05093548997954925
31.018774561719194 0.05045338343180145
37.08076337485992 0.04177225155618794
34.53572651756859 0.046255640572907146
37.03979174312541 0.04308289255250556
35.077922186366315 0.04553608284015979
38.63506138402512 0.04021014099498037
31.17295307471916 0.05017875032169087
36.58964376908997 0.04362398151876339
31.371994706493744 0.04977167186835007
40.076641689114965 0.038968530765656643
31.471075119255385 0.0503396143398079
40.51362305555123 0.03889534643469513
32.28374627542547 0.04815945168149399
39.273385010942775 0.03964464135529506
40.234526031102966 0.03927178477498236
31.285215156954386 0.05053551012798415
31.996525609147387 0.04964056637709877
36.63303564416396 0.04355033815933543
31.856068647128687 0.049807459305272445
37.756194270892905 0.04110214824883967
40.18669238274433 0.03893896536041227
34.58674628354587 0.0461424295931533
36.391169311047676 0.04384101768554579
37.55189250552502 0.04242785881181457
35.22998879418284 0.04530380385491135
31.285943542021563 0.05045526824713382
35.654868223129064 0.04475750730581049
40.336400357221045 0.038906152328219534
33.48932776442471 0.047586381549928704
37.99203165887776 0.041890768631751424
31.31405836035839 0.05004396079262157
34.52383485635397 0.04488930286374948
32.72237622460706 0.0486136489788762
32.2526589192974 0.048268973278414264
36.9861107685217 0.0430910259299754
36.12945974816779 0.04290051861669441
34.85337747753657 0.04446794936164526
32.673053968785936 0.04759061275668588
32.06098067795443 0.048616669889518654
36.368066279786575 0.04384253162514819
35.273193338656604 0.04522075801069992
31.864776954677154 0.04897916537223019
36.27626663677504 0.04394293555593979
34.24354860757341 0.04529799819853604
31.654966785230457 0.04992766024179833
31.861414639144137 0.04902027875488515
34.21225625588152 0.0465791560038505
32.9191791666897 0.04723741376288148
39.96424559903878 0.03941925374507025
34.908464318272166 0.04565939306045863
39.756778353559724 0.03969731449420886
38.272035406504 0.04066445784379172
37.22765774786058 0.042749863033914856
31.72253386973507 0.049755499929585424
32.36440374288756 0.048176552115939734
35.59669463277394 0.044750953289265656
35.23760085801449 0.0452082796280166
38.625906261008765 0.04104865970184426
34.283607984308546 0.04529582940529267
37.34908479593324 0.04257423573758932
37.41361793870336 0.04155749051179591
32.07922926553863 0.048744480465613325
36.99455486314779 0.04200366023724212
31.954498834187444 0.04901293065767293
31.910114938089894 0.0494222376442777
32.083719876934296 0.04877446337599432
35.00338765354813 0.04548281551140506
37.374149832776986 0.041615371562104285
39.43790199011991 0.03974302567610212
33.6637711048982 0.04722529389472579
35.839485081159815 0.044415025513939166
37.011843319194625 0.042002901632541945
39.54391808939775 0.039716346592726076
36.628403547479714 0.04242357330039648
31.971947694052073 0.04932867791347703
35.965174224637536 0.04425271562752738
31.920068048889675 0.049264931387829364
32.043973123054116 0.04914821709184519
32.27706115518107 0.04849575872739444
39.17745736558241 0.04000060845489648
34.10690567237249 0.04559974121553627
33.58688189890617 0.04728589059702948
34.133978969712416 0.04556392928080314
35.670420332893315 0.044592865435504656
35.47196758205051 0.04381366987865741
37.01558657158549 0.04203425803075908
32.547459190320524 0.048603377494651476
33.00458516799094 0.04802829441508336
35.035302542197826 0.044367384818350813
35.08051476608791 0.04533532296679228
32.26826688227521 0.0488864695015382
38.945572901990516 0.04021116093522966
32.92545215589452 0.04740148857414907
33.707124441139456 0.046194676511329524
39.19228703435995 0.0401059871040063
34.32872496162225 0.045314148212885194
35.76840778655735 0.04347431901282269
38.186153550273545 0.040880221409997926
32.68767422251056 0.048380675647732616
33.79200891871488 0.046978005457978124
32.613229362473355 0.04797849135045572
32.47768864110033 0.048264459489655354
34.903557061047394 0.04552623154852091
37.249056860880366 0.04182988985934164
34.61479890417743 0.04589053361182885
34.33923346103265 0.045336793113365886
32.892022963951 0.047524699058876525
38.28017905633024 0.04083101386571132
37.278624096945364 0.0418113041361222
32.56718763759772 0.04817741099865048
32.62100815452842 0.04830730772488611
38.15145941954125 0.04143513058176918
38.44835989125627 0.0407497389988944
34.40275714916444 0.046111543425932364
33.68147729756045 0.04634163234755864
33.45557097601797 0.04669044633562119
34.30994604892848 0.045434796491846105
36.89651157423241 0.042961519812420565
38.47637756072266 0.04089540925757191
34.86316346334987 0.044699883970661616
34.941887519339886 0.04459798594326188
33.704597232468544 0.04697338215598344
37.230416435377634 0.04192853022649093
37.55062087082927 0.041605993754437375
35.402764525033945 0.04481284355131421
33.1402435435364 0.047637207376641504
33.95595042664637 0.045979220731937526
32.96357844832534 0.04765452356383821
33.129027731216205 0.047309641883877034
32.992908315868675 0.047588463910331696
33.07413831968435 0.04763399269947965
35.30376512277244 0.04416371824193329
38.076152227267606 0.04136962580429967
35.27499250507874 0.044214740442784575
33.18149144511038 0.04746666780883805
33.43362849952763 0.04684110255973878
35.63241975021456 0.044478922346048395
34.373888512560164 0.04606770312063333
38.030517474146535 0.04140026706405915
37.86265846299372 0.04140209932863308
35.918716202070854 0.044110594381896455
35.55013900194004 0.04457217875077073
33.59312979413241 0.046604542241634274
34.70661685239926 0.044981102821574276
33.28913208855244 0.047267371998985334
34.67929486096986 0.045025416658843034
37.82791429991762 0.04162492647465694
33.66561011314457 0.04689269190839283
34.707495714472714 0.04560531307343908
35.20489245647971 0.0443548212572633
33.562289584063414 0.04676841502978349
34.79120473880025 0.04490846284233572
36.61205655231723 0.04318891218689208
37.319704579563734 0.04227793986566333
36.45085982637619 0.042884937400247625
33.83772711937909 0.046622679517793635
33.84094284811103 0.04660097507626432
34.35409773458124 0.045540939033677966
33.703697597966816 0.04662340965193939
37.47201244876873 0.04195298354997249
35.44768497666111 0.0446250301108748
36.91437033959958 0.04242510004869452
33.810778728475285 0.04653004027499069
35.084596318199985 0.04506232685731742
37.08947289490152 0.042276911802940825
36.3073067317045 0.04309025105431437
37.27733021947379 0.042203749880881644
33.90743633563852 0.0463214544706347
36.581448990540565 0.04280274789321846
34.83889950347594 0.045332557814400355
36.76261728581861 0.04263916309238822
34.12347886658899 0.046074727689717154
36.78633627160118 0.04264506295473448
35.99287805277633 0.04352091064122488
35.10396046289299 0.0449561506558117
34.393582372007685 0.045692827222610186
35.806323420810095 0.04407364700223236
34.40218064650534 0.045681767634873145
36.22632508439323 0.043533973251608044
34.618823299748044 0.045330044358220425
34.53859942043602 0.04553316609075114
35.752865356379644 0.044105342303939934
35.65737415682929 0.04422572529752086
36.056561587237105 0.04370650614108052
34.811900221929065 0.04518030651452924
35.17412177329106 0.04461992653789893
35.42190983810928 0.04444164770867178
35.67668980336589 0.044119736848759555
35.314756727341006 0.044542197479216415
