alpha mmin delta_m
14.338104864139751 1.0332079933002518 0.732386661701795
10.176287194927813 1.0064520968582231 0.46208078956696413
11.890313403356714 1.0373716411507492 0.6363913561841337
4.976645100415908 1.0090898741424568 0.39728463048912754
5.96485627186116 0.9313854337143312 0.4894470657235217
8.695784256363044 1.1077133517378277 0.31345245245699793
11.997070464349445 1.0275359893309268 0.6163972088276684
11.695143939969398 1.0164641306089333 0.5994959741182954
11.910512493157057 1.0191837983936824 0.7193467354036437
7.27193979909536 0.95676502140297 0.4551457731175087
7.64035543852005 0.912090362163599 0.8410944214577899
8.059307244655947 0.9492614852190301 0.5433173882217668
10.191307682500364 0.9679589231505119 0.9445863194665433
12.200513353858167 0.9987774394369968 0.7392961190181495
7.8585377120392135 0.9280732211169402 0.829290921754447
9.210716576696893 0.9393410860573668 0.9714518697548212
10.804368561445688 1.009825332404025 0.7304723099719953
11.249079118574425 0.9278422545432066 0.9577222478858838
11.012513031962882 0.9563838802211618 0.8002112304942767
12.80591924651634 0.9804801557913495 0.9272818946259989
11.087006134290686 1.0220302883687085 0.6291590339096211
8.959627215028613 0.9424090956794126 0.8935373296797178
10.513291853123059 1.127787812101155 0.17702267789439635
7.782398470912973 1.1574788019476199 0.13041482735930526
9.033334877037946 1.1149222740019213 0.27566638709432384
11.764916952155126 0.9835554878416016 0.8022754490938453
5.917056646171977 0.949865720585104 0.4816310295591372
7.685653092013387 0.970129187557046 0.6736901659319878
9.995642015472432 0.9301576280139208 0.8646754977465168
5.0503219066678575 0.9995274341267504 0.31406180749536483
10.118626786431893 1.1437606446429915 0.14399475893848515
7.36519939054865 0.9553673472144435 0.5029561699243155
9.552308046577362 0.9348177203382599 0.8077854441634522
9.723458875132877 1.1500898457322353 0.07885185109271764
6.333410067803172 0.9456113257372669 0.5347272051671146
4.570728164572218 1.072395856944896 0.18891500228904196
12.255799503703901 0.9628703037920254 0.9566467456388202
7.247998241488414 1.0881207621846856 0.32661559963958053
9.262589273655152 0.9426886448124401 0.7563167177162846
5.340099756376999 1.0411543931976428 0.33877975074599764
7.820393598386929 0.9518606822834412 0.7023530896955014
9.468339787133425 0.9543659732979993 0.7180108442530702
5.202830245291475 0.9917027231485765 0.36182240241109276
9.46363673573338 0.9392575927728929 0.9002887819759501
11.269258667584278 0.9718856421704452 0.8758454724084667
8.78639298650963 0.9759356391134955 0.7190577807487217
11.141939546739408 0.9676228868629639 0.8591410346377586
11.058924676545828 0.9586955922283311 0.9748206642153607
10.43940053019778 1.062935197118 0.3871143372925185
10.893770637032382 0.9427523590969165 0.9302366049914096
9.989520453591332 1.0480504973417435 0.48758334028252304
7.512736086390273 0.9959372162881164 0.37114186284075035
10.276952079543321 0.9677428419690823 0.8101721837103879
6.12128770520105 0.982303458569033 0.3648503397132226
5.9228462128275225 0.9995846152737107 0.449683573211923
10.131471653799395 1.1119664684982562 0.24499029456348784
8.742611424655045 0.9585994367136987 0.6482372930466057
8.783767091016813 0.9866578462115442 0.6690952197220378
4.626332926939913 1.1072874353732416 0.0889933238390224
9.905056598477355 1.0419930051213349 0.4998422216157675
7.4188329966887 0.9639141162483219 0.4992085616963325
8.091179434913808 1.0176395000519514 0.33404919541876976
10.102698569777633 1.0047186415245224 0.5812214632207978
9.203248417388817 0.9584546538880804 0.7566177049857331
8.04600367734258 1.014548537413395 0.34262211363745615
7.997773756825545 0.9688115773652796 0.6555160333534022
9.244842313262916 1.0674986721106725 0.25329075885718094
10.000343221285632 1.0001929895336303 0.6173461841163708
9.779328446576086 1.012337652399617 0.5980888942469164
4.965225033743044 1.0320509169168819 0.278773398139376
6.391380250331897 1.016034196276463 0.27480944375776295
7.405496391365672 0.9564072761735415 0.5819962410133653
9.901537386344131 1.0006295366002667 0.6114872126122458
7.9893728717192065 0.963421183258493 0.6467178163996943
10.076305498974003 1.0508316619307054 0.4334622883050331
5.121451669047625 1.058007752515478 0.17507372683553127
10.072451017259574 1.0537698584159432 0.41462339564957007
5.771117642745935 1.0102649910319697 0.28697385818589394
4.899098526375351 1.0524290305976685 0.21729574856074782
6.602448066235892 1.1190538244492705 0.04296030903023192
9.573488411526846 1.0357828341551774 0.3964546157106756
9.613507584331156 1.0340152913965612 0.40868424392856256
6.91009051533543 0.9750281088677462 0.5412890108470915
5.320091788192849 1.0129132086775623 0.3034043128027096
4.809853842278677 1.0787930768074332 0.17445643386008822
9.304432920760986 0.9951658365055435 0.6060629358139445
7.404486416206053 1.0408906790979569 0.438782089889629
9.629742552010413 1.0145036559890228 0.5246510374541611
8.347582814354123 0.9761060491519759 0.5602898783847505
7.2028856465936375 1.0319010383436402 0.45057178440983736
8.69443014249473 0.9992399210879677 0.5880396803753066
5.692089141604837 0.9949024882591773 0.3563020349552175
4.71717315832994 1.131599220961558 0.046896482627663806
7.677478011935875 1.1019144336673192 0.11053073309185892
6.82863429182137 1.0615672654944475 0.3629031899031145
7.66444803882821 1.1110157832314378 0.25755570898399954
6.458057743480355 0.9847910345700777 0.3907537966906706
8.398670880828657 0.97958756969585 0.6026228301452287
6.393130767800136 1.0348155601033941 0.23538119297577645
7.729998553273781 0.980886715083812 0.5754687149004011
7.440454937972589 1.0862666469655058 0.31911948690635955
8.05032658920638 1.1428998937144397 0.03365540070706172
4.759785958735431 1.113406238388219 0.09823155608110908
7.254485617405251 1.127254511670954 0.044295817843970735
8.308305671873654 0.9886360658234282 0.49344752820529636
5.608750374548489 1.0003523817217304 0.3590097685917174
9.501382909138552 1.0242777664215135 0.49768949527126854
7.99275465857057 1.0762725410530316 0.35583960527271663
6.204402012374432 1.0645754966811627 0.3249989870486615
9.681682651716647 1.0483508222033706 0.39973659802049616
9.64996787687783 1.056327466616968 0.3553427811107521
8.234039629228839 0.996225372509906 0.4542493286684677
7.333305697841865 1.1468242835036895 0.14851636902916293
7.68180346163053 1.0526443886335526 0.41041745720363065
5.47570360568419 1.0737726033917987 0.2633897541799461
9.714328499080572 1.0696408151185743 0.35085691576120404
9.384878182238493 1.0504559633088277 0.3462958496645392
8.063733434773145 0.9880898730653469 0.5614815982248579
5.972653436314824 0.9975841467510561 0.41184226921107947
5.699346553866025 1.0011203087496823 0.365092403055525
7.473612295086722 1.075972687286294 0.16814208182318133
6.361124724943711 1.0044749839844158 0.4422111658100423
8.158662397340622 1.0813994816939654 0.180474764569387
7.75073460288168 0.9918777832641819 0.5406553645019819
8.698545881104213 1.0431381189132456 0.31509437431075
9.490584688462643 1.0596859268255403 0.33286678024470856
7.545756004218289 0.9952433226651012 0.41719904109383554
9.436895421357933 1.0453633881500493 0.38969525158938245
6.352263624041299 0.9865847324670393 0.4282040763397116
6.294559263985855 1.0440730127966424 0.3665069504184757
9.476004497487043 1.0953729513328359 0.2870551545557107
9.66107811090233 1.0881973715485342 0.2911569053415857
6.61656604278221 0.9882771661503889 0.4063206851611639
7.965511523722313 1.152806788152542 0.12714062131370862
8.674338384240892 1.0174703704272583 0.5116231556882622
5.373439318872034 1.1239604589680847 0.14885025179526348
7.391625009600011 0.9829723707920237 0.5067367599221755
6.6358323849589365 1.1330986365092623 0.17458187998158028
6.577140109825402 1.1149903006561896 0.21923968860842313
7.927264926741355 0.9944928759813605 0.4583784054963575
6.050204272426448 0.9966630201033214 0.3993957909340191
9.213953905608022 1.0775778672044323 0.34454128800294165
5.991290299304223 1.0431398433987742 0.21892535469148092
5.617779399328166 1.0660993710575297 0.16339180556444924
8.714053924927438 1.0769177721130612 0.35202277358233375
8.007525198552278 1.0019177365763574 0.5238952202210536
7.745208564405285 1.056231930259339 0.2303489071332282
6.96541959563595 0.9854170900070057 0.44661437280550964
7.695776441923327 1.0578855379407506 0.3896048001846172
5.123617829175512 1.1000069438155033 0.09932448879067148
9.106271897708325 1.0276626966869438 0.4333013483009612
5.049523935683315 1.0862921660975164 0.1874249296407025
7.073593911595392 1.1440977071088432 0.15020366270424357
6.1504147014759845 1.1488546089366563 0.11695576267726439
6.42186600722453 0.9950588967608903 0.37683684199583306
8.640375236086644 1.1077676982416897 0.14174971168250328
6.781310111135003 1.1507907452883415 0.12435299192068065
5.945355939313124 1.0207469169261394 0.3764678780980854
7.767814170988247 1.0070516130601386 0.3899171238301404
8.863391937488123 1.0405376032101286 0.44931089169549726
5.521350799069886 1.0374954034446329 0.2430392184398123
7.349001787091691 0.9925906594108526 0.4286708028939638
6.798123616959586 1.081632952569513 0.14031907155250847
8.62919135923204 1.0831720263274294 0.3316155924103325
8.60793382267514 1.0509053638852257 0.42051527073060285
8.045952539144873 1.1161072861251757 0.1004723318494487
7.298625609799844 1.0002803389304908 0.4906625445409109
9.365536297060316 1.1367750837755188 0.12708093876338647
6.666938827972567 1.02065574086557 0.29384045155499294
6.96825124162722 0.9881355436599216 0.4522699344805785
7.014215201779468 1.0410410902621907 0.4019999842177309
8.581323765887205 1.1405024329098767 0.16387060682732957
8.57520483624938 1.021142961050916 0.4867921553275825
7.743028061382221 1.0088443776943816 0.4941859267863851
7.470049222062295 0.995302184825735 0.43305354681226577
8.378724698906352 1.016534914393093 0.4075417825079519
8.593210984297885 1.0198767975495087 0.4861437870052605
8.559210842072869 1.0116211764896714 0.4909053701784921
6.010569853841567 1.159296369145393 0.07678822592964032
7.132062179375211 1.0097577256062544 0.464402401679571
9.392151125714353 1.0852287551020239 0.2503738923142122
9.073089184792204 1.0389022583183258 0.3961638660277385
5.061784638501724 1.0863456327890713 0.1602946920839099
9.56536698408281 1.1099150612317081 0.21428172274159613
9.105922763127998 1.0880694188303475 0.21842205116752242
9.335184326400153 1.061805119226931 0.35471146125883196
6.146079524940966 1.012258947491155 0.31672075624682805
7.340401860781725 1.030258215345299 0.29126002170239484
6.298375844245779 0.9983120037336912 0.3833685963893321
6.680647947285895 1.0992269117916442 0.1002701306483954
9.03408279004411 1.0878840015255717 0.21478139222432172
9.357205398581995 1.0892809450324288 0.29190499346125437
8.005023626480623 1.0057664809876425 0.4317671105908567
8.618419452321982 1.083226137946746 0.2045401358826173
5.234524711910483 1.117617693905626 0.06193308002446624
7.124836082850672 0.9982804479303096 0.40435828622338654
7.502909460799813 1.079796912807552 0.16836943461332052
8.485097345357108 1.142673478412528 0.06379510484644868
5.0633401642278795 1.1138363428318976 0.08337366086519153
8.751351468674056 1.0248649689373184 0.4295411293470591
6.039699946583827 1.0175805782810246 0.37509397501164043
9.001519861445592 1.0658594650454594 0.36582541742377983
8.60460284327047 1.020149709461036 0.43387968907221497
8.437081148593801 1.1621989046506414 0.020229680349468773
6.481715389977024 1.0716487325757817 0.30890625362808477
7.808097736862578 1.015555759781846 0.4749530552607016
5.9777407383220265 1.0753065113275402 0.2779081307027537
7.590922118246244 1.0032415614568702 0.48053273864631274
8.612679258962325 1.0390450773946345 0.3448717933665416
5.315385255153235 1.101368666090325 0.18194953099463804
5.77506990759146 1.0385597072111687 0.3265964641765796
8.531903914637333 1.0173605212305743 0.45683369514559646
7.3229065290391695 1.166789328047329 0.06010176295866791
8.139498263748962 1.0464916995351157 0.28484567194623084
7.496127779585329 1.0060929119937638 0.4729803980266306
5.367452872886529 1.0478804620324966 0.248641435802109
5.89065638362036 1.0135643492435586 0.3390497615770737
6.404653264062004 1.004066391220651 0.36113555694047555
6.664330749686339 1.001394729736635 0.42814694424848665
9.431966491118963 1.096468324761973 0.25482909353874084
4.991777551493996 1.1270610354930108 0.07170971822033564
6.3162139462592854 1.031418637520724 0.3751972216383189
6.076166065646541 1.124435606664954 0.17416723712054638
4.96349798371352 1.142453308114158 0.05104543500625842
7.648913463936514 1.026816576988597 0.4458484448184621
8.181389648665082 1.0867244499621944 0.1789754974399511
7.815475563510898 1.05092286405872 0.39658513526541356
7.187560512253352 1.022978140895312 0.3138450451017021
9.428138518142541 1.1134900474700316 0.19490762559779398
7.087681097064642 1.0177289448253461 0.3277383823926567
5.558926956257077 1.042561385832132 0.24466194754935527
7.682578805344596 1.0108539930365255 0.39096071139659816
8.771834847668556 1.0660454675316078 0.2663687081048017
5.0721364532782225 1.1098230797329005 0.10675660120692418
8.217212882452108 1.029352570254872 0.35400174140416807
6.68609983754884 1.0590793477650862 0.3408622697062229
8.878511326195765 1.0781031852245762 0.2384886451968937
9.367536663474825 1.1218856129372112 0.1724579736317384
8.621002101237321 1.1416154764167408 0.15258676912603872
7.962319225838314 1.1584141785525015 0.09397705182655935
8.740778573968486 1.0753785646981557 0.33816014550395895
8.539823060067807 1.0338489443146521 0.435844626204773
8.450774587634683 1.1436085069831958 0.14773129237034782
8.756417064746666 1.1548066812594102 0.08096457127310472
5.156627506044881 1.0954919055192511 0.1353961085483999
5.157128145082716 1.1079964171589105 0.10127075988194476
7.628226143237093 1.0137669220687415 0.4574839673307139
5.918581321767817 1.0537447909229212 0.20650995671668135
5.46869561898094 1.0629588801749739 0.255121265766161
8.04326369053279 1.024926269502636 0.36460130402916163
8.932095547320397 1.0979509173897035 0.19162957793170465
7.75858301602608 1.05253735518956 0.25317466942247047
8.536913413012803 1.0570028564500553 0.3831746444797054
5.3536080945340405 1.088166511987055 0.20284890443005169
7.08705200421231 1.0509908436608077 0.37046624240991094
5.876021125988576 1.022106969832208 0.3108775682862969
7.346591057650803 1.1392398831805048 0.034785242123757
5.3247254495851255 1.0720778511618 0.22006568699204776
6.669061990347448 1.0049278735089364 0.3847799575296432
8.672866035204763 1.0575121943576993 0.3777896734266879
6.742094137495219 1.104240347533531 0.23949321880028726
8.459659599059062 1.0285240593180867 0.42806294734464734
8.56147657392779 1.1492914763444926 0.12080491352536021
6.2569862453061695 1.124372615837424 0.04595449124580476
7.915772054863075 1.01868352066229 0.3872972044079955
7.335809846365615 1.0059436446730723 0.41163054364831686
5.060171723320957 1.1378024088492458 0.05909946583948367
8.011980710401597 1.0732097806904795 0.21083075388634537
5.3005567199921 1.0744230645708681 0.20515140382104263
6.203802665979062 1.087889803373282 0.25623550567847037
7.6502334967392205 1.016812665232224 0.37658865651008494
9.270191043319278 1.0948610006722532 0.2400669657751606
5.897336648954532 1.0419532304091434 0.31990087475991597
5.077433397617785 1.1398576391017246 0.03810181637720588
8.904249529303854 1.065505596959043 0.3460849363287864
5.820499855881257 1.036276242055858 0.26396079745933915
7.931648182107116 1.0566618990546497 0.2525477756026955
8.606583215667037 1.1422841107497064 0.14529885659329767
5.966613286971484 1.1286985282093198 0.03652621498659614
8.21806514668171 1.048859687482096 0.29277034462080015
8.466101765205401 1.0649241227241297 0.35821691390588
8.071978862530123 1.0201339260170557 0.4308360615277878
7.3233609507600015 1.0088523803964153 0.4288581117802847
6.039094002255835 1.0334932998899933 0.3392131796234444
5.405756080153898 1.0843713330752809 0.14857014697812457
9.18014831592875 1.122957543823624 0.18473096367763275
6.663350590092037 1.1033356773988592 0.09900669384928079
6.180500897138227 1.0403697567044787 0.3406419904358509
6.874255629287054 1.0187813332798723 0.4092201102045848
7.10919922256431 1.0207061027475897 0.41833139099053585
7.722978866462871 1.019083636049233 0.4366606692281825
5.527194121636581 1.0510750081426101 0.258679142814762
7.093455620128578 1.0863808938745227 0.2873178244987986
7.2043302982029225 1.0401561157510757 0.27125361800230596
7.291426928918108 1.0245646268975122 0.3260202474955929
9.098930507097709 1.097949402755318 0.2567943737483037
8.038949498193553 1.0857858458844443 0.18252324903446296
6.333353284940824 1.0864816211970332 0.2624875743232928
7.707948360464581 1.0157221823079248 0.4047033346828189
5.977618671712085 1.099735382315363 0.10068970063532724
6.379051124007416 1.0143572802877394 0.36562064378316456
8.108527964918594 1.0667319065464944 0.3502038856216814
5.761345062565393 1.1482839172192603 0.09277001357665005
6.873379855506149 1.07299642923749 0.3097158858911875
6.795269440242057 1.011913385783996 0.3964559154091881
6.387917993608019 1.0569774435032557 0.3220766058706136
5.486345878649978 1.1154364729182922 0.15456678779643584
7.369506744877208 1.0217249855710075 0.34516400173784334
8.478183135103304 1.0813968057834302 0.31293221660842774
6.461821135137663 1.0443333799817003 0.34745213555324517
8.966278710536633 1.0715123143331584 0.2939736545204191
6.41331826516647 1.0579815366863818 0.3207053316106546
8.051296221667815 1.0388023589727284 0.40676163256980985
8.395978187973501 1.0598317160408637 0.3635141849545265
5.342680943334836 1.0798295931159672 0.18831247352820002
5.535692536188543 1.054722535359273 0.24205268863415041
7.87462576192806 1.144982970197076 0.04290039683542199
7.905197744597729 1.134402414233299 0.17332520421648476
8.657942873668134 1.1122960276213067 0.2304667850114909
6.304745878659805 1.0267315902926628 0.2968316568377806
5.3013899563484355 1.1665148154520608 0.019279064173818
5.488219674072971 1.1277776654033989 0.0475320232690695
9.060383057997479 1.1291664597919122 0.15965431549386377
6.901966143813491 1.0948268833214607 0.26005033819343515
8.447772853754111 1.0854621175015302 0.30020473543372606
8.321889996909439 1.1325656003490543 0.09006220220054485
7.786026926310017 1.0949852159294309 0.1535697726913554
7.247099639551326 1.0507856292908995 0.36522447319800805
8.120562937192071 1.0342131407817814 0.40483020232660444
6.8384678511608215 1.0258857060377486 0.3889094089990484
8.308449522598806 1.0405962633977333 0.348190121831067
6.888283129928716 1.1445269023330775 0.13340536336169626
8.235962895230085 1.0342980980503163 0.3904448197140799
8.449033477297387 1.1565201978391748 0.07138133848025496
7.253264834703755 1.018008333264826 0.4071794750453931
5.463664355585708 1.0735329887625142 0.21876959111725813
6.401131530035675 1.0827943907505935 0.2691581827254306
6.307638294617723 1.0428604171655813 0.2485778129310234
5.708572216077197 1.0450856225590532 0.26505582023101165
7.68520101720889 1.0437541540351498 0.3883915191450435
7.756784358725145 1.109358043054892 0.23867049879644536
6.6870838153883945 1.028076400668237 0.3766970116877181
5.826927144872675 1.0868236283464794 0.2321855969800454
8.669294198660268 1.1479206385509246 0.0890627568949051
7.77577707975578 1.050964644622801 0.26992241442285864
7.064490136114227 1.079404609701935 0.1689827032517673
6.689627927471632 1.1015819779915703 0.10838349107842715
5.609036063837641 1.0543357359530139 0.24472357546646736
8.544552946106817 1.1218028132897937 0.12574057093497995
5.76410279499283 1.0709366380209406 0.17842330201704903
6.400806837313876 1.0400854865866664 0.34396510589432994
9.090036109468823 1.114004261160872 0.19067481678752982
6.149358470010084 1.1593723424107378 0.06814396913689959
9.049301823681143 1.1132000825944788 0.20631558896038513
8.28140228448783 1.1534467922071687 0.09774150684312534
8.165645616465472 1.0523636541260388 0.2902203882644552
7.4318794568043 1.0198791197110606 0.3980669790292399
8.036964759927468 1.082220025267261 0.1968522818829808
6.463886169949241 1.0274029037858354 0.3028642526494769
6.903030346799273 1.0758403372542353 0.2996569593833339
6.631331725500395 1.0541266436350716 0.3325890979508614
8.221060754217373 1.0384951575937194 0.36193850822774276
6.896169758382477 1.0341027232355837 0.3766711038416741
8.085897659864731 1.041861396535251 0.3886571615275764
5.714760302330236 1.051919909159372 0.24007861438814337
6.234819871125623 1.1289747168249733 0.04303091058687908
6.1152354030591045 1.0650171343671067 0.28720702211387433
7.302180124503449 1.0516529704778246 0.3609509499081154
6.053473529413868 1.038332609191976 0.26913434374322487
6.935475004307376 1.1149800558601832 0.08452677921371982
7.100166243704596 1.0179025649235793 0.3792568595312747
5.88660839063432 1.0497482254483677 0.2922480667876965
7.009577617614671 1.0654031889434674 0.32395767423295835
8.664612428450875 1.0629199469290533 0.30456256665715825
5.558429400234003 1.0653163940992303 0.23206839433946883
5.819269243155727 1.0972376612159986 0.11448233750335715
7.821103911343606 1.1499818998693112 0.03357967023329005
6.029221289891977 1.123751906558612 0.1615779871275995
8.735582611409225 1.140693845256796 0.10952125571159861
8.521097209415156 1.06373522138682 0.33616510942831207
6.795419043625131 1.0200113231677392 0.35998190681440406
7.8973088664811115 1.121946040879471 0.20358603460765487
5.563261311614323 1.0665744297823538 0.22109756845023554
6.613164138767614 1.0709104767051516 0.29736139643170295
5.33306933920311 1.1200204704068835 0.11474929215364396
5.618241742710929 1.0960931539376908 0.12435376148163428
7.2455517794028825 1.172451187253427 0.02136268051466863
6.918466016795321 1.0616996702047914 0.32625522432591614
6.809745858569091 1.0247302528132196 0.37236323255141673
6.314127584983293 1.0331633820301036 0.28847547828340636
6.401532086503229 1.0315958756169687 0.34436140500190254
7.368962957139711 1.0235789791360164 0.37909967157605057
6.912776084899445 1.0644112329603599 0.20632555886615198
5.820555995965856 1.0666130617127039 0.26004314656173505
7.825067655536012 1.1063518718554524 0.13331398611253548
8.380020763623648 1.1546797638225144 0.06839867286733729
6.89256480786694 1.050827655980302 0.3444326228481489
6.96497339694718 1.0656771311895148 0.31891551131228907
6.6557804623408 1.0298533942646064 0.30415043483799525
8.919349156069488 1.1270189303818052 0.15808932715849291
8.320301300996658 1.1189268389102434 0.12553187295261284
6.630476905064361 1.1230447413782476 0.062642214510222
7.041980209845045 1.0385458696888201 0.28444947985499835
5.977404662108329 1.080461518659308 0.24748413557053042
8.065539541637673 1.1224521746505571 0.10669382808094922
7.297490848555707 1.0416955815970415 0.3717029200409121
8.671611877962869 1.105791694614122 0.17559086065812418
6.3489134438434505 1.0523398421909853 0.3159014301960986
6.327196311421117 1.028849541337024 0.32943680158542077
7.479297043775125 1.111043204121073 0.2268911308738348
6.065709751814742 1.0382247303293997 0.2847558144455099
5.7111224472830475 1.1583402060884598 0.0524252439326742
8.719396018104694 1.091267273570183 0.21874182900288996
5.820811698857556 1.054427273723539 0.2373802170796016
5.793764077352199 1.0936282896398728 0.12871244945294674
6.231899476435551 1.1281004656575846 0.15642469177826265
5.369281798106803 1.1231785500597211 0.10735270605594284
8.572892609795591 1.1455321412621853 0.10396855896862896
8.052575953949914 1.0425621807627965 0.34135793857313435
5.533219677116584 1.1206299201875436 0.13378450656177776
8.888297521159021 1.1063327026570406 0.2207159687469369
7.4481602372410265 1.038738744528589 0.37507508925165767
8.724048569267524 1.1192600194364404 0.15116497280023278
8.66110173149757 1.1406689604538929 0.12145507684140833
5.644125892174502 1.0681651840315782 0.22777578045199307
6.497862749729391 1.142701035126386 0.021265369194687564
7.509751036830616 1.0689750072380868 0.322371061845026
6.422213471337143 1.0293577246053986 0.3211529189757909
5.473347349572933 1.1368904113014633 0.03911486473309614
8.041642488618935 1.0704626849526473 0.32336031661061587
8.592093761493764 1.1400282598226346 0.10449541143413497
8.286331237815443 1.1220055240943392 0.11986236844352068
7.06325307434288 1.1090185818490377 0.22385590486180543
8.027855101610717 1.0915298362323718 0.27592090098307676
8.692490072394326 1.07803115911809 0.2852171927118899
6.914366657282024 1.0367962773977901 0.3602274559133278
5.426339719396362 1.1519045369442957 0.05093201944418187
6.617053647331598 1.1394694060701889 0.13703224569805225
8.237712410126875 1.0617315727906578 0.33691233745971155
7.194297447721498 1.104377586361889 0.23708265745193263
6.295749508512783 1.045082008842879 0.2556680250359342
8.118935129959544 1.0465337891570572 0.33613053434389123
7.051850183150316 1.065272847811589 0.21138952793350532
7.057209796141512 1.1178660433635252 0.20210243362046282
6.769644314395137 1.0830506950947751 0.16004654149204242
8.405760359511119 1.1320413580307802 0.1669614463577288
6.302740396699656 1.1252063373701158 0.05621192209012401
5.377651434896238 1.1562338075551355 0.03691939656178794
8.058183755895454 1.044390846317443 0.3429884646870114
8.340393061033579 1.0621120094762069 0.28575446068317595
7.719594765304491 1.0508787012753302 0.27978900185410144
6.926437474542945 1.059701508765998 0.32459546540291573
6.614150149531188 1.0295965866278416 0.34281326587394095
7.35637431160656 1.136755959967944 0.15580900768403644
7.256601353209142 1.0323643592134313 0.3692121036127666
5.7462374224224 1.0709220301869393 0.23791793922162555
6.762510373709151 1.0301084361571926 0.35097175216119103
5.424360973285079 1.111485223054868 0.11645529414096636
8.372736719988566 1.0599570210724427 0.32288456909935204
7.8743177925578305 1.169547588248291 0.015579414318858932
5.36301947701668 1.1484745886757535 0.04947376240797981
7.250084444205385 1.0378031947545934 0.3653346242553566
6.707679570528047 1.0385456170726157 0.2841608231207551
8.43800211987679 1.0714546593662058 0.2649147032670986
8.700007103308106 1.1240476744663859 0.1781741367082897
7.809108391629083 1.07090757177872 0.22616607273855482
8.812862872184823 1.1114563146466983 0.18531843579743273
7.092576955051431 1.1063262019731195 0.11482584117865095
7.383532208817801 1.0326431951332626 0.35905463325492715
6.511668812877192 1.1522408164921965 0.09400106510672586
6.081839214822368 1.0483123767221558 0.2911943391434073
7.1762105698597 1.0499929915329422 0.2611518053706926
6.900684973226406 1.105682810524493 0.22578611843738802
8.576588273211168 1.1092857961620957 0.16873216458481935
5.785668622263387 1.074102010335955 0.23448834253978057
5.933648801545889 1.1359362109712776 0.12086679542404043
5.4857822388142115 1.1140689522907778 0.10263106781382539
7.121428997377299 1.1168342217672609 0.09212393836672683
7.003169868361283 1.0352247552189864 0.35560590978668044
7.330630204977911 1.1653818031725163 0.04758902476875651
8.178850177998267 1.1288363697051849 0.17687124742989008
8.650322575550412 1.1321863158248155 0.15129597029243147
7.368461898222094 1.0635316486968727 0.22947459845944113
8.553967480651718 1.0936871694324208 0.2586486142158361
7.70546876080658 1.092843048057915 0.26766240849573086
5.539541003150298 1.09510216778083 0.1664346631439209
6.4664014768374845 1.174311616359446 0.012716812462533138
6.025446367045401 1.0875980286905609 0.229935817453603
6.919018976065859 1.0312433637826344 0.3467767649602642
6.328767012289747 1.0410121236083014 0.31422123679987035
7.897083409758919 1.1340274705484439 0.16326788105481543
5.839628583206855 1.0952955753248643 0.13039788679013836
7.313234474851759 1.0893808375542111 0.16186164024416572
8.570999424541009 1.11155628797614 0.21552253639332455
8.453956569373675 1.0689560976164711 0.29765628000628847
8.497628699990099 1.142943486721935 0.1085977842519329
8.347899532552342 1.0945482067801842 0.26139700240347774
6.735100008546441 1.1582600854168115 0.07581751379750097
7.432843003385292 1.0360085116467308 0.35720308303357395
8.618725087710626 1.090054164609329 0.26082760136682565
8.404517996918768 1.0897463151265103 0.27046641975680863
8.128127437497339 1.0533514579122334 0.3228840232485715
7.220929063390466 1.038059297394371 0.30838724187768557
6.450430447543983 1.0520809267178504 0.31117050125383694
6.600338577692584 1.1158527504383489 0.1932628446922107
7.0930179911498445 1.032251629377388 0.3459694326948218
6.919476036145349 1.092506470368106 0.14430944875214885
8.142215278687086 1.1525644320094013 0.08908593521346408
6.901979972780598 1.0483321029472952 0.33632560011879825
5.830431181772223 1.0644499086060806 0.2448297248709185
8.006785348172915 1.1309918171511821 0.09214645689277298
6.640561996174586 1.1044808482610229 0.22018337787318804
5.545321762900645 1.09974588271594 0.14200108698107086
6.965332554866128 1.0324800566067316 0.3405518528552186
7.676780535040077 1.0584908669055622 0.2598830203749644
6.9047015430519725 1.1713467055524254 0.022070347879488583
5.924483384429228 1.078693615969028 0.1729966529406317
8.131788393616123 1.1372990222293948 0.1495138369886264
6.6306750102324035 1.169354386779009 0.028676017397923574
7.471419702211067 1.0419998103508457 0.35311602403633496
8.500439136294332 1.083298810982245 0.27560945882224996
5.819969043061365 1.12520833994377 0.061773227309961064
5.696018907174251 1.0769426200886212 0.20373154304724517
8.722300641079865 1.1190106068593957 0.18019074899949383
7.429913987089346 1.0972753707963796 0.14838679633240942
6.698339634172214 1.0344913841961973 0.32564648477481484
7.2434083965226534 1.0375160757200677 0.3500094337042792
5.977007610841753 1.0874164839364464 0.15025090874840796
7.509228713052284 1.0476524841247175 0.34817206699785463
7.218765348260995 1.0836787225579232 0.17496686456993532
8.133287563036033 1.059158342953147 0.2946616490184512
8.071254092511133 1.062387021764201 0.27415128592177795
8.51800206096777 1.100091279817121 0.24077527654418432
8.303608611341563 1.1166258354077436 0.1398136257490661
5.582338739141409 1.09641633838434 0.16150375162897757
5.864148532377062 1.0637131767755448 0.22713107443492034
6.373353259114365 1.1109417380047666 0.19554306464444102
8.153919125356751 1.0718651100317298 0.3068979596955811
7.722077574634092 1.088289414061543 0.18128514150251562
8.464333600859295 1.1110462859335584 0.21598599660681034
5.7969361124475345 1.0719310143034746 0.20395924583191932
6.614683815716482 1.0544897613462614 0.31234460180790635
7.878993606678069 1.156762078042733 0.03662494273124127
7.668827840559787 1.0841214675877666 0.1900536350871294
6.969319643705138 1.0349997155984878 0.33294616764439006
5.761853731424436 1.094537491876529 0.19319726297632364
6.327014427948793 1.1086357179747046 0.19836025492596532
7.365404697923108 1.1229720680972906 0.18876536004225572
6.7283318437319775 1.086656680765341 0.15668580592289008
6.075450753938448 1.0655017575817736 0.20921120995047773
8.551422497560235 1.0859015938734846 0.2414382426835736
8.59269321620439 1.1320679717895912 0.1416815418594667
8.13080439174914 1.059197819838185 0.31572579961050723
6.380811606897012 1.0606866617968729 0.2908098909823702
7.656906541862437 1.047572337578017 0.30391080610069654
6.788979626495227 1.0427177981146556 0.2818361929616875
7.751083076409216 1.0520298807339754 0.33881567195601575
7.87880495191472 1.0679517974886232 0.24479658620940944
8.199077992374773 1.067005880696124 0.30840683756374404
6.636370961297612 1.1227072572692094 0.07156254086796385
5.816788308387736 1.096389390413407 0.13423258540431324
6.819854690955227 1.071936346173639 0.19601120666437044
6.909735117725969 1.134322547031162 0.15184757823867687
8.393454488243497 1.073073696540663 0.2834938996032681
8.535507021359509 1.1020728359359742 0.23254424776192137
7.121558585766962 1.0471835813585824 0.33817667405228163
5.651719054098352 1.1609086773596924 0.033732752989366614
7.164326736285213 1.1012524641329686 0.1328744649644332
6.360316735312287 1.0578018542813026 0.29206504558001506
5.8951864402289775 1.1247557971082898 0.06435865142601686
5.686307792162683 1.1059612114936228 0.11797324667365651
6.685287024850393 1.1114711382080404 0.0989996174936496
6.180726464663955 1.0614798642723076 0.2749449709385212
5.583248293772446 1.1249059437347944 0.11292288908467359
7.385017195063341 1.0406720454950662 0.32947509173163436
8.41146010246799 1.1265081451025416 0.12850493682921024
7.730987282312448 1.050773375840306 0.3002387114652669
5.966128582431054 1.0621144873472819 0.23094775980720209
8.18831677485664 1.1403323456595325 0.08714707734438104
8.592937798203234 1.0948744052244648 0.23789059088163478
7.543029228094333 1.1242161201429428 0.09296960089323737
6.825551226487075 1.096106090640999 0.13754847482868918
7.584864942340516 1.062952089375767 0.24729168038908295
7.239846289817697 1.1405340406543232 0.1376096751591036
6.5223949507821235 1.1376288100083103 0.13316506924803231
6.648924744323859 1.0959722129020457 0.23501869861370475
8.063057788510818 1.075166542990162 0.29718364592214497
7.469757154680911 1.0583185711919303 0.3268511128862588
7.7030660970359435 1.1177484611838397 0.11332099728752675
8.049944599419096 1.1310986174093507 0.09859796566786319
8.426632743671503 1.1161504839690433 0.19966927065883133
8.007776920724886 1.0767807779981218 0.29474178426450276
7.525843664948919 1.079493886879944 0.28855141822949704
6.199788438139132 1.1537081377934708 0.07635143897686535
8.171618628854194 1.0971704076595217 0.25034114168899946
8.179222426965547 1.121654438907338 0.19010922364175065
5.623455469666121 1.129244881565614 0.06510675095344344
8.332384423197153 1.0748319016053063 0.2663767042329484
6.683669812106055 1.0817414084353807 0.2642542637142639
6.063602461252822 1.1173017063795585 0.08212258266340748
7.8301014218217535 1.1027927545408907 0.1538542633083723
6.792250515277146 1.0902075569451748 0.1521822213120518
6.037071213831192 1.1393080113762586 0.11044248229059098
7.418741754961136 1.043987830794307 0.3312004934017884
7.234424006156733 1.131164688223592 0.1632770636992456
8.25252021257012 1.0794057687149783 0.23943762542185562
5.997931760529161 1.0993535382142747 0.19791833387015742
6.181288119083856 1.1001916028000407 0.20647923792398665
7.1541095900247385 1.0434335656709233 0.30004507041248013
6.77337742887684 1.0682037374745117 0.2914919444605713
8.451541961822324 1.1057925695329112 0.22203271461772747
7.986573875657498 1.1207738936396086 0.11953541363623091
5.905128187772002 1.1104724903581087 0.16918516610043485
5.5711932777581765 1.1238022221119874 0.09127664681874202
7.499361250312802 1.1038601944622564 0.1393840970299894
7.054113197765886 1.0426918538062497 0.300123012063125
7.422293132327168 1.163347987242484 0.04831138159288756
8.358959471710088 1.0960824691147562 0.19917029042530138
7.294932577200655 1.0670239063633864 0.3072126591052614
8.207673861619165 1.1265116845816903 0.1185578816168847
8.263062157201524 1.0795582966491981 0.24135287897235475
8.186259798762983 1.1166447573156875 0.13905897436174805
6.180303144785672 1.0813676104530854 0.17014057574845318
7.546410124201827 1.0836349456735568 0.2782228601571227
7.594013288466925 1.10764503069922 0.22528011214775873
7.870961722160658 1.1032186201261367 0.15552447315449078
5.930991113866481 1.0682576501759475 0.2218417872269785
8.293177717069376 1.105031087349957 0.22798112658032957
8.558364474686254 1.1009952305834192 0.2082154949209078
7.569138698021046 1.0590805898827766 0.32156317449431965
8.498839198458382 1.1288425351288611 0.14164062331935226
8.227298969398992 1.1442018567999162 0.09153727831109595
7.7859601689846905 1.1247201120728132 0.1824745712692915
6.8211477572036525 1.1328306228185117 0.15111703155873862
5.94414322277207 1.0761888705603846 0.22899607017756413
7.915527714237294 1.1183979971172955 0.12296204096723409
8.27929016951518 1.0786005548189659 0.275698045840521
8.179265429770796 1.0829345022764647 0.27467269813706024
6.113455873143042 1.0695335758802234 0.20608275935545703
8.150901638835645 1.0702874757977288 0.29036868756648543
5.725560423660852 1.0983949421385553 0.16909789120926708
7.28769561718326 1.1497797397677079 0.029402954502569627
5.637961779333043 1.1354824392755667 0.08976675862933359
7.612978133248426 1.0923230289731138 0.1728868797922879
7.587270852958227 1.1619179249878426 0.011807867319279576
6.226364785659404 1.1071929960576694 0.1921046154503371
8.118158789417507 1.139541918105261 0.08961067091685344
5.878086262811697 1.0800120394083788 0.1881618299217987
7.885542889112571 1.0792931314981595 0.219383947746036
5.9437055501713445 1.1326731723165993 0.050433000736643065
5.8325223625142755 1.100019793939837 0.13351910136253528
6.816107964041107 1.0443138363085747 0.3129872071688363
7.202669982158854 1.0800806849327325 0.27834741467949714
6.81507733376111 1.1534520267447539 0.011868555443778397
6.203649362287081 1.1438991569139245 0.10248040014284208
5.791246601296981 1.1294715788362473 0.11653846912332266
5.831586106726014 1.0934972612362686 0.15202604157492777
6.9438173666295295 1.0451283531340845 0.29290566493127734
6.613914996134477 1.0455817449886806 0.29916067279189074
6.7043726449185375 1.1583304524685505 0.06839078901272085
6.644063510585703 1.0625945910251353 0.22530019816631217
8.256005047782354 1.1394264820906506 0.1254822440125465
8.520805814148305 1.1031432257972997 0.20954988500369304
7.2294841589133885 1.074783604965916 0.28839546364374
7.011805856288639 1.0744659249518291 0.28407675500577534
7.968727355206063 1.0787104528556433 0.28438386592238574
7.557757081294872 1.1361953616012757 0.0712957862578508
5.96825166102372 1.1103482421548025 0.10438456538464691
6.357798441641231 1.086287112161267 0.16034324367488345
5.925065656512972 1.119396972925424 0.147681710534046
6.5253786427553635 1.0537461159646546 0.25390409188069646
6.69550853639635 1.1141307964750238 0.0976639132382078
6.3228792416293995 1.0877321908167077 0.1567297630156325
8.33247389444071 1.0828562301896996 0.25449155692758324
8.451692741003711 1.1272956234558986 0.14963714972144793
8.334728804260278 1.1022213235096292 0.22798052145930825
5.5511635181235945 1.1452453663289002 0.04482516346258862
5.94675303401983 1.120452832951747 0.08148360442163739
6.114004429671681 1.119580686030564 0.15775652205657284
5.483837991476086 1.1604010976380916 0.010778432629222803
5.478050504044649 1.1561768337525433 0.022777759655152843
7.682164025705683 1.059699971782073 0.31196025587686865
7.131142909641897 1.145246398957183 0.0367943258195345
8.434843593871687 1.1199610268837457 0.155499335481482
7.930587602518385 1.089859001872223 0.2616598347529329
7.560660138138317 1.073374812377844 0.2231997303273011
8.077452939705815 1.1147810644354568 0.20345602965016746
7.07419766247911 1.04753373499653 0.31477283504730214
6.634311316796353 1.0788645448083605 0.26248460133367235
7.435160041982051 1.1349836193668852 0.07076574638803114
6.425940558985307 1.0574569691609972 0.2443169348565079
5.738389297272256 1.1019831100162165 0.15363223080278782
7.995027822794828 1.1007437464996992 0.23715943026032316
7.199091380532234 1.1166603265406643 0.10446053127603024
7.001699977458163 1.1077921492011729 0.11961953783132713
6.742215129917653 1.0483648544100563 0.3024156462536349
7.121270589321314 1.0957289221473365 0.1512802395133907
8.235205105658883 1.1240406811608523 0.13198432661652948
8.453677145610964 1.12152712043686 0.16397587087695428
8.381034887159851 1.113278899060877 0.16672540696751798
5.884584013768011 1.0975011962441044 0.14302104168794236
8.404392861705084 1.104748293613151 0.19055842538637222
6.7744369841747805 1.0472960884654443 0.2958956194425458
7.528949835083786 1.1135471446143317 0.12230983540736669
8.190855226093976 1.0956551353935342 0.19681322384329222
7.955485419870049 1.1476375626223665 0.10034392550962626
6.612151337442079 1.1038633973277736 0.2110628232160649
7.439596443616525 1.1112895471325968 0.2111241694538904
6.976236961459046 1.0494775505035567 0.3097235102723674
5.872163052558253 1.1302542308666226 0.11667808583264729
6.806064350688665 1.1225806506340474 0.08231600678231941
6.8134412939628035 1.167169398945936 0.030741155948173865
8.317093663364997 1.0873349313814364 0.24300912080510415
7.515075268405035 1.060464963577423 0.3088057812397969
6.285264826580553 1.093571074033063 0.21825380864711366
7.96583984411874 1.1413132381651845 0.08258005316021627
6.45038845169487 1.0914310541294805 0.1510464117883207
6.957977138630792 1.0612138225697128 0.24053396067576316
6.9035123218524 1.0614751042937882 0.2973247944667238
8.285425701818735 1.091238779067257 0.22064932925867384
6.524055024823811 1.1496839908557417 0.09175690066068956
7.625230384858774 1.0711387369430307 0.2939635112363292
7.076575292247071 1.140239899375997 0.1306930011710893
6.94069903295159 1.0501424884057977 0.305399289495525
8.131831194722917 1.1428615393353962 0.10618945170898597
7.310100449548134 1.132381613369444 0.07413100967082155
5.919985577838226 1.0917865940199731 0.1605056571998624
7.8080089368727315 1.0861908555464015 0.2021874044972594
5.684293663788152 1.164065110089333 0.020613982829303705
7.7586696940755395 1.064170741171141 0.2981770758146637
6.459143878946456 1.0816192041991122 0.1768663533635164
7.164915079311653 1.0549747121051127 0.3085254900780284
7.379622806553376 1.121042222101776 0.18555682305913732
6.105999109439958 1.0934384245618771 0.20681309449970858
8.31145923545984 1.1140442646825817 0.1628062981339164
7.43615403639793 1.1312586374091858 0.15899907875147615
5.946821226915553 1.1423186172591968 0.09042753219238246
7.138231995320471 1.0858659468379281 0.17846340356980472
7.9322252303133975 1.1406143808172955 0.12704770786580455
7.6285405629075775 1.0586308705116425 0.291655650878866
5.825207925624644 1.1046778880927957 0.15919246616300703
6.852090185127295 1.076089500633588 0.19705810713255678
7.123729178558362 1.0505328639855749 0.29996095166471715
6.472064287857268 1.0734581077149628 0.19981095201999088
6.2672487271404 1.0895194067320646 0.22300040511003177
6.721819356609984 1.1066163675967007 0.2067049530052579
5.941896255411953 1.0975298822365251 0.18528538266640726
8.040760240681445 1.0902773721124408 0.25404222687591965
7.6487910887278066 1.1400031786566505 0.13271797427020732
7.965057807872029 1.0945583110905377 0.18937816196135762
6.858242090214249 1.1168538060432294 0.18675721654325225
7.14080941442794 1.0569168553652801 0.2644496851868774
6.5259592890453835 1.148125094530033 0.022566301398277297
6.621607338581228 1.053605771252643 0.2707023263744911
8.124843472160965 1.1022301732467328 0.22687674267956162
7.15262114478338 1.059220325667237 0.2568157909919078
6.876743349603569 1.0915519888596474 0.24205270829273545
6.057692033012879 1.0818065434991035 0.18592482976465802
5.916874636048634 1.1207141969199117 0.08887810122880668
7.552690466608173 1.1614740055351542 0.03280155593195833
7.678081692536358 1.0637436911198894 0.2938617349657995
7.861856857189082 1.0727872847812476 0.2506405795395654
6.630503365315295 1.1114254187047645 0.1078219942466311
6.983354664963395 1.1566430878535265 0.07225506770020705
7.436308352221802 1.1062148712132291 0.13971877842111632
6.4400102318098025 1.084709778713872 0.23842064306532246
7.986849995859519 1.080830885077859 0.23337412712897287
5.966717494478019 1.148287499351035 0.022799664445968003
8.350533272663569 1.1078173925402286 0.19166088425859906
8.225816502125147 1.090779779163548 0.23716071495513658
7.1521769936367505 1.069808246290108 0.2866285945872409
7.8199010946229475 1.0737814743370846 0.2807021159981907
7.173106013974332 1.1509712013632134 0.02932140337847175
7.4376465443647 1.1104913004735228 0.20927443288342462
8.277684155950807 1.1272633606387437 0.14421853751383454
8.195564325407572 1.1280227527097781 0.1556619920420843
7.816280820821383 1.0986925258141433 0.17392075253261918
7.020676598087235 1.0705318803389778 0.21959185162806558
7.521298328299883 1.133445932377241 0.15063721214958736
7.263211633426861 1.1308992496256944 0.15632396431884074
6.531652886693207 1.113178965757922 0.10369132763027782
6.351773845684642 1.1381678878240478 0.11676402126447248
7.650850935922978 1.149342685529489 0.05649194552661356
6.7912400100426815 1.134270225453561 0.05888234287242261
7.602411409375614 1.0624570274554193 0.2803327282872972
7.586034611561237 1.0971278056545777 0.1684371098084986
7.880118723213901 1.0981127682135952 0.23671799624288464
6.229305697466753 1.0923778945111418 0.15443935263213873
7.928781403002727 1.14730848650272 0.08598888270753155
7.9051405522314475 1.0726970167429382 0.2666487362772753
7.959864926261718 1.0948462036543773 0.19211165240281455
5.925368867274992 1.093357057830424 0.17654648143587723
7.976777775804937 1.1098228680142537 0.2091637224202717
7.635469305859074 1.0708920230609342 0.2855874535038202
6.767492207760139 1.0576849492236478 0.2850907812144981
5.79431483338502 1.1266123594127957 0.08795480166468589
6.0228960151399775 1.1451677714881765 0.030013895390454147
6.893220290343473 1.1169978899755386 0.10130306928619573
7.091503553401301 1.0616979968495237 0.29300700624400006
7.3506257888578155 1.0759584406955294 0.21585697940913806
8.209212152748934 1.094184669968174 0.21751311797529474
7.108682012479337 1.1298276143005659 0.07759626680518696
8.205229195777992 1.1209285906272568 0.1469680482168404
6.911620230713126 1.0877847170941786 0.17186795368148605
8.2967524618921 1.1157132990189638 0.17025706853837486
7.912954569508088 1.14674452233537 0.08341415161633334
7.611218532474721 1.0734238674446004 0.23609682801197318
8.232466148672204 1.1269712316406282 0.15119898696042633
5.893851359173169 1.1124808735298979 0.11612350543271643
5.919054229885369 1.1200576938593274 0.13375533342397744
7.5657263133469215 1.0629521229190957 0.2787290920334093
6.3728123554901615 1.0935843312787563 0.2163664708990597
6.055445295974259 1.0965240625486816 0.19037261099267966
6.0062439032092385 1.1028027522081596 0.13514266350127527
8.234425370086997 1.0975547162811847 0.2184900127548781
7.577230305982658 1.0773902427409012 0.2223465702945844
7.7158322960209205 1.0678269139717576 0.2789696193056142
6.750777096200267 1.1103334886195357 0.19580289054242705
6.7514291779175775 1.1658522852042918 0.031133809385856553
7.579885091957717 1.0919820719206101 0.24858329937365328
6.736360110716387 1.1434394605129328 0.037922652969462546
7.436000958087508 1.123690880357438 0.10206771838269582
6.081759546667282 1.0830832918148814 0.19186757475382477
6.39829619377163 1.0971681591037359 0.2101017391925714
6.669971987652046 1.110920118643775 0.19180933469381267
7.919960403102815 1.1412266896114622 0.11672580601757228
7.6195307116986 1.0686701797788531 0.2561202487544865
7.155711744155438 1.120454132834939 0.1802091049411399
6.9203337819640875 1.079748020135092 0.19423086833946906
7.89245730679237 1.1464726770467406 0.08536829225769903
7.392104305659034 1.0605429332206928 0.28534022671588083
7.401583090479903 1.1440499223274558 0.11542232102733765
7.347988250961503 1.1685980727103351 0.015617340035963219
6.7275591910170345 1.1442482090594701 0.10805850314340722
6.401297901759381 1.113230382090741 0.10500440108180929
7.875251485373736 1.1451227187926492 0.10060684374682104
8.044334742377863 1.09264471266119 0.23995639069829072
7.985345452966209 1.0896616977278817 0.2121687329132566
5.995312470833763 1.111514074398266 0.15577786937181026
6.0040495973543475 1.0915405182878042 0.17372903510834328
6.073450924138115 1.1083797042510866 0.16835099360044067
7.708650316128253 1.0714068870270421 0.2545701937475374
7.849382315819451 1.1130291257879015 0.14430948856401285
8.096347498702423 1.0918795023795673 0.21649884968651079
6.3095877878491144 1.0690883435975618 0.23810833624934533
7.298849381388099 1.1026605380207948 0.22270165249846424
7.052115073865217 1.1142890143237278 0.11281641802954426
7.200571366509449 1.071973927698419 0.22505582480788694
8.117760570767185 1.0940909497495979 0.23162731491292263
7.9879250258595835 1.0956574539471151 0.2356216222249037
8.098052302735873 1.1120592426240474 0.19710789373268128
8.031039298876921 1.115840518273584 0.14879023208699077
7.572884499582752 1.1201102102871552 0.11640994111090532
7.672954969735269 1.0893074515915298 0.1956616059004284
7.370918424650801 1.120781803432939 0.18079446065388424
5.729087946664947 1.1528758139904307 0.03583092902073161
5.979425695805215 1.1311758034278536 0.11154484494278993
5.938238323220572 1.1191667340436762 0.10051600009019294
6.1987820716577975 1.0861288538254996 0.1774735745236854
7.08159478965683 1.1588943785979868 0.012555131671310322
6.023319614167081 1.093995038178719 0.16595797222803965
7.873207052305133 1.122644149606363 0.12489269887302604
8.080064055565508 1.0930330998783429 0.23368517565685976
7.7512095438487165 1.1464227828245475 0.09894350531044872
7.086679554503013 1.112323999537204 0.11898110419836688
8.19312389480515 1.1068855316904083 0.18582444328923242
7.760252082573894 1.0785086797647856 0.2341827291605253
6.274235567294642 1.079201072199722 0.19686848777309662
7.446142713369504 1.0649288767534082 0.2655610161419082
8.006647063565001 1.0902725612939812 0.2418932519731851
8.064769632444142 1.1258753715048089 0.1603143837024675
7.652125126547157 1.0954166248609372 0.17954901843306023
6.315296931386355 1.1096265738725912 0.17893606184580124
7.444101154543501 1.0712984922067443 0.23959975095593872
7.18037459597574 1.0955183196515001 0.16237428203487567
6.6410772319313764 1.1622582364225167 0.04199936716826526
7.474794965254773 1.0671436141621566 0.2583101248334586
6.926203974898517 1.1576151348074841 0.011705011986845898
5.829385537782205 1.1404236961143897 0.06846892147453042
7.161702469088567 1.0741743760058318 0.2727159213490955
8.083968295686697 1.123963262792298 0.13773840744941213
6.155436528298678 1.0816192882688267 0.20041029091780097
7.116832762564552 1.06369000259691 0.2535049949258886
6.515217926973051 1.07830326174336 0.1968457113190685
6.639203935823112 1.0797371434459473 0.19334102699765326
7.938836118543598 1.110628851485598 0.20220918818734596
8.188833290608954 1.1175368232218035 0.1703932400481082
6.733115211095571 1.0791804341733398 0.25270603688003657
6.587763780895099 1.0705627836840872 0.25762605703125463
8.024581399311217 1.0892616104100268 0.23624611019385647
6.777962258080494 1.0934544454664943 0.15915167379234502
6.854074927923071 1.1076664619207095 0.20145960758128545
8.08372712721354 1.1133963410862726 0.19056556191836369
7.5299623539876475 1.1554686338117395 0.05831609479083776
7.964938688873932 1.0985853944581503 0.2266802828509883
7.76151128575475 1.0863364219386014 0.2530521971781962
7.522791739314574 1.133048535712125 0.0879414394287827
6.233741281843791 1.160157465079373 0.04102804773573517
7.154576549172763 1.1180818294277106 0.18331754891429922
7.373153004683186 1.0740642646282155 0.22921184077906132
7.657236535341212 1.1054646568788637 0.15633250670502452
7.80315203941735 1.085223233364684 0.21834041993552344
7.331814537015225 1.1089330388425376 0.1357540914835529
6.345671584543485 1.0730064879338617 0.22205131431818412
6.4701247806357305 1.0804123075268448 0.19240613297543063
6.427042093105062 1.1139376062120911 0.17331563109729564
6.920104296125961 1.12010366184199 0.17412979023585387
7.9795074120364085 1.109071072298732 0.20364343679031927
7.350940015825607 1.1311137133850797 0.08624529947634527
7.681511153610911 1.1076216636881877 0.21083202155586653
7.453090504251534 1.1261920064396878 0.10056303593983938
6.771894680066991 1.1329938619682094 0.0665695429876814
7.265815859779689 1.0640016156435905 0.2767256410757065
6.421313908557368 1.096177401229311 0.15043403352503
7.436518956105276 1.145862104671488 0.10507694919487254
6.858097456065812 1.0620819559883874 0.26129355008713495
5.924688307836641 1.1187513062304342 0.12430123363133015
7.439724918433189 1.124729342954163 0.10368393612960441
7.674460528290355 1.0803744802830364 0.22671916806034176
6.73924143015644 1.1050909322562736 0.20284686486689446
7.049869150151006 1.0686661672352258 0.274310820334818
6.038865789744747 1.1103923276510808 0.15498781734184802
6.694148949049179 1.0760170911818374 0.2064726542427305
6.089666996480471 1.1111428210949745 0.11873478757067067
7.219372655966328 1.135627988812759 0.13746017757930823
8.059227447005389 1.1259182449359049 0.1365709139601218
7.02179181632723 1.1372174596714693 0.06324832007390914
6.754724419031067 1.1148468607110653 0.18173867474663052
6.285917101795134 1.0946021864377755 0.2030426992904362
7.5465660526266785 1.0765466100246706 0.267485448721529
6.038829919783689 1.097728389755833 0.16791150477079325
7.456802366831564 1.1561602592291198 0.053734792699222274
6.038895567726641 1.1208760185899969 0.09700982873551352
6.958968905206698 1.0635856627192366 0.2724072376843353
6.090166721998294 1.0926299018166883 0.17550191707958107
8.075549636490194 1.1089624242608724 0.17464643643508043
7.259534402717895 1.0820922224382563 0.20259174533088706
7.3563916792511375 1.0872629230310573 0.25052711840896696
7.871176823070554 1.1410284551448089 0.10707978949134454
6.819561461851453 1.1598122209165656 0.05104960822943448
7.790039346338851 1.1163231008323566 0.18843433416073832
7.15797600742269 1.0705251066101906 0.2731522962207608
7.486298216453889 1.0879478117636276 0.2496944815951421
7.554655550031223 1.1513766115088453 0.05935172238065836
6.367593917948465 1.1562522055210267 0.056835386544905914
6.969824168316022 1.109625054213262 0.19811457274390243
6.935682320052244 1.0894331329486118 0.2386610550455912
7.109365687469953 1.0822476674097732 0.1979883606372043
8.082715474589811 1.1009787325865799 0.2014844631012755
6.705077030010543 1.143450872268335 0.10592875334088175
7.902249033901349 1.1046186988980193 0.21278269352634002
7.899416137915296 1.1057508257213478 0.21032870361171588
7.84205650887748 1.1369552404227337 0.10028315117707214
7.126417645836662 1.1037819425199744 0.14363696141671928
7.776794214261818 1.0878430251175555 0.21221973534858055
6.658550585506344 1.1175376276364548 0.10189439882605467
6.12393019206497 1.0916907909785676 0.17799937222508538
7.240717211711983 1.1502879960729677 0.04187322813205486
7.643708605288106 1.1387971617534354 0.12539190064547245
8.018635045788946 1.099544402219561 0.19769732800704787
6.717503953043282 1.102259307606115 0.20665757808556046
7.8761001962057104 1.1363821506516423 0.1051053052605431
7.61098750091055 1.1120925214909079 0.19862865851582892
6.436401624026358 1.0758244976415126 0.21234954599971373
8.105010976261982 1.1157272680172008 0.1668059729031308
6.8985074165112295 1.0870166962131749 0.2412506974812355
7.136087349971344 1.1590143406434552 0.05152439175632441
7.339234195196989 1.1628475142817623 0.02159846468080155
7.070524296496584 1.0654234032223926 0.25636551644912037
7.086247271088947 1.0662992441310282 0.25270335780156333
7.187842068419675 1.0659188965598136 0.2664485774275794
7.049701652145238 1.069596795868853 0.2686280658240608
6.064026948675888 1.1518362828307933 0.0558273649923597
6.965950006272772 1.0945400621695944 0.16357876824424594
7.5162049941477775 1.0726733346577753 0.26196272951810967
6.175061403538336 1.0935632638750679 0.16900357089883233
7.799421210441071 1.1166816830977746 0.18487548512381577
7.112442175961746 1.1230987646307677 0.16743758724456517
6.0759935321498855 1.103705276701641 0.1620517159612177
6.646382209267351 1.1118509467617408 0.11650205064257008
7.9363223513674335 1.120213956372658 0.1422078105797117
7.129111935896944 1.1057819724765856 0.14050945880822815
7.143414446961907 1.0995053572185376 0.1562734243246766
7.994297478237385 1.1185128747762343 0.1738296273598436
7.925489175152821 1.0927572134687085 0.21519411260152066
6.246530853492807 1.0991120268819767 0.18821146114574133
6.020282942534173 1.1385973858493381 0.08793199933089335
6.988110898636913 1.1606058053084702 0.04368076114444477
6.799043617133041 1.0689992778772701 0.2581356003512105
6.956909778501338 1.1271581837232276 0.08703360700677748
7.363863853998765 1.13999825364085 0.0715489391181476
6.888982508674605 1.1547870671818616 0.06926980242907235
7.820653001792165 1.0913361626602915 0.23517682323512004
6.631551024822574 1.0728650781121092 0.24698180870673286
6.957121964840136 1.1399694291815037 0.11881390448611308
7.300671186455174 1.1101215065462435 0.19990497095875331
6.1009929548654735 1.122591084717645 0.1301662431080884
7.676606598877012 1.0943638805588176 0.19101977512278684
6.353165683185383 1.0798414442566073 0.2132194536823166
7.192381422958377 1.162106705871876 0.030764997232834837
6.951991401019383 1.0681278480635288 0.26077521067009035
7.379776843746308 1.1205362361223186 0.11465645490962666
6.045355438478856 1.1119511605161556 0.12990957031619005
6.485841152327906 1.0912094260980072 0.16890491859545723
6.059581394971149 1.1183408135537647 0.10940539843724147
6.731827004920408 1.1460529623070546 0.03834673403340266
5.965122261315802 1.1321552579287875 0.09088868581790507
6.218049588766421 1.1524835514981695 0.020447868892058928
6.954468515900624 1.125906000560947 0.09054197706654679
7.4445708177266745 1.1410673512887952 0.11673792298386199
6.342568103203529 1.0970859030573692 0.19667976351308888
6.746508234759226 1.1180010154610613 0.1708883734964507
6.984131179378872 1.1272197605825782 0.15382318915788404
6.461022661345513 1.1024750822366816 0.14004493343659097
6.647717986841968 1.118067520163334 0.16760857357467274
7.439760623784764 1.1402558339719557 0.07538347011082944
7.11851168307931 1.0964421118696461 0.2254366203714604
7.06201886763791 1.0718985259844866 0.26149540032781643
7.816580101446441 1.11352917703537 0.18964338376441434
6.694674797973121 1.0711753468939544 0.24585902645189844
6.640540977764729 1.0717539592692527 0.24053397576988297
7.113593667781695 1.123243222189424 0.16554572758929034
7.446160431221671 1.0772951230329562 0.2337419375204196
7.25868903193091 1.0748618246969563 0.2608505680342364
6.942318011654656 1.1502018438100232 0.03416347286436094
7.770472342550461 1.1360045364207445 0.12528098809396315
6.606821596554502 1.0779592944434566 0.23802119115992051
6.951843972814226 1.0842162935919573 0.24318383719946743
7.944747538504487 1.101990785434301 0.2061499276008074
6.665483176014504 1.0928126050357008 0.21898170285788743
6.487873056646601 1.1452791085119949 0.09108989564856818
7.448712109354037 1.076975914362257 0.23715546479361987
6.227529527167752 1.1136985664785624 0.15591272937936035
6.502521049949976 1.0773818557503616 0.21659879989098596
7.904162606852097 1.1163572572240552 0.15269733489980467
7.687242138681674 1.120957007734093 0.12863647926162736
6.837075439394319 1.0766594380398875 0.2494489528769245
7.144028259803296 1.0734383362028692 0.259453174503221
6.860542457503163 1.1304881097766115 0.14191352345128863
7.636085378145495 1.102623753398365 0.1696514124005651
7.531596365266074 1.0993138261628876 0.17323279439994202
6.520944981996305 1.0851758071206938 0.18843637330851692
7.414592784499028 1.0825318485169544 0.25064145099537055
5.941514623218998 1.1500484523354988 0.038090002411707125
7.373489998468298 1.0873783918317983 0.2431564970056573
7.742371004916279 1.092026935070786 0.2308742332041869
7.463738968995132 1.0811924645342925 0.22335793841736934
7.6002620703625485 1.0833911562044858 0.24493527432442405
6.925980047622755 1.147620834472596 0.041500192712397126
6.511178400442285 1.0981557623227372 0.15330347778333778
7.74869025594243 1.1327670744122027 0.13584626945725342
7.477077085217349 1.1505651747992098 0.06950514007390508
7.014975797135396 1.0760607593500473 0.2533304360364453
7.79131979937398 1.1361415894674582 0.11703706985107658
7.539615135457275 1.100896801396117 0.17059943447783765
6.462017520039135 1.1167840565083256 0.16144317856038748
7.638493981817742 1.143019220124887 0.09917178012516611
6.6728673979262005 1.1280385365375674 0.08282641432300837
5.820754584980676 1.161937356434381 0.01031494732900915
6.4751794541210685 1.0866442898622037 0.18665907147791794
6.031410095981224 1.1324161789015517 0.09388934438795583
7.7931215089365065 1.0924069105441756 0.2127710890660142
6.821291064004409 1.1349430802780918 0.06963632231608854
7.025328046458483 1.0784786617124116 0.25048675166991025
7.667466015397267 1.1422343292755839 0.0938708489370061
7.756733451348774 1.0905343035228856 0.2165387809347346
7.396727475675252 1.1292223999808175 0.150209924231918
7.772153180122421 1.133106071945463 0.1128722148978312
6.10627384905877 1.1353100130451634 0.071010726795883
7.090133918872317 1.0833247295006094 0.20242879683103357
6.7374483154058336 1.0889290438488022 0.17992188534772136
7.660624465082893 1.1352976955123968 0.10010981805117572
6.149109774176832 1.1362683422655244 0.09712441407881202
7.840134002403255 1.131181660515324 0.12657817930010576
7.6139512726130665 1.0834784590494708 0.23313822313099777
5.9559176665491265 1.1524196499525152 0.034562343199720305
7.235388776083562 1.0819321976192329 0.21220205937697179
6.069469984561032 1.125348172640159 0.10080098436254738
6.883733614605715 1.1183790339337858 0.10919411005415762
6.6596503502058795 1.1299401105180142 0.13628469754681313
7.089757583912476 1.0821601160948342 0.20699391841391826
7.755546743591086 1.0926194605120163 0.21134822894886224
7.294083692035814 1.0862153339094416 0.2420090648503587
6.431499859571607 1.1284364495183912 0.13159055185108462
5.878142236192227 1.1635666945488223 0.014584502929481893
6.821488321308443 1.0849464982430177 0.23442327231772805
7.295018594061158 1.1405085164630617 0.07259891573461129
7.367545948828258 1.0979374544927785 0.17274010899670633
6.221718080949122 1.104874909808497 0.14574846973717412
7.738413685398511 1.135005591659911 0.10995246473630294
7.6654219432400375 1.1149935631081285 0.14435616619397865
6.196162566541885 1.11764543616076 0.14068185487451826
7.631392669648578 1.0930600039421652 0.19932694095838602
6.936064378218706 1.1568249812330063 0.0544304189910954
6.645562953598155 1.1574409516345594 0.050015124365938086
6.664014357166769 1.0879154975030478 0.2229045384972683
6.669567771234789 1.084138374978402 0.19563485727805294
7.189053035976253 1.0814449502684091 0.21377906972660593
7.289738200569751 1.096385364545365 0.17453755866004958
7.283717498369917 1.1290771338562293 0.14883214012307475
6.5032409576925865 1.1379595678150733 0.1091432188299907
7.700925962028119 1.137665569541402 0.1062021591366284
6.993989996045521 1.0762009470859835 0.2267254600950163
7.630889528146636 1.1200411366998921 0.1716064002913639
7.03492046565643 1.0992884048215497 0.1597252506360929
7.639510557025655 1.1408290164406474 0.10112657192036245
6.079108218817231 1.135439438797132 0.08721411711004354
7.149472064906844 1.1539586901876548 0.06466150172407606
6.0224638274255256 1.1641039960633666 0.01843599858905698
7.819628163420822 1.108036702942603 0.19380507704266559
7.203407652554448 1.1658720759055903 0.012650622515306489
6.79137054185035 1.078297708054883 0.2379383059316917
6.60982030526303 1.159670346124612 0.040417414040071556
6.787199836183493 1.0903679000818849 0.17912592037199349
7.071205715938069 1.1501141183569479 0.04500357243683555
6.658744660977854 1.1118136633535929 0.12291622696373969
7.168885784791163 1.1534246657387834 0.045334608568223494
6.304210300302433 1.1108478226413787 0.12774476862602407
7.3121363750901835 1.0953646344974985 0.17910990363836804
5.993401834475861 1.15993047450117 0.024414761620263986
6.755286808786925 1.129223017659516 0.13930254294854735
7.379515559252232 1.1091699940600834 0.1468859614407547
6.515383677485859 1.0833086118707764 0.21279476535702788
6.381519587996221 1.0927175903716906 0.19510892267549843
6.613982246877429 1.0915096599426555 0.1758441244316806
6.313972673845882 1.117138737937695 0.11181919155924001
6.665565350391995 1.0802466695493176 0.21326646556239526
7.025671601382481 1.1098652475926816 0.13447423008203668
7.163025831411023 1.0775063881267948 0.23158991823271974
6.871025229606252 1.1207144959241995 0.16291282518246003
6.292334232353099 1.1271170892771178 0.08887338371376162
6.62481092165077 1.1227286185968195 0.09767681473943604
6.744977307390828 1.098967789619266 0.20538285331822503
6.523913589917306 1.1396393641074583 0.057637465509146966
6.721684807962349 1.1611662489454504 0.03470622703385089
7.774041034001357 1.11126574465412 0.1866142162520192
6.642167481880776 1.097106318034844 0.20448936757054842
6.474311619388523 1.1225982279577564 0.14468623170210607
6.810156537058418 1.1391561244065433 0.06342498917066686
6.598129398228686 1.1052281264692991 0.1403512179452986
6.773188578166286 1.1073287165732975 0.1893116161750399
7.6556651768408965 1.0956881142797175 0.21809955136866596
7.180722094240993 1.15114365319368 0.052685626478201665
7.3848353422744 1.0890558403665833 0.20203262491105542
6.404921561173426 1.095785088533936 0.16967199869071029
7.100741876068167 1.1557348415518363 0.04610465234350294
7.5428502533585515 1.0869143120547815 0.22395992619465657
7.597946705211825 1.1346772843157644 0.12600460207623707
6.979855857536929 1.1549739202335911 0.03029694747698134
7.002033056119533 1.0893491755551783 0.18822332743990883
7.461624930380436 1.1414381393155393 0.0829208241088273
6.778130913943544 1.0867678070877405 0.1924194806832831
7.096984353255175 1.1547771094877244 0.053802831734464936
7.5697039095426835 1.0889237687038524 0.2183675509503993
7.445965403030634 1.1457976537104932 0.08506844661533673
6.682887187758391 1.0814249191496361 0.22314772627820223
7.6258066132271 1.1336980511597023 0.12757143903248586
7.605765093429495 1.1116859315825536 0.18847914645218755
6.742691781136594 1.15408345691865 0.025366311990153986
7.49545311532216 1.0970974203906623 0.21871323994847833
6.807181942669912 1.0830828308292098 0.20501299782182683
7.124786542238898 1.1299270208422323 0.09246800315857458
6.358649664103789 1.1301033800220237 0.08300910903350067
6.205312062234867 1.1158659421153994 0.13352729633621457
6.422949305463327 1.1097114290862191 0.1678821773072029
6.166214927348374 1.1416398850734373 0.06822088761156507
6.160652091814756 1.15796988142482 0.031775484968577766
6.635467354428574 1.0833652335348656 0.2118301775737652
6.704299821146167 1.1608754424306507 0.03363171483821258
7.547961530434112 1.0959719737466793 0.21791343134151672
7.5726644836265695 1.0995423975585144 0.2116535945288432
7.27115847804588 1.1253624926463508 0.10801064091059236
7.45270536784102 1.1377172510077145 0.09082957391564753
6.262423975002637 1.1129307774228485 0.1453155040166651
7.62753545391174 1.1346981241273073 0.11278067142081574
6.974702167921585 1.0811631120389218 0.23179581809689065
6.638378345614189 1.144793220298348 0.049610285222315746
6.32529960048552 1.111235556741095 0.15461803102391145
6.867811069878327 1.1259375382190793 0.09653533373481955
7.085885386013528 1.1213119097483526 0.16262253812326913
6.99291905079072 1.1363230806107236 0.12119020415960521
6.596180211124906 1.160653687813482 0.032847830554608604
7.665965749544023 1.099027492512645 0.19761273135772528
6.781952612871862 1.1390671483113213 0.10943257340461562
6.072436933896304 1.1576615246254032 0.019511197835215415
6.803468798468032 1.09001230907701 0.18665385099143955
6.56349025932227 1.088507748822552 0.19779953094824781
6.368018214230595 1.1281314058016791 0.1221186109722096
7.145534512914322 1.084653598979549 0.23204007364925808
7.401539024018064 1.118142863513005 0.1309210991671605
6.65252622897234 1.088296193129631 0.19318686458633053
6.790975223955558 1.1022092209229848 0.19686257456435594
7.124117572565094 1.1083319591722662 0.1921568765777697
7.071844832007709 1.1527050054593326 0.06120193740115951
7.693063710302786 1.1269305546199664 0.1369501561846005
6.404105248070977 1.1078544781878372 0.16632625801364415
6.533309031204707 1.0977464347005403 0.1663418407394503
6.670436437999131 1.1602868214491855 0.03327087513561771
6.419409466892164 1.1123986735295714 0.1587530099701787
7.5247826645120295 1.0936313200296375 0.21555171054281944
6.882108023633144 1.1041841347654267 0.15007733569308154
6.76746620587997 1.0863040829815862 0.20074675715494894
7.645575137107516 1.102072478310315 0.18746798303974402
6.433469533093772 1.1475207070268207 0.04239513302858565
6.537382326387174 1.0912699852304133 0.1956969824372102
6.237302851146396 1.1612927650606677 0.025152515403629838
6.776839343590977 1.1189106207569666 0.16051723224791925
6.221693613709531 1.129135542878038 0.09810004376424966
6.759366876284799 1.0844555263654196 0.21089306929755194
7.135555214992147 1.0831214085705174 0.22774875203563158
6.232079733270039 1.1257221294920998 0.10712008540938395
6.331980763168797 1.123477890565728 0.12831818233653275
7.380405404799541 1.1379080808981255 0.0894923061048691
6.583010910024383 1.1412366682041823 0.05995441843066268
6.442943630190195 1.1029712099286104 0.17580339987846955
6.491379523517114 1.1513851957923742 0.05983358005809299
7.046232547110108 1.0843130548990005 0.2138765614437593
7.270875103693154 1.096617427049144 0.21464377686710379
7.208732891222443 1.1162675000545785 0.17432553420483105
7.322658444528855 1.1022336816308387 0.20474159458422403
6.889022949549469 1.1421298619528832 0.06382618032556188
7.456058237521873 1.1164037050724183 0.17414089666098617
6.89063349779733 1.1235996925718634 0.15156486318174492
7.679328413152909 1.107209253812111 0.18513821336814545
6.864683439671296 1.168069257732308 0.01244475841660387
6.793176551105894 1.1381424621523983 0.11037142620610368
7.502883433110881 1.1369624582374516 0.1088928215303281
7.600046303127632 1.1303095633259224 0.12321369649923225
6.470287348989121 1.0978808706142584 0.18118467356856363
6.359622589680811 1.1073429224498303 0.15361808829442045
6.891938495414738 1.150829949349554 0.07022121486185062
7.338756530180817 1.1279434203121566 0.1449013298057442
6.314329610652132 1.1291770940076722 0.09226607526132584
7.250814439148906 1.0868988979486354 0.22401005465548288
7.279142400314759 1.1427029755306932 0.09710691440074001
7.405122206974525 1.121563150834382 0.12603093714991292
6.600145247532355 1.1043450954255574 0.1820222457690441
6.406456528657932 1.1073155448808418 0.16196700293137534
7.388333502307603 1.1137553678362209 0.14373126122398122
7.483924911567234 1.108118450554022 0.19083095439395883
6.63194304004181 1.120850989134373 0.14915338287972524
7.290916427030455 1.0904418682249315 0.2201355552592
6.337450093390551 1.1292128652419318 0.11255079255573096
6.805679835628803 1.0920021374697702 0.21018047495484724
6.4385866155113725 1.1236794265755747 0.10311160580123999
7.182890758459699 1.148262129098993 0.0725092041701607
7.258810277976217 1.114916286651665 0.17625881447872213
7.445455692877603 1.1321976084901428 0.12895847189993628
6.544301703645861 1.162287523612061 0.025364594738804216
7.209382187164309 1.133386187577772 0.09301214011995569
6.594286601543837 1.1393712419025424 0.09967568924052303
7.120918063018022 1.1282653837969998 0.14176682525077225
6.327344824596016 1.1354078566543024 0.09560549027626664
6.5529854222423545 1.0971947113922467 0.18672008975825632
6.397446746836573 1.1352302711255622 0.07850105716822998
6.449776353568781 1.104656280570456 0.16747142728398262
6.914331249348447 1.0991968159445946 0.16714191920055393
7.443845827525136 1.1030080036874725 0.17514027809362187
6.579238082676353 1.0955005321326479 0.18928559115896737
6.724971684374779 1.0924278803034397 0.20386830378375723
6.441666339662818 1.1309939755321248 0.11437006629706077
7.002398238755315 1.0941520510835927 0.1833683252807613
6.8395853494022525 1.1451889811671623 0.08741427246729615
6.391595984016478 1.1177722968202528 0.13932884725686873
6.446149545077166 1.1529904836941225 0.031107360412991128
6.660007877682048 1.0943043908252454 0.18215864258610492
6.7364343495403 1.0925990416948703 0.1868628817996652
6.510181309953984 1.1479153365424954 0.06899614761095119
6.4550595918452345 1.1357193241941381 0.10250889160651251
7.045628730675055 1.1490566901263723 0.07204469963433484
7.543449543008581 1.123846968251897 0.14931408555400483
7.068697365789106 1.088519428770767 0.20618016441823644
6.548380467191752 1.1068881110834228 0.17129866058384183
6.804524647259546 1.0927697173043471 0.20585789866229634
7.424090087652646 1.1302431927315628 0.11207667930694687
6.6353298738169855 1.1265559191615833 0.13359169213431393
7.447299606256427 1.1286736214212127 0.1375787154271213
6.353809031652606 1.1396182693836863 0.08377893730319158
6.615175080896588 1.107821422295004 0.14380099191081924
6.524153558756945 1.1488221996687795 0.06375044713265858
6.836072976864893 1.0934303965498557 0.20557524544633038
6.268586452769178 1.160379563280219 0.023635480325362182
7.296815843912622 1.0964386189965207 0.18943581054936726
7.430665033938494 1.1057693649327067 0.16967232682230374
7.074369591875481 1.1069327452591737 0.1889203201151426
6.8427261434066295 1.1455239509553554 0.06099638249331472
7.103348388133542 1.1109491363161332 0.18092646065460596
7.326506957968581 1.1195627202727287 0.13099181876620822
6.543389327427789 1.1268141485904843 0.09791487134080505
7.234365091892386 1.0918678330274723 0.20982631818017328
6.823680286501743 1.1489199986618046 0.05586887045119874
6.806372945295438 1.149439255058088 0.06848695161147376
6.432374298081092 1.137608004179786 0.09339573951869032
6.91855114713905 1.0910018303561446 0.20723704871498824
6.686606035926767 1.1478770974576626 0.05458191310452605
7.478616303109554 1.1280928423329115 0.13390649220663214
7.33057579068651 1.1014988830257852 0.17763293885253298
7.5673288679343145 1.1160895800578774 0.1617643644859522
6.373429672265775 1.1260943937737784 0.11209078475307076
7.513628303458011 1.1252472107603346 0.13412245338505072
6.775671414995653 1.1162486561817797 0.16072529529957885
6.902576753363501 1.1245702077908664 0.10700567431107173
6.5853142908718105 1.1151931389163747 0.12772669724971158
6.58566216216437 1.1579727248736953 0.03047661893889781
7.37690818548448 1.0997834214862232 0.19872359597390754
6.553388278026315 1.103572493879979 0.16543531234449801
6.483290504038372 1.1195735270973604 0.11897556004641792
6.4332868927777405 1.1563786237084344 0.025466640828202006
6.522711605854976 1.1115627858583619 0.1399070499949176
6.5038993143690895 1.142293684061254 0.08244311131962632
7.508544020539077 1.1077200361881117 0.177046027731343
7.5299887923696645 1.114679476786871 0.15904424368711495
6.313224764606348 1.1610235882197397 0.012784816839693212
6.4604651339098815 1.1292840387237402 0.11390015631777771
7.043014769720369 1.0936276310268584 0.19364147080047286
6.667117594840768 1.1444381887427895 0.08156790769582697
6.921097625925265 1.0966717012704195 0.18095720488691364
7.404512546571002 1.1192057839886334 0.15980108777996554
7.472425639531036 1.1225242416093435 0.1377970782768603
6.696387966109413 1.1110886163367732 0.1391398899023978
6.777145891716435 1.139041691339238 0.07517414653649013
7.439536219748199 1.112029592544415 0.17472260887581345
7.383125417095741 1.1106037592244657 0.17901024983597166
6.922100792560624 1.0948947162047926 0.2002569579874626
7.151072767280414 1.1091165574076018 0.1824752956865063
7.106631436544539 1.1403191789717093 0.08229834479454345
6.966599817090806 1.1172798307687233 0.1619513214356548
7.1018636082413025 1.0940411277452702 0.20089202565098696
6.776787906977347 1.134441076870782 0.08494708110986061
7.0125229121421455 1.1305576367286065 0.128723051247996
6.766504827715657 1.1261486092569666 0.1348895116828559
7.271963455777943 1.0981135423764572 0.1940243449889125
6.539766218233931 1.1164044374654356 0.12951792289266223
7.268576380556484 1.1364034067957183 0.10605250992093405
7.423140745641387 1.1097107365437864 0.1775318949682092
7.114380610238603 1.1409336753717931 0.09472795270291978
6.578820926338285 1.1635320238463973 0.011735231415361463
7.348880052945464 1.1080821240863186 0.16515629525819442
6.763525911615339 1.1434152113140148 0.06925035975160707
6.889399454992978 1.146271993437028 0.07425532507843235
6.5096811294036865 1.1220198389742189 0.11687281969887243
7.323056813294546 1.1027620072389088 0.18052312171700727
6.58997201824876 1.160201508457151 0.022729640155916164
7.292138828082994 1.1263986642141997 0.13939099026199786
6.858170152319767 1.1413905766074581 0.07464413298924859
6.81631127743338 1.1139624988202954 0.1348520069038151
7.273436271760808 1.1008616702898004 0.18630112236262986
6.863943269266883 1.1108027597337011 0.17113358661237008
7.309732082283734 1.108636468834402 0.18021471284642948
6.499821037695273 1.132863411448688 0.09826239800505124
6.663466766258649 1.1063689599615847 0.16383096165776664
6.69252290890125 1.1285200041653976 0.12339067006133107
6.529708806900592 1.126997152695511 0.11621569383637642
6.562634964504186 1.1190859938242281 0.1359438411816357
7.0585487501356035 1.1404429269049636 0.08569815888036508
6.908488720347293 1.1324270002234325 0.11901288408136632
6.884268295812985 1.1216812883831189 0.14667843234310665
6.704424889028003 1.1428598532176477 0.08111081743614167
6.545375439654897 1.1351951272758343 0.08905898543608529
6.9429357617941765 1.1135664516254284 0.13955075559441135
6.934047349605175 1.0995826264601074 0.18162443949314883
6.567018668305575 1.121536402272495 0.1294295130499367
7.342044640940749 1.1198698850994562 0.14148780099463787
6.752616472661487 1.1040211309436072 0.1703325267446658
7.124383412578009 1.1334260366505833 0.10122473781055132
7.1621243422544865 1.127818403367888 0.11489328844403103
7.120271086638466 1.1097704249161602 0.1558558737397838
6.981911798572083 1.1016946789772168 0.18248929648088033
6.998361003693574 1.1121460706905297 0.1681274096912746
7.205800232007302 1.1163960382238103 0.14341136172634825
6.87080844131207 1.120715680702608 0.14601038208794298
6.608575627300063 1.1279372395523755 0.10759696245235795
6.641637156312175 1.1314961820834752 0.1087197323417186
6.828103883046737 1.104604441371626 0.17095452785894175
7.103413622920661 1.122853625907222 0.1242428409122685
7.018723958842024 1.11305192588019 0.14558553156134107
6.850568346225225 1.1122695727875374 0.162643336180902
6.893522263436962 1.1048416436986346 0.17442766425431167
7.238617988237559 1.111995160552383 0.15878647343086572
7.006365660081542 1.1075527568812957 0.1746734674724293
7.052429173761407 1.1088109757376372 0.1730236625799858
7.264261011258748 1.1162446864989382 0.1545453440864785
7.221333638587733 1.1150407894285905 0.16000781381121368
7.095166630947901 1.1181182613703715 0.15425508838642493
6.913982616732962 1.1372090779596105 0.09515617904348007
6.859361057181902 1.1120635044072895 0.14846299219370188
6.857368610524009 1.1337372744208742 0.10777459948270465
6.711347913094668 1.121831742722948 0.13106783191979135
6.9483675711878785 1.1232911808753387 0.13791358619268215
6.905031325717765 1.131314928543035 0.11360644154994737
6.753008033692867 1.1299378483849387 0.10806850483996909
7.070303641761676 1.115616703656951 0.1556766547807207
7.05017142737595 1.1254511808132448 0.12277745837344896
6.798759098350461 1.12336703198631 0.12369950258725992
7.011816625586228 1.113241476525186 0.15545066750714467
