mlo mup beta
1.0918151592714933 2.1221963664041237 4.8385301492119925
1.2905254128465935 2.614959708618427 9.803106164841523
1.2035742491426962 2.1362258007726886 1.7050766847723597
1.2194796957719296 2.5329787729307096 3.2537733778962057
1.1064949871567822 2.0566622915198827 2.6602472312046075
1.1063262517837356 2.1343001283696843 2.5141474704976456
1.1487747117357392 2.2925611868830496 6.3892362987519995
1.1417060471455882 2.6502370684511387 5.635574317220648
1.2840394027298756 2.2136340210313 6.56241078315632
1.2294962412643282 2.3494871744100543 3.182923999038035
1.144345211020121 2.8514840509587724 4.69896127891279
1.177975803305174 2.5056458082412214 7.694682052694974
1.1313674444610493 2.3687801604343783 3.2800642361114374
1.2839563681197157 2.8820029888336194 8.463704272940126
1.2349161266466242 2.1404108476497994 9.729939656287913
1.1792175013744808 2.3574282855293704 2.8711672393704744
1.1662536063207156 2.7734433792578512 4.105276473485038
1.1526475752634338 2.039695325903896 4.1171004409545695
1.177126610033542 2.643764745812687 3.8236686782962472
1.1519324578738117 2.21649067154387 6.023384661933683
1.2635393981224166 2.2591863044102034 4.539369854110854
1.1537426613463384 2.792799458183495 4.849062340846023
1.2464186315743262 2.025927637915243 4.788671688213338
1.2487582547399483 2.032351771005533 7.464310148001557
1.2411470673936857 2.1191055012867452 3.3665518402729724
1.1696065275459246 2.7354151811249974 4.339077625055275
1.2274810624723456 2.779423892219402 9.59512632068018
1.1570449284566213 2.7536307757090523 5.411373491892697
1.1762320979469 2.2932888436562893 7.098120288144141
1.1568675141133393 2.4572590195299675 5.913012402620515
1.2324163592106845 2.47825071275862 9.698385663271555
1.19004393616422 2.0723983934643684 2.589876162220852
1.194698131152441 2.6121933327884763 7.985835824371815
1.137113040398393 2.319803568914526 4.488830661960318
1.2783404305575974 2.4921838232952767 7.79528111671315
1.1759506557509694 2.1285434171479825 2.5091806334291364
1.2765749224634888 2.2972527538309864 6.526395434129357
1.2237459067438674 2.4857869649530757 3.9369230496607006
1.2336422257899207 2.458028950071985 9.658985301477532
1.1549700290467895 2.3619416241573714 5.764506087172595
1.167572954820686 2.089949608366112 5.527100606317054
1.1389212667703588 2.158947373227403 4.302783551702266
1.24578808421665 2.893222370614104 9.81966272412255
1.1729329867260738 2.6089329824192458 4.225719407629281
1.2699579315187604 2.6928569394509028 6.51488556342262
1.242893776003635 2.8310056015520852 5.039041037701514
1.2482957363965208 2.3270776726493096 9.8791838075
1.2561015100359383 2.0473821964940386 5.965222132339708
1.1983532818349307 2.694874223191441 8.022582947587903
1.1880690578130457 2.822926954779799 7.3883399606972215
1.2714623334210065 2.516694104059065 6.471873617004997
1.2749992086647766 2.670467159072282 8.389722923118319
1.2469234024729021 2.8651091534901036 9.713948882388172
1.1432684685055718 2.130087754379922 3.833060049736291
1.1621715579761365 2.152357161210187 5.655759339160401
1.1950378744050223 2.202316292458351 7.622475630603255
1.2260188392761182 2.2476459968439775 3.3680122563958683
1.2748549201153716 2.442100755155906 7.119638322937838
1.1437277410420867 2.305096634747297 4.505181575215346
1.2735199008871692 2.896058182651972 8.1016118861248
1.2551213583122962 2.7723063880535475 5.622430242175595
1.255302847274041 2.1612134948981456 4.49204423867914
1.2755714403588374 2.331694635760049 8.370282753735326
1.2723776871777472 2.864459486671305 7.531278287112599
1.2700476542465522 2.3935489748185654 6.208734820109488
1.235405638453207 2.297818507081427 3.8033822286850967
1.2396811987299206 2.8627826977004434 5.120506205392418
1.1876695453716597 2.746678951183556 7.186837407141864
1.2308066676218874 2.6923427550214285 9.26937237637779
1.241494410850352 2.7748676571548714 5.1000426937001855
1.2161597520357574 2.8462633344835098 8.68879876519937
1.2589210022289172 2.261127299054935 9.457339477035568
1.2382625346499658 2.8627252649048778 9.422210732059545
1.1728304481940532 2.6575353904014634 6.146921570786734
1.1636876099355447 2.467571667299744 5.775206046431093
1.2287701051768938 2.7665439449425535 4.771042291591932
1.1966997785570808 2.8222374172183446 4.657125909788411
1.2553693071930887 2.3515377301635167 4.9121287128615805
1.1902068424233168 2.4486833215995913 3.8534955629571126
1.2512150861705988 2.0755608230354237 7.854428421903762
1.1619497542685895 2.13005480865347 5.1797295992694625
1.1742130430035083 2.104539309261181 5.612415191497602
1.1598003135344106 2.21763037270578 5.541709778440886
1.2437811340967773 2.5073633157068285 9.472712358231334
1.2171363260585584 2.4165901300704244 3.893544497127122
1.187875265718101 2.2819984329969745 7.232507008293197
1.2232302807044926 2.0319662305584845 4.433984129932334
1.1524854744464406 2.3182502771817357 4.918324711680794
1.2511825412067425 2.1837368923963116 9.111716179150665
1.2101312039653336 2.2548324456889044 8.240488694108633
1.200229623607574 2.6486784689528564 7.766360749022617
1.2178441928673225 2.775035566277932 4.718584601533454
1.2206197377536938 2.5977540303897335 8.774937948802323
1.2540421976088774 2.075642620136703 5.500308245616498
1.2718372194581595 2.383273066058883 7.0040081101449925
1.1496418723191213 2.2751352981053525 4.334203537208349
1.2634607644958824 2.8277140203873095 9.026155613365747
1.253030972582082 2.105874092977051 8.174007387016879
1.2493853661206056 2.1132884522006763 8.388610626237128
1.267249753805344 2.605527226182566 8.756601128443762
1.2623275682789634 2.433898079548314 5.796972303426918
1.260100707696598 2.1233383414431257 8.059578316174306
1.253015753868804 2.8141423561017387 9.295300702351913
1.1930289971659966 2.280890889103193 7.383573616636818
1.2011494904994109 2.6190084230611106 4.4447766253529135
1.203652095839462 2.071600514507468 6.51271791434327
1.1907924413631292 2.0779667474730563 3.2729554010652
1.1776886439597107 2.761964415965638 5.939206841141965
1.1597731800877933 2.250722845495436 3.537119575738677
1.2491316841369018 2.856386944844114 9.31058449836955
1.1703581986738822 2.549729337077488 4.883284508981713
1.211823759528284 2.77876992201731 8.217491051805165
1.2567775953630358 2.758741393266587 9.168647338193594
1.2508471254882547 2.662808095893353 5.55797038633626
1.2418731417920994 2.433810681396071 9.24020202031179
1.2119120499446345 2.4951830701338635 8.258720513649205
1.1928858624893954 2.4652184025667543 4.098638887513058
1.2278961709382383 2.655971090668192 8.883179459307701
1.2430023657135578 2.4887845279476473 4.896384300484534
1.1862032980825323 2.8669219954950522 6.5023012064289
1.2396325877916574 2.229052829006832 4.0600491845021605
1.2212886892876849 2.543508031627538 8.655303383832647
1.255730686447047 2.4207143373155793 9.189786340957323
1.1785209773321736 2.4714135113698017 6.370138589265332
1.2625713696144385 2.8293902347126663 6.740052587097127
1.2666429440142464 2.8443537943230757 8.091004378617551
1.1736712219626413 2.1284447970607374 3.2825728473527374
1.2671762511422089 2.193691770751202 6.4820031013333725
1.2362017058599304 2.763556488807052 9.014909347196493
1.1734243731384553 2.0844688697508738 4.149945478661211
1.1789832402655804 2.073528400875962 4.02466641488455
1.2644480344444307 2.190539949982232 8.169572327997772
1.2290403019368392 2.0895027723012163 3.825765880849575
1.253492930351702 2.4945616616433366 5.502033138708953
1.2243874810703081 2.5050200525004778 4.467237100804699
1.2545432524555569 2.8331843318636567 9.013730780796532
1.2465244759863732 2.2156844640825133 8.929381623531418
1.2116508148086647 2.556954594046946 8.101291869374185
1.254439381092945 2.8697034338425356 8.98278426725469
1.221636655266677 2.5846611368381316 8.566515543071787
1.1891053359073016 2.779761944880921 5.115945348327587
1.215900442745576 2.856779095598845 8.247575663606494
1.1804334230919826 2.1438631613060863 5.958920902432418
1.1638201474434224 2.230339895215684 5.342402598801428
1.1980592340154845 2.4406722361067557 7.4531697344764165
1.1894660174345402 2.8343035185541483 6.605795417461383
1.2054346436739314 2.402134678210124 3.996082272321896
1.1787044382261949 2.1404811861717357 5.802274387985216
1.176652886503326 2.504594710465386 4.6779466051246885
1.1856483870221393 2.8598184685139536 5.679181887450147
1.262119327365109 2.554261596418397 8.710555044786641
1.2611007442676367 2.1284952941923985 7.157938832439891
1.2127144987992453 2.8006942885310364 8.050038420858083
1.2644852224825676 2.2729440752140526 8.469139792696687
1.253913670849113 2.2033414978298214 4.967768497359119
1.1973269917151408 2.685855787982157 7.220067560357958
1.2609638584241516 2.1583304274599606 7.911989720067208
1.1739340072365276 2.1148745639511275 3.604192849031673
1.262333342968152 2.4913098893106813 8.685059173633649
1.2349420876422779 2.3417879615587767 4.31635355574463
1.163251789852042 2.33020950450231 4.3279067007159195
1.2218863209214756 2.5483522914462666 8.512698832631598
1.228979432215206 2.8160399502634865 5.179455927656058
1.1630303379972338 2.317514487883952 4.259201526178096
1.1670195870648477 2.407572026828408 4.93433437425038
1.2553455528511124 2.096637878044689 6.516212288865992
1.215231877680894 2.738114882159333 8.162773557629276
1.2250866647152956 2.2461460621680027 3.7748448771945817
1.2609460568109099 2.128774240685424 6.759536495513888
1.2418608222770207 2.4012629818632476 4.772421210373233
1.263996401152983 2.1711850240583384 7.493549368854881
1.2629333359571049 2.386185612261327 8.663911833274291
1.24953273717355 2.706214595708543 5.776361332584155
1.2534949227881858 2.1332391594558002 8.001365994508898
1.2303922539215053 2.172803171129614 3.804919755508248
1.180726538902108 2.184311169851621 3.3652726683129828
1.2336460462328651 2.707077102728176 8.78677725333998
1.2313732080362345 2.571425518258576 4.880726231672414
1.2650935935674998 2.2401137605091184 6.310626739665787
1.2375782390641321 2.223661827625047 8.742159520719973
1.2451245537391262 2.2257109763285845 8.78468939038659
1.1788913081822074 2.549915890390646 5.029287078632786
1.186207211249975 2.1328531141512275 6.0220187378261105
1.257051500400226 2.3266208835878652 5.489050033988823
1.189415379958158 2.2250659725348383 6.744586056559651
1.1701644132195392 2.394290376209268 5.421172858873916
1.2475126789908755 2.2016754140892907 8.690353811278328
1.1894088805522884 2.7282243443239533 6.456293704758053
1.1683774233056958 2.3312506396190353 5.45477708598016
1.2628871590423305 2.495878196398655 8.422239118094835
1.2473819075532033 2.507855513359078 5.35387036060191
1.1756104354981967 2.4864633662493403 4.973023080873059
1.2020561383480999 2.1146124048127946 6.6455383037229225
1.2410558015416373 2.1605063227211527 8.357861020715287
1.220911924103464 2.358242642820818 4.096948330718105
1.25661557199441 2.7010162751301974 8.619118023863818
1.2599706765458247 2.4367455261943576 8.65088484914191
1.2085248878641701 2.799619216426925 5.0949612653791405
1.2539904406887068 2.645569413681343 8.766414357246386
1.2622421913688506 2.8124401732585653 7.860227729429406
1.2199994471075137 2.5246402965444306 4.593871391485166
1.2053721947972296 2.411152325880663 7.664113882378228
1.17769341529398 2.255983240583525 6.072197289758298
1.1718572426195641 2.260243691683616 3.8325115109100967
1.184583713691374 2.6737328491538626 5.814417223794633
1.2520762470022175 2.246607261352974 5.006958689811981
1.2458372679992349 2.3431113812534874 4.867627954244087
1.1851688575215045 2.1525979738285566 6.047462333911117
1.203030563827935 2.468096650513731 7.507006410681331
1.2144110360982294 2.267435710589911 3.7323363174459026
1.2637039014567146 2.3704248762509743 6.459072800703979
1.248586791321778 2.4610618035365874 5.350461855023342
1.2112111336174127 2.479006217873347 7.895012353310493
1.2503767549170948 2.8988298916041035 6.200332346825263
1.1703078928394695 2.1752415658572657 5.139228244121929
1.256063244808582 2.578763301131371 8.63097080338775
1.1843347985218164 2.0932726574946616 5.042468081688762
1.2656672954892174 2.4195200028002484 7.270617715985514
1.1831541912027548 2.0908630633664225 4.780233198531127
1.169713202774179 2.1424684116338546 3.991072546649127
1.2259110887426996 2.263899068859272 3.956211556084524
1.1903707450427485 2.7861427686266067 5.630264440283
1.256199674062355 2.5234675738002084 6.1156409470646516
1.2084730748649637 2.410458307847766 7.7531065807462625
1.187835793769333 2.630239726895971 5.161145475073884
1.2296078204360015 2.6012738865891682 4.997056025641847
1.2167332715293546 2.050206280392919 5.019811089623325
1.1913306911798471 2.21522623857555 3.5366525927545247
1.1718056340047511 2.1581772315312593 5.016554074471648
1.20376277827213 2.2747338352626842 3.7209267530081913
1.2258738710521806 2.787653454921342 8.388338898725301
1.2540667455126913 2.616168320500724 8.645272928609836
1.1800274435245295 2.533446973401291 5.43437940757644
1.1876306772720713 2.7051513090850454 5.7194525537967955
1.2371237510607072 2.2348492598434255 8.618332444287864
1.2414680275575054 2.2648059195310357 8.734925023202539
1.1984506314753585 2.6348974253066766 4.927547192407049
1.2051308996417358 2.7950871153698573 7.352180805787485
1.2253587471533043 2.803175106437968 8.356766702593971
1.2232939859813146 2.1177886478465444 7.520157022275466
1.2131794048784201 2.0981411229876983 3.7462135011485316
1.255047409280433 2.602229396627686 6.237640266375545
1.2047132479777412 2.6802738056685174 4.991450507219099
1.233075842866172 2.5080483183819435 4.904042718396825
1.2188287143750762 2.6906392992325587 5.016075520939605
1.1948539929311137 2.1314545266460834 3.5357048451725746
1.2220170769702607 2.090414488217477 7.054108615944253
1.2555882819819888 2.4188532713540294 5.834938787289806
1.262825792044559 2.5540656425490456 7.665259031116227
1.181424525537642 2.510284575034537 5.065121092238254
1.2598730817848154 2.8192885767376152 7.770129414605275
1.243885409446317 2.094169394562943 7.162192554597814
1.2587004829421187 2.1594345364900933 6.1699176074716195
1.259138017681142 2.8897232318181394 7.466102810154442
1.2033035259727054 2.3827270256285615 4.156134898447778
1.2600541386752606 2.5013996295115786 8.286315602000077
1.2490615308064221 2.2871676996981343 8.760817939325277
1.2209515804797892 2.4765614170529475 8.268248842397204
1.263827783871347 2.402908873674072 7.8230568561247775
1.2053285443801491 2.6048834225575512 7.398524868573919
1.2518594280503796 2.13359113539297 5.4710980869613355
1.2600972801355232 2.6630545667588224 7.219705118124809
1.190049418432323 2.32610261286884 4.002638127479452
1.2332533031708897 2.065731535975254 6.248105941949367
1.2584697623407548 2.888336131400619 7.547660842202697
1.2401954115065534 2.195978022375588 8.368937482036756
1.2561520922127585 2.183813452384427 7.914191198682257
1.2159856640551423 2.722681499859662 7.891413929192497
1.2051052884190916 2.1189842749627013 6.60960937435409
1.2322526401972356 2.430443531106312 8.558154704726892
1.2557752342204507 2.4814485909372754 8.44350178342244
1.2514300099681943 2.726658774495065 8.49792290619406
1.1890639977977295 2.613257887278486 6.112071824988734
1.2440409205828613 2.581253074662295 8.649957653043705
1.2337492940037702 2.4245449627345166 4.774892896559809
1.1746928948432476 2.387317011912626 5.097088069204512
1.2003676950448368 2.6765983590757374 5.141559807914952
1.1728317584192893 2.152985427211737 4.558348230696552
1.2639559568258563 2.305405774690478 7.546780332495601
1.186817083733291 2.460807568030702 6.268716901406474
1.2637835394585428 2.337538595052526 7.069505353699109
1.2278517233888406 2.0615813950631456 5.858803797634037
1.2161928036825334 2.4426430140325928 4.479849968215664
1.203469991485242 2.551050540268792 4.803074322493073
1.2238579814315267 2.8289268391297355 8.149902096326102
1.1784144093292634 2.4341479948684173 5.188917468254097
1.2169468518864388 2.7732996962886616 7.877068541999501
1.2030035553586376 2.830910433510849 6.982673831577046
1.2529015460935917 2.6247413130081574 8.424144322046185
1.1895452293897646 2.100097150534605 4.104279141504806
1.2512699001632441 2.5866266898731283 8.519081168409437
1.2131824390629171 2.748184030590017 7.656592751859026
1.2089654674618162 2.0655760679142308 5.03055541741821
1.1972916976753107 2.85314178647313 6.398362174100264
1.224247752552862 2.318428691065935 4.224918812740038
1.2103308244248536 2.4236099776146656 7.658420807528302
1.2128702756928855 2.5518206013019844 7.72866139052727
1.1893376829786833 2.094499255080631 4.788257802797084
1.2288125575222733 2.760384441355123 5.4133535555849726
1.1949058607849707 2.33445786270979 6.861003411632886
1.195233523068105 2.5886755051525343 5.095789606230744
1.1951961188266482 2.700925307843445 5.5174211448830555
1.2059334555682142 2.606444993563038 7.277078009772977
1.2315479049379567 2.0896822175289476 6.914236720681021
1.2531498793858393 2.783333195917044 8.223805126573613
1.213308675941459 2.0641327422635 5.028271387492852
1.2156987052517125 2.5654114869884923 4.872836823464402
1.2405696732479412 2.310046805162545 8.583375338073612
1.2575908363723987 2.333362933182441 8.273958631130254
1.2139388823001203 2.2375916711433477 7.694498561507142
1.172695898664104 2.1969109891617093 4.877340787021932
1.2573038721769274 2.36400280638302 6.097331158242795
1.1888405950248722 2.10981216165288 5.231700997623861
1.2532446491948208 2.4655667723863424 8.423853140375634
1.2589065286650962 2.4666751456387486 8.000740856979288
1.2052370597155242 2.8973805462801954 5.6410270240584754
1.172431204492003 2.22581735683404 4.955874216197193
1.237705195849972 2.8556941324513105 8.384384425004162
1.1953457104429996 2.179613773535234 6.475907549854087
1.2048740313389623 2.5373379442533865 4.837236532671795
1.2371507983133552 2.120107068691277 4.609481525248631
1.256449025356327 2.3936930974055413 6.141117395191943
1.2447303919059116 2.633519304654717 8.44822887244227
1.1791023906500993 2.1367485605636705 4.649528587974995
1.2060608491963767 2.6942296380097246 7.153011926561188
1.1973134131214087 2.3482250301077494 6.949883503151105
1.2140745132516062 2.8056922129574735 5.392580450509351
1.205320699555074 2.521592576136773 4.791049502478103
1.252216698282342 2.5157851736891192 8.37694975467882
1.19196161194333 2.437964883420388 6.495792570786611
1.2326823813435284 2.36142939627012 4.64377704841279
1.1836529955822281 2.4470332349469466 5.740765796235555
1.1779857262201363 2.2315992525858905 5.562903358600179
1.2333078071533452 2.592740720629128 5.308075339338574
1.2238855976041183 2.3774500200134403 8.199431122804285
1.2280035007196286 2.1199854012792336 7.365360087824211
1.202491982800231 2.6191626073526457 5.125280131268635
1.1933896305007892 2.33218044668185 6.679235588013347
1.2310695215785366 2.652634998373041 5.37341580165435
1.2497928192960694 2.2178503274898205 5.183889332012173
1.2459687387958231 2.161402898362779 5.027915453197945
1.2556515564766946 2.671757594937083 7.012100796183033
1.1761466448888354 2.1725124035041774 4.279199176716585
1.199270037980501 2.82256836564758 6.328045540362728
1.2567804614534843 2.4582277052348998 8.081706947670893
1.1850821900529325 2.4483907574607047 5.789594343185829
1.2325236429227502 2.267180783191736 8.3222370890931
1.220367024128964 2.7821234951870126 5.398490672107544
1.2395965422526016 2.1159353236022898 7.27411730663604
1.2218545905319582 2.48419034642656 4.79113947587407
1.2465844415560976 2.7745422689432115 8.288815138337311
1.225336318789303 2.163514137031949 7.698610304812108
1.2597176158088124 2.477025445610033 7.256811227406269
1.198162646749457 2.274337970944604 3.9435939856141253
1.2027673401584478 2.2652038752667965 7.136343157455723
1.2141332435009844 2.4156967958399433 7.745406754858516
1.2159566829883115 2.1500753290782346 7.257939560247127
1.2585818971021696 2.5245754585740015 7.3591198315024595
1.2228006650360588 2.564492801112327 8.05355009638713
1.224296718735064 2.6360870845809385 8.05213079579434
1.2519339926227522 2.165071744730411 7.592809359917277
1.2199538530395386 2.5171826065181 7.964302021734067
1.2553475232577833 2.6162286628144216 7.881186905490988
1.2211515044150834 2.5572946675666426 7.987440436424922
1.191250697826677 2.3318914571169236 4.230464080192085
1.253526341195264 2.8924358982625584 7.535328061461577
1.2526584994524623 2.5595487858196684 8.211153956637961
1.2557416563396768 2.4572558132577753 8.06524490543768
1.2288422925967348 2.868718220229512 8.104893215401683
1.2453720957885441 2.711567010721516 6.151794597447282
1.2219661870857013 2.8773856187716857 7.867998591741905
1.2504888533893612 2.8988224509374048 8.040814311453904
1.2590463108370886 2.4788583489725204 7.257422720009169
1.2073036191332376 2.736898346106817 7.081497124347649
1.2173843325767097 2.815979330232365 5.4787546617697505
1.2086845361744993 2.1496510264065343 3.8509684753430697
1.2219126293042022 2.65910894630838 5.248123633526653
1.2475326546868577 2.659976337929322 6.172329945042405
1.1812404806239116 2.398504150794999 5.091064152672841
1.1979004044080916 2.4924572232174413 4.850417856591273
1.259465972735099 2.2896535646971037 6.412638370357614
1.1958933590513976 2.1098869156330746 5.539981003712089
1.252509258164136 2.822768324654811 7.833128018597515
1.2172425224479029 2.5421837351321104 4.933287944302377
1.1918218217011465 2.3734401373859297 4.453186466232687
1.2377339819119002 2.3592813095031 4.882314351172587
1.20171186852617 2.341741705989923 4.233973685906422
1.2567063682775212 2.4289232215686525 7.942478925284268
1.1861627219601756 2.280502169847054 4.134325971808723
1.2537094993398747 2.7781547282177783 7.270414220847583
1.2493034018029285 2.638286150035862 6.276172689226913
1.246062413668993 2.214039718718864 8.123100780547315
1.200978444613234 2.3985937715645513 4.4806330100046985
1.2208158063708914 2.4547730739862375 7.972694264176518
1.1810604185616802 2.259452292386369 5.685118061699264
1.232355720014237 2.534161513641032 8.248643145158049
1.2594951842554458 2.380071624435475 6.907463755066946
1.2442779653912812 2.5882066908292076 8.293230233672421
1.1826076819393692 2.3349021455256165 5.762984367941415
1.2524558101477368 2.6906677505718584 7.863734674557232
1.210849435127302 2.8284544611906792 7.165309273198181
1.2225297323742468 2.309488127143733 8.030343169005592
1.247132897677728 2.5261915831583153 8.30836958002895
1.248951503961946 2.1392173025889303 5.662176074992757
1.1823613932649786 2.3923670186913664 5.166335706985418
1.2510055386249979 2.4403187067141543 5.944426595703584
1.2175531887120188 2.398229753775514 7.832356371972173
1.2232367400797934 2.4123133131401775 8.046453462737336
1.244946543730322 2.1572422996030256 7.608611779210657
1.2515998252019755 2.292960819265119 8.229653134099763
1.2423038194242795 2.8077758921202287 8.130653229990433
1.2263508266798024 2.490057953884894 8.080435953783505
1.184252242953153 2.1633175077070352 4.142587326765257
1.2264823763653367 2.44602635854768 4.872081083446188
1.187318426191932 2.1712885643477833 5.654453697146668
1.2536477115763163 2.6802660344493727 7.509336383532984
1.2532128139294965 2.5274978524656735 6.518014631661353
1.1824263231849563 2.1826595899076153 5.346518760172938
1.2494439736972107 2.7701181431784456 7.98065430345051
1.2389189381347057 2.3638565265879476 8.351400955618978
1.2017204834125517 2.691509121441584 6.511766544330561
1.2115636327522226 2.1651322710903034 7.0073211857482125
1.2302557117881205 2.0876180025457005 6.369768245120303
1.2131905785968438 2.3151315612202232 4.241513075644042
1.2246749085699602 2.7559124605952086 7.86168256125192
1.2073836474798978 2.8594231589304115 6.748471967085662
1.1767833962893537 2.248124899415802 4.929131375939249
1.2048853981215577 2.571697883194406 5.1639556891971665
1.1830785720822297 2.3375877992611853 5.681164497487384
1.2136697831707812 2.55950817477713 7.481960440117959
1.1788073356733748 2.21679901909041 5.157085618604068
1.2501552774043228 2.4896330969074802 8.187221574085473
1.1774877919701474 2.236730916823894 4.557627407002379
1.219035027468415 2.1955018258274124 4.032029796973765
1.178260701958016 2.243936941380204 5.1744018393498745
1.2064333763890598 2.1531955589752325 6.631821630510869
1.2508147336673396 2.234240356254167 5.496253241507022
1.1858574561986754 2.409544969400921 5.537227300953578
1.2399189631693497 2.8602005776640196 6.217457824899139
1.230385127297326 2.085822085882988 6.195756763076238
1.1882480963968203 2.3538024592947364 4.569525642409468
1.2005806982441807 2.4651919362375416 6.777599944471461
1.2589609121529695 2.3431764504115877 7.086976291015105
1.2041454592081364 2.7555575559911096 6.4650093252130105
1.2242474493139213 2.607196080468648 5.3130759766594515
1.2060841912734772 2.844071873048411 6.117993281593504
1.2155588136958397 2.75042172065203 5.542877517788519
1.182926240539203 2.321314498126495 5.605086984927514
1.1995840446097426 2.2621770003741206 6.768129155880807
1.2091013455007693 2.880124635207663 6.726615945212911
1.1935063818087228 2.434230092160113 6.262208183778968
1.2391450497766687 2.519300815652678 8.204687988472356
1.2085123123634056 2.660316792094452 6.965933210998042
1.2110447243329767 2.5216807697687376 5.021181202451384
1.2406629103680984 2.7011227657521264 8.085700864483611
1.248762312970363 2.8465484734929283 7.73928168778027
1.2378756939222553 2.6026491305694335 5.711710362815525
1.1922834386245875 2.493481012626965 5.4847364215677015
1.1892478527389474 2.442969869607771 5.715999318219284
1.231280044518903 2.280698659435785 8.105676702405637
1.2543416413704223 2.379284378640786 6.2619017958384955
1.2064328860140365 2.597138707122725 6.902407208662991
1.2125795981512257 2.832862125679643 7.08315522699489
1.2573540148785127 2.31779874978522 6.611236299552695
1.2239478551526943 2.2249332308008047 7.7819249463991
1.2409367149581978 2.261794779358001 4.924656451804427
1.252895084918128 2.4765207995187577 6.497627157533271
1.2337791044801576 2.5483124400480293 8.113959240995118
1.2270364713108584 2.2416072634134903 4.349982656110647
1.246559459060527 2.87530774456501 7.748719102153242
1.2025053725455954 2.232775867487263 6.816936700832702
1.2360900378046698 2.453776237330683 8.21102152629525
1.2501361357098895 2.2032294174875893 5.5818261465348336
1.2121248904695239 2.867329811797602 5.898078268203703
1.1891865980316392 2.323277018131254 6.085807327013542
1.2234376181854496 2.3606832053916267 7.947354669499839
1.2416209519713512 2.340367978808383 8.246038403033062
1.1999991195656075 2.1586861666846673 4.013400894924651
1.2436060189041853 2.5146316351717792 8.15458439600488
1.2422809178907757 2.536918207300264 8.12185759167872
1.2476884122762562 2.133593039392454 6.118300258476259
1.2511037515965748 2.696547499220915 7.552311939705545
1.211511688253559 2.789277942967627 6.973851098654954
1.2458848595375491 2.895614646555678 7.712057799585191
1.2093431821850984 2.8608649237001123 6.132163393754734
1.2089598961507018 2.8256009391636248 6.014778234813072
1.182385264378738 2.2766347327511642 4.524735655706099
1.2267870450857425 2.4053853419693993 4.850778557642604
1.185199074107691 2.163123550847478 4.944002543005249
1.1941157300629088 2.18426095542219 6.042221700152481
1.2362215212708474 2.422160304091708 8.199227077080295
1.1945171545092443 2.156406330866154 5.811998160307629
1.2352904161779592 2.1546509846310595 4.70293172399561
1.199337726187632 2.5565402277198457 5.431612929379414
1.227276458183414 2.166013447210095 7.482976634132809
1.2478795037894705 2.139971704459347 5.994127137776536
1.186189961089834 2.31488368479349 4.600914252411211
1.19439839172559 2.5079923735827094 5.685126444470139
1.2085332249191225 2.098125523614357 5.572368817085783
1.2140074069189848 2.8004903832690693 5.777098942318958
1.2116987099333256 2.347300958386558 7.384259685504338
1.2454826355169384 2.3598364927314046 8.167605017520168
1.1945494209851508 2.502202316047629 5.547761488296668
1.252803696009574 2.5331210463206904 7.5553893425529
1.2463422195543554 2.850942573513061 7.612330612794741
1.2127378874560022 2.636968479962994 7.186441624346973
1.2417077231444387 2.7697504708513034 7.875417761641346
1.2271306760803924 2.1782160151240317 7.544384434457845
1.233112318141126 2.0984747960431878 5.3047921168609715
1.2020364742467031 2.6423870251107315 6.150448316658036
1.2484405245364725 2.79009640433773 7.109585129501589
1.2421307817622798 2.7879640004148327 6.46352863654141
1.2263109236638243 2.7280035811507073 5.713800446915441
1.2022511676110343 2.3414016874098262 6.8638542155244995
1.212529579640208 2.679888430805602 7.104625764585105
1.2132883410530488 2.4204547627682205 4.751913205269105
1.1994994893076163 2.5907042449893343 5.8644197566603005
1.2368732729636984 2.582344475591783 8.047811645710567
1.2473360800412525 2.6805500675001 7.790580365259668
1.2256694191462758 2.8567722959201456 5.908151458546341
1.2383556384144294 2.6234967879376785 5.897543912216024
1.1972852620055243 2.1987482140555445 4.067622296545995
1.217551663644554 2.110834345710536 4.430669373199297
1.242282976261698 2.140424431172309 7.075883317111401
1.1881883203245431 2.1942806303699296 5.599257448923948
1.2538588010879381 2.3298877673385343 6.210577084507131
1.2045876448710882 2.168165819927901 4.074429667224127
1.2103050623812601 2.8163911938067105 6.625001680259089
1.2458223385262621 2.2383628713581096 5.31071084218436
1.2132306254404903 2.7675677265272007 7.0124791490818605
1.2014558289082955 2.499329099957081 6.552395526984565
1.1880368240976624 2.3064304404532328 4.564072470194841
1.249070144235728 2.5098765368167655 6.308734036592975
1.2124382411311485 2.3484394740593024 7.374592261263011
1.213602787714851 2.776876728989861 7.024872022605756
1.2409298915690548 2.8536730433476882 7.75824618053154
1.1975277766570687 2.1231494862522924 5.311542601061246
1.240679194221697 2.3882080577480904 8.139612977648339
1.1870053168046004 2.3663085688906182 5.202137833143947
1.2265679317566498 2.493505788638646 5.19859949763784
1.2106988672938817 2.8407720933385816 6.45671949474055
1.2539613762913937 2.2178458648905752 6.403325119084936
1.2069778081741633 2.1103757722937653 4.550604594011766
1.2298292673524476 2.5407828246019095 5.406486632724393
1.2485354148880792 2.152520819890674 6.773422962328333
1.2525992701141173 2.300230776739701 7.80064251520527
1.1931925210408436 2.3233068807739725 4.535910352570955
1.210624014384718 2.8004785154950884 6.125526966314233
1.2532632932862198 2.4044745884352774 6.541544379930954
1.2427920847427458 2.45153110053835 5.743189805214003
1.2510284201695598 2.54251741805679 6.8065636474597575
1.2018001489282164 2.1267709234429755 5.71142336122133
1.2081660925268234 2.6945977769120515 6.555676594968686
1.2006413457509466 2.5400018867846685 5.511757453924455
1.2466563058470541 2.4566423061244933 6.022584928922351
1.2004961225777389 2.4335068746591673 4.948843309168399
1.1982474370306158 2.1840684643578823 6.170513678393343
1.2373056689897552 2.7588185791928526 7.836699383480408
1.2008707003771897 2.4013982978526505 4.791539540252463
1.2382306871001563 2.48140017331427 8.046285787222207
1.1945214678414635 2.454470588814119 5.366655897461321
1.2060670350741571 2.6796311803223265 6.084315620718041
1.2240423081374716 2.7600274957845983 7.551669914728315
1.243296672667744 2.8537791591872157 7.4895963940810635
1.2466713606472581 2.3796675923980315 8.012422496979795
1.2461098074422197 2.456248774921047 6.00083076121606
1.2293529621040975 2.1885596885355847 7.58638840810956
1.2440655174257738 2.4371889312898594 8.02476923964174
1.226532532622048 2.656301312528564 5.661525300013951
1.2448151907454004 2.7181384926743224 7.581138790934716
1.2331198488211246 2.857306486373743 6.20259241659053
1.2251321956242367 2.5943898536839516 5.486462842810681
1.1854372604801624 2.307739145220724 5.274420665278649
1.2083856178385444 2.5426919309340117 6.8342706829984365
1.23408203566066 2.645649236223561 7.839255520488376
1.2484974216908313 2.596926961159356 7.603971641722525
1.2305990439877856 2.3020972087626594 4.719672631274305
1.2368282099306005 2.480547565321684 8.005656421827014
1.2455002460208102 2.355315536956631 8.00590938751865
1.186013281151222 2.2422258253632945 5.412788670844176
1.2498526727260475 2.5432890908867476 7.611233358617103
1.2028201918818446 2.161664454607223 4.193968157582271
1.2311041568175867 2.8262651750885395 7.648135070376668
1.2162988642269652 2.371091565580605 4.654970134596299
1.2474046995435795 2.6516370874332758 7.535167732854772
1.2486412789323742 2.442178293853186 6.171563809135977
1.2503278112247198 2.5140283304328666 6.715007263497062
1.2080305367852902 2.540391182510329 6.802998036503439
1.194864121685711 2.272812135889441 4.364926670639919
1.2376836048270545 2.821595438461923 6.394635342626222
1.232913952501689 2.6172487065941317 7.828272301012037
1.2414192836454012 2.5512993183155883 7.899885754775571
1.2404750244932372 2.51482697543179 5.85807913273014
1.206066838632667 2.5474726284920304 6.630315369508203
1.23505454776959 2.7144969666639143 7.745201963279575
1.228331904305389 2.5275225346697754 7.81042628581268
1.211825279970626 2.310151575407011 7.23477210393335
1.2199907814396533 2.342265163315152 4.619677530549231
1.2220208007498987 2.120964885448886 4.5954274194664375
1.2164986823778952 2.1136123096259793 4.5797838722638105
1.226490035261826 2.3101297496622655 4.665688205620061
1.2494729418530117 2.3521349470345276 5.969596222629152
1.246641126257536 2.6711867487589025 7.1684491126903325
1.1886187060487208 2.3064745172470147 4.753071091709947
1.2160648076219405 2.5441353196118297 7.304883278898346
1.2092666845777924 2.288649744529139 7.059294320575706
1.225115142229733 2.536443190195481 7.684103848677459
1.2422436473382206 2.71023387054778 7.549609210455797
1.2254991475389065 2.605819663111689 7.630529357699286
1.222866981091715 2.212321884445065 7.480619427662875
1.2119826801213924 2.1080998088731198 5.703822802169146
1.2531325706724574 2.3481785374076694 7.501329175441311
1.1864964229823152 2.3084187486028336 5.247723278736366
1.2184509828425099 2.4072239433937206 7.526501719257686
1.2214357393370525 2.865933975750526 7.239627162670313
1.2120881112588462 2.7707621917114955 6.400854760218717
1.236565950369963 2.3175979647476486 5.050004944907698
1.224795365535995 2.2391274456410444 7.6210571380306025
1.2102383291637613 2.153500352202488 6.46262108691959
1.2411047211702737 2.6802225557573776 6.417803489964667
1.2419425534527564 2.1455756600625286 5.633396978718
1.214152699065774 2.1745694940169074 4.250540438822577
1.199284387940846 2.4114037076120614 6.373762694429793
1.2241233203806448 2.4556608445199646 5.128223794292099
1.2293752703367398 2.7639297419938007 7.5835069641134325
1.2362402765702052 2.433478768660603 5.423735740529525
1.2367328824195494 2.5512493317426435 5.818305546379175
1.230472924327703 2.7440181324759525 7.603995978520791
1.2493811997007003 2.488041058626772 7.555624336608156
1.2475065193146677 2.61667408638772 7.164462451302482
1.214394117712347 2.751206500106857 6.017490364800542
1.2123791179307595 2.7549209941451482 6.284571518687228
1.2418047387270121 2.790773841368383 7.024854389001796
1.2406010379282513 2.832218213014495 7.3570119116545705
1.2234564692594962 2.653234702108758 7.4697491853613265
1.2158508740282459 2.3177206818105587 7.398653375542242
1.2083453448890804 2.619359137008211 6.361510461496465
1.2404727645065503 2.312421613786852 5.280725039954113
1.2254654103046954 2.6708335943479646 7.4964587615433285
1.1918123570849934 2.3680487328747315 5.541873251656487
1.2162041359083928 2.101970567379665 5.602792857843973
1.252662616832331 2.3925939114703105 7.236805388137794
1.2286096950628158 2.78692232797473 6.105820440180036
1.2359866789840441 2.418937163267527 7.936079850039659
1.218987610969549 2.1267173826613277 4.556254828975604
1.233844056191738 2.1193637613045895 5.389988438278699
1.2023310534408356 2.2863421868952836 4.4231636936254795
1.2238352062950564 2.0996980311448876 5.533179404547441
1.2450165735663974 2.64131125207078 7.136654856790143
1.190079688641613 2.3446498429456515 5.352909254629012
1.2078588477670014 2.382207458186339 4.8000331409917365
1.2365439770936228 2.800448030473706 7.515469711451418
1.229131429002368 2.8902946489289683 7.393561998494128
1.223633677573559 2.146479342456793 6.921694452574181
1.21757997771224 2.3659035800217483 4.7444270343438255
1.2404131308853652 2.3219879633492955 5.322240115811512
1.2112122258238731 2.2369663335048 6.979759414903322
1.2050708116541864 2.57185369213894 5.9546159141977615
1.2208448818588886 2.6851709135594826 7.297915760252726
1.240045340672371 2.255683600508554 5.150744166669227
1.2309718350270165 2.234175509810256 7.69082894930899
1.2441330631831007 2.1492424464889557 6.467867368104928
1.2345382827221802 2.86326089751378 6.549122092829396
1.2159751230805278 2.8208084828327022 6.654857867921029
1.2365377903465666 2.5989112000958245 6.010311617256079
1.2219918813096164 2.2504646323907096 7.520281216639644
1.243896365241976 2.154351128927362 6.723626607351491
1.214950231687903 2.6024748176514407 7.035686733091708
1.2229611369738111 2.2040145669538864 7.356814947494739
1.212414124255313 2.121716220336549 5.9610305643824955
1.2397595202615284 2.823175899706923 7.087941455098758
1.2300456963701492 2.808520746555961 6.257034199741717
1.240066864008692 2.6065754814334783 6.265191714047967
1.2375436408392435 2.647575545548936 6.207060337962124
1.212317506501574 2.7090686577809713 6.322293929116654
1.2521788502709634 2.3801708506313797 7.0147536609093795
1.2432081045694594 2.5491639281225016 6.368691010453059
1.2330845697736277 2.76537501617548 6.285152233645164
1.2278461326701091 2.6474166627625575 7.52101849194033
1.2030074182019348 2.1502371862219514 5.8596075728936
1.2487207584293043 2.505441260260416 7.3040269766898
1.2183193556291616 2.1253302822438074 4.637812861023859
1.2221097048520617 2.115061404683239 4.881919024814946
1.2132817863022871 2.2041943783062443 6.9151832136602
1.2124892665834301 2.6669035696372108 6.578300377563712
1.2224244015598875 2.6963899522249184 5.884978998100369
1.2368609189133226 2.862933613630025 7.239884738882205
1.2203686692722713 2.8354183906332793 6.991814841551811
1.2232311046415454 2.850077294390402 7.106433761153188
1.219811769829935 2.842408492643778 6.895476578309349
1.2249255571440765 2.7772025034618357 6.135218083763679
1.2271074612749293 2.6915378470959643 5.982489649527615
1.2379276620855515 2.852168142014089 7.028048407107878
1.2357670466318063 2.866307750903543 6.746568088558837
1.1964065330916138 2.3154899867897534 4.703452642137378
1.231207543594865 2.7323024882349616 6.214811290598657
1.2138602539775918 2.1980874735513285 4.342043564800269
1.1902157445783426 2.2962075248125493 5.509500648348885
1.2210675819236738 2.87942125330747 6.414502491084068
1.2377803958459574 2.794698550521799 6.777614981474498
1.2349152558496694 2.307934768308542 7.844802563831772
1.2247718997581694 2.6357970329914426 5.812035946467921
1.2182363177353213 2.703866294963505 6.977844727669789
1.2083382449865039 2.2775621975921707 4.469996632580834
1.2124723576538865 2.299908484597307 4.535347040611985
1.2151995432476528 2.7446456492050704 6.579844533187993
1.2435101882155786 2.4865719339936074 7.636584131800031
1.2275956889845032 2.844996153427209 6.385605685032212
1.2261166788195377 2.8324908062320984 7.142476352878191
1.2209002132867917 2.8939608109336916 6.533422204764223
1.1930345547212777 2.2037275715599516 5.503448521811649
1.2125391460024353 2.5257984173438723 5.462303110947316
1.1969369113151695 2.1700607030415 4.603842862661386
1.2363112425885299 2.8373748264224568 6.938519890415691
1.2272690513987072 2.8533486630469618 7.126699220645637
1.2022538611621887 2.410947323399946 6.380679097272473
1.2212492487368312 2.874517549063762 6.535326806956473
1.230414613981733 2.8048443773535006 6.397186987878367
1.2084999403645356 2.5639901184108487 5.911063918565084
1.2378253219642887 2.163462232447446 7.0716229597477955
1.249619002367376 2.2825750654892762 6.069864151323037
1.219541373122892 2.8002193644780116 6.81907184663047
1.2257034073129995 2.882661843700099 6.957668589431801
1.204648033183644 2.517655246249726 5.9529778514683365
1.1959254603217198 2.284491401617695 6.058324680413872
1.1917305159754243 2.2226788555581125 5.434307169522562
1.2139108286139701 2.3242514782698436 4.661514138718815
1.241746201750573 2.3461554483117735 7.777704854968283
1.204101381808808 2.4211541775418466 6.449663365246579
1.2306502951286131 2.1153495461633227 5.8057216068476905
1.2295981980623691 2.838842068801434 7.1689722124331485
1.2471820479236924 2.499801176230578 6.885835264338597
1.242109306575609 2.154753966905187 6.445157092561521
1.2182046431630198 2.574836444627983 5.6232215522375135
1.2210538514041045 2.397893399434349 4.9955212450687725
1.190248886260496 2.2470543743595055 4.969726203866779
1.2436373914922436 2.5917992579702807 7.04479005471363
1.19950225147631 2.244249578675748 4.477436846385205
1.2149896600810333 2.593295945132231 5.732349095793447
1.2027042720057382 2.464686777521398 5.553704340719056
1.2164066893997605 2.519260382386109 5.431153105406743
1.1901533864380114 2.2638652443284046 5.166655747767278
1.2208690134350255 2.5659281448296225 7.271222816846958
1.2288123626392993 2.538230871678742 7.545619591194752
1.2096334630440448 2.536959560408629 5.724223966957721
1.2253562927353734 2.1154622234892413 5.301681071734647
1.2001008365228407 2.2856011325185346 6.324674467452562
1.2016381812465404 2.144175895641289 5.309702465482761
1.2203083569805766 2.2197492016890275 7.240956599214307
1.1960182744126309 2.1711985145977195 5.19801708832704
1.2302654362036551 2.844316296890743 6.734733818747195
1.2501337153457461 2.3727145533575107 7.288294694192182
1.2192441698560046 2.6730716502026484 6.965084272729891
1.2259353291977009 2.1179741752358474 5.284534122320107
1.2295435133468653 2.1493208393989476 6.8542777826081895
1.1909703862719594 2.232923519275892 5.195664929886361
1.2295479293725249 2.860697555069284 6.829900725342686
1.247241920606381 2.4690809667687748 6.752294506019172
1.217437234844426 2.7079873399151637 6.199797555423579
1.2075343101450113 2.5070135244629084 6.3657263219398885
1.1936599119445557 2.3368316915358593 5.367332727691069
1.2416941009750397 2.599963670865458 6.793501752635015
1.198062435285878 2.1623472693133214 4.8638931655448765
1.245746635131604 2.1990046429680365 6.013026371947115
1.2149063571888508 2.5649429261727863 6.866996987002906
1.2328584471801156 2.806766036207052 6.960214803291976
1.2439815625040898 2.4740970557930098 7.463333621478801
1.2259835393442298 2.8182702367564874 6.831881995129892
1.1961184251238426 2.1749177199420013 5.21908371790078
1.2278410672120725 2.6704643092901392 7.274698734194391
1.2253756420467463 2.1164414917101917 5.409444229729427
1.2089794494130495 2.5425337997596893 6.160610804520427
1.2429453259512067 2.2948707768499714 7.639716164134553
1.2172840535747174 2.628476001962185 5.901402326690812
1.2080401843825266 2.4349554450299613 6.601700973702437
1.1978181171956916 2.2782522649675023 6.093400126817299
1.250726432693517 2.289903403852104 6.546048833025175
1.2332075091659056 2.779345109613952 6.980177815758301
1.196015151569713 2.1773397734618287 5.1782001875586925
1.2162783002933029 2.5225940384143257 5.508353937452776
1.232806839480065 2.757187032807395 7.083088213009066
1.2280590098519908 2.8018565541135385 6.906592628870978
1.2184481231984268 2.4314192230748373 5.166303105628845
1.2302002042698024 2.184260582758291 4.858290785340454
1.2393313890296933 2.429774824234607 5.841519327530662
1.2460871144498538 2.4585159493357294 7.22673044351183
1.2030545620133724 2.3794008613327673 5.071831706084302
1.230536521515187 2.7927429528364263 6.94879954082171
1.2498211581175662 2.277716544490757 7.217932138286747
1.2488801598951864 2.299308557111312 7.392043913621178
1.2216595913083483 2.2661736007208972 7.369353805993294
1.235198979386605 2.4564245678964136 5.720310216682941
1.2243948786080079 2.6715551996179463 7.069226311153187
1.2329698730868188 2.295437514524951 7.677203679157241
1.219724115478046 2.3269156461300846 7.361611171072623
1.2388958715697242 2.6387386762415863 6.952011018567919
1.2339868232711366 2.6717674415258275 6.451223972143051
1.2267307330056019 2.701378833635289 6.288795366680665
1.2228014596231673 2.688532069054662 6.996814443039845
1.2371600893189574 2.5977422375424584 6.347776325587764
1.1997205329872291 2.281110465672616 6.196389402975997
1.2013604127120103 2.3427578950683303 4.935327150410195
1.2127328591931161 2.1329583287111755 5.842876207550335
1.2478817257802985 2.416738579234802 6.717924801537139
1.2281990319161715 2.7705751811636494 6.640213971142238
1.221038948010214 2.385615431569236 5.042298019210866
1.2241684415039595 2.1722905554753638 6.910841896941799
1.2362868780160248 2.4183422456022914 7.647420748841144
1.2463480122646597 2.4461339781213107 6.850511054871799
1.2221361537766953 2.496494288857421 7.283678429656778
1.2359247653941967 2.481197426534832 5.872132675962332
1.2317023467705999 2.176065254045883 7.031308646641083
1.227241359949449 2.320314041861208 4.968529371171842
1.2500865339553648 2.325474335414044 7.021887822861295
1.2300733834834077 2.7130405138357236 6.996706865107148
1.230624545445418 2.4600305336097583 7.535110711921005
1.2252948173205036 2.2965650364465833 7.489375272581247
1.24083257993341 2.5083412440921617 6.3914132911646035
1.2352520284478097 2.678373986053 6.9375662694422395
1.2386677117725142 2.1959877785901014 5.404419428531433
1.1981804324511516 2.3510237164387244 5.8493840028943325
1.1992236674172132 2.2042126382860037 4.667130910574572
1.216104570833409 2.1944082241357856 4.530704310250961
1.1986400857329857 2.3559222369173445 5.2422730627148155
1.2292565965539968 2.6696937949664132 6.318324186460442
1.2347917611495767 2.527233087488511 6.048891552327655
1.2290972949985388 2.6689541711021825 7.113165107239286
1.196980026958612 2.1939724021851545 5.36921809524914
1.2281886961507844 2.2803763775666304 4.888786559598428
1.2005950631619204 2.254670005816811 6.115146793569963
1.2149151245269023 2.5265535129319154 5.677943867731367
1.2251320602195017 2.5944369496692987 5.963707073439075
1.2227560163946425 2.6453045534711337 6.945048124022829
1.21754414469213 2.4765592471857554 5.428926153681022
1.229934116183203 2.2916468126274556 4.987303521359449
1.1966062682469503 2.322831573464799 5.701586821374397
1.2351354748860242 2.1470623677479614 5.682003762057624
1.2126871199429319 2.3794480402656193 5.050010758175091
1.2273758799154069 2.579474596178074 7.193310800648121
1.2416132505224795 2.44700105504094 7.367399132375434
1.224919031437892 2.53492393350335 5.7635489570025396
1.2351275312801222 2.4482010339365843 5.800840837250561
1.2221067325676718 2.5984042453943466 5.969038007367914
1.2215373625903612 2.1751743331019298 6.799251643781783
1.1986273251361976 2.3601430465921664 5.461022096022798
1.2415793819184444 2.174189027481903 6.283247389421046
1.2355127160905526 2.3566380695633393 5.445946540427309
1.221604959136256 2.181388346755327 4.68411291933163
1.2093706241225357 2.4760375634044314 5.748571523646941
1.2022019302577671 2.3874829415661774 6.018562867697877
1.2055709156100964 2.445516379897052 5.924282947943567
1.2105080891378655 2.389421743608047 5.1510484318146865
1.2058598207914004 2.320280403035527 4.868177252382338
1.2126594235512842 2.4674773526625575 5.5118312960269975
1.2240761530949191 2.6793207017321983 6.6472499044772135
1.2282753951065688 2.412019077634313 7.474026374652871
1.2233434251816164 2.4666134513492515 5.48764710817704
1.2126819203505275 2.5264323841617373 6.398913516574082
1.2115963869740676 2.503865676063662 5.846867762814208
1.2048279869990723 2.4009848927628563 5.3800960379975695
1.2142407074561972 2.553322268451221 6.437505058700653
1.2105098933234981 2.483550971968276 6.344891215455151
1.2120513319458157 2.184863721355164 6.389318829285445
1.2294599161036817 2.1310439330445945 5.690731035715396
1.2122321977471124 2.46937475263082 5.548495472038656
1.2414047965365695 2.4223743717987776 7.416091968450832
1.2167426514008925 2.6109533442799044 6.437497409343836
1.2275536580660504 2.3745215532072157 7.4618920353594955
1.2126925453886412 2.4560587123584057 6.6758788729579255
1.2422248467912889 2.2304057021822725 5.7572238726664775
1.2118500313889062 2.2362758482704375 4.608605724556025
1.2299710686023426 2.465240484910547 7.405910208466178
1.2211189142037835 2.50290892945367 5.620612739319016
1.2169745457289483 2.5987220857649582 6.529976542937524
1.2175635375771574 2.4768516839753487 6.967922545979217
1.2349200717061415 2.3450070815729847 5.423621463806011
1.2371108019200552 2.5503743526859584 6.404324462892195
1.2259409856688943 2.1622904609187286 6.6959037202670935
1.207453832213785 2.152473826390191 4.991495654649539
1.2221405015048272 2.600389450750617 6.048636962474443
1.2335648639795704 2.498170342411993 5.983306791886093
1.2027004665594676 2.2352475321405874 6.114169927217446
1.2217266605119521 2.6394332943308045 6.6958363195306685
1.204358485193002 2.4032561815282145 6.063844455631008
1.2256055545324278 2.4221203072462827 7.351728700219365
1.221634536181865 2.1729342235162856 4.769027163758082
1.2443797853890581 2.2355498060474437 5.997064520423001
1.2223308945971716 2.2293967870739673 4.7114704665154985
1.2214747129977603 2.4252309555218843 7.21436413712331
1.2139980509880066 2.5114333660346713 5.81719029851701
1.20647983368936 2.43553658947976 6.003001575891181
1.2173627374369809 2.474278401220142 5.52905978408832
1.2476448629604404 2.3329167619794338 6.6835783973098835
1.2231009807700213 2.6286567450725036 6.709581421348908
1.2064751378753373 2.364629650977773 6.361311255410145
1.2383331950534378 2.4794369410800425 7.265134593900402
1.2154312115004078 2.1902376469318767 4.6560639083668764
1.2442881058796356 2.3999421593860273 7.089592233122097
1.2382218782214736 2.1969712117207796 6.9887811044930075
1.2398323453211444 2.203902887306928 5.690544029959323
1.2164626378958912 2.1728596629235652 6.458189377807372
1.2195566406156697 2.42095051014771 5.318873665655881
1.2344808837568775 2.5670965326870894 6.998740249160097
1.2211219381415699 2.130215664609489 5.479463600296846
1.1979177886840808 2.2158009091761803 5.088050965994768
1.2269611953118629 2.1745689524807146 5.009199152762276
1.220114439880828 2.3433310068860003 7.203258907044383
1.206387370532863 2.4228448707923396 5.9551031891824895
1.2263060896466982 2.424649338863019 5.4911729963180385
1.2020850201493458 2.235430178585168 4.78868545896038
1.233107631856479 2.5802657350187217 6.996098179166447
1.1973118530230136 2.2951266201141647 5.544489457957658
1.2455363473624579 2.2470637569815652 6.411181441936456
1.2139448277252547 2.161673346383025 4.863685306780919
1.2099288697665198 2.4591105534685207 5.912588044506883
1.209481129110831 2.4212360701185345 6.341483013040479
1.2228456131989627 2.355144297108116 7.28038476987421
1.2348268527654571 2.575404134567763 6.709755992427331
1.2231053918570662 2.545432851545788 5.939128536080494
1.22234651093925 2.2961719863371393 7.2473811236946855
1.2232728165828142 2.214470827294154 7.013034804927512
1.2087047092187349 2.275869759503212 4.812405538015007
1.2185598991588904 2.5683967147630367 6.238820231291662
1.231931255817074 2.192021260708692 5.200513317789856
1.2404974282121524 2.2101092223126395 6.927609941946409
1.2426227899053146 2.2643116041480873 5.916823290164906
1.2257348759443079 2.243652742504022 4.909549922999156
1.2268179454118475 2.555827828780278 6.925497285231351
1.2118208912050608 2.3214889341424536 4.9628083473601325
1.213027273715673 2.4041338501306617 5.349139062694542
1.2416476671399566 2.2537031211379217 7.128445144449259
1.2201655522097894 2.5791179287869612 6.3116691267884395
1.2262511865692511 2.591553506513764 6.566008785222035
1.2252868793960119 2.5956408687326054 6.406717334987137
1.2006020273675144 2.210298922210185 5.408320898860177
1.2231862476207223 2.5755906721614608 6.23089470678927
1.2379112099184397 2.3437623322651246 7.412232851155252
1.2209764625300537 2.573115674551058 6.6327663648861765
1.20622084634029 2.179923033886264 5.662268545458419
1.2280007833333357 2.581986657925954 6.400498356021661
1.2244170027138874 2.144557349054092 5.386919101056751
1.2071696220391215 2.4087326380426073 5.879242026284054
1.2225862420817717 2.1665421911883707 6.512739166854018
1.2325410389181242 2.483452941190317 6.082861064970908
1.2402445522588046 2.3014396997544577 7.30648108695169
1.2295917039028204 2.5485672189350197 6.963324511545878
1.2397179129787137 2.4407261674111966 7.015966174991311
1.2435800516744762 2.3241703208293654 7.094291211696426
1.235599608665221 2.448827822501454 6.078672030565439
1.232853148047451 2.5423278200419386 6.868106963764248
1.237543647064118 2.239687438049484 7.179208937293916
1.2138632793962059 2.1737337114876825 4.914742492403896
1.2126345480412162 2.4062283589594866 6.5473472551942145
1.2089255522622917 2.4084659353991245 6.096321084158529
1.2333541395748224 2.469293164111753 7.168660895014007
1.2118210991612048 2.312462800976495 4.992174945172959
1.226850793452301 2.5020775778231044 6.965751272953314
1.2084552322263875 2.201867375210978 4.901932544299402
1.2266306010007018 2.1833369809483223 5.106067221125375
1.22081437871261 2.540393823792851 6.6241818412640985
1.2113278526694065 2.4347857127668338 5.8691799401798885
1.2305432315593636 2.2760046923063895 7.306506198883083
1.2427951528797685 2.3269933259977105 7.023693932266674
1.2155795024576594 2.4743592032553448 5.824853845381741
1.2181008729442933 2.455566247464024 6.7517306235345345
1.2163391649176396 2.4754824861771625 6.592630833242401
1.2307558628058501 2.3393027622202345 5.401720538438198
1.2057652500303428 2.3709843226601577 5.639029128386003
1.2134181816182878 2.4130275364601563 6.528692053043217
1.2031445569443653 2.2817529096517304 5.05979932071747
1.213586410670941 2.160148612458463 5.175246577809137
1.2339483037270425 2.5132616049325303 6.601564713698982
1.2279164721040001 2.556032485913482 6.4900386594973725
1.20074932799062 2.2940823312169134 5.52901390923031
1.2288828779827239 2.5468422989617254 6.412108204427668
1.2218411707508299 2.5091898198755476 5.9715915931221595
1.2368639299058626 2.2186664426940084 5.559144915881353
1.2186920170771132 2.3825749488961714 6.940647920004659
1.2228250836910974 2.522671578784525 6.069107198479196
1.2408277726361294 2.233931975318899 5.947349464357799
1.2163682150868254 2.499389933705155 6.1452498110667335
1.2151710845623438 2.440385782006692 6.566087426736692
1.203352545903274 2.253661047413566 5.83272878037846
1.2261121393684706 2.1683615997926804 5.269526546143268
1.240196736766811 2.3960804085305956 6.969697712574121
1.219884053584384 2.4877094288651995 6.6927602300677425
1.2380567696368343 2.2509453969130564 5.6424523338712405
1.201134732257392 2.2747222758976395 5.550116981030319
1.2091329289957762 2.394785565593815 5.936468716630648
1.2309430955087572 2.4088490498456148 5.754603143177484
1.2182478277752449 2.1903530953807646 6.476802194650087
1.2358862777994832 2.426993800529935 6.1054003797084295
1.2305925796349957 2.307334924107156 7.289853442660142
1.2164731144137473 2.472153518473321 5.883356615600983
1.202762682572035 2.3090682552161654 5.7410700715374094
1.226515660334237 2.171697220193472 6.441471417004273
1.227959276138602 2.2421380429746964 5.09801416257568
1.2121353005370872 2.3754213490271487 5.3886209292024
1.237050034723413 2.3510787720790143 5.837098903295111
1.212525237085194 2.3184461004939942 5.082820992750934
1.2387171643433568 2.396713476404811 6.261718062124395
1.2242701533673193 2.450506688256625 6.936789047277106
1.2168490134037473 2.209389126537332 4.8528024873016875
1.229003965483889 2.5289737912393284 6.721955756813777
1.2305615453606489 2.369263909808799 7.247859544777391
1.2346768491550189 2.4379326587130357 7.066049511250888
1.2036131139482704 2.22215029994964 5.558281522754262
1.2137745013024026 2.216054903243819 6.395995899072243
1.2111313987557581 2.306771527854107 6.468623081296986
1.2267948686419596 2.513528353693393 6.3204066826900664
1.2226806979035376 2.4600627155411288 6.85664175813042
1.2335056763056476 2.18520667534801 5.626810234044559
1.2091927671489118 2.3717416016278428 5.589051751418843
1.2190199599605154 2.444385412355161 5.68875076136481
1.2370927055572725 2.4186774385117977 7.066806234614342
1.2231403699072292 2.468261619092054 6.83858019309986
1.2139433021196293 2.3875472270501144 6.522020100784083
1.2356524096205723 2.3900518165657325 7.179223514387012
1.2159958601365553 2.2041677392656087 4.901154879610761
1.2039498294121036 2.2245831455611054 5.487439966463786
1.216570447186295 2.480832953216672 6.259371254616163
1.233951988457843 2.364937311784755 7.203126578492709
1.2418429105439481 2.32022093898902 6.835962447565647
1.223029907869842 2.4772052110232883 6.756017790247922
1.2381430318719806 2.3402898856001944 5.95005886212121
1.230884765361511 2.335347527144405 7.212776061856394
1.2266979396598385 2.1617314690992253 6.03251186186886
1.2205789060653418 2.4724660773091616 5.889539595837967
1.2049777377067388 2.236547516564443 5.7502628366159225
1.2332539844175758 2.1868950248798287 5.646235176604529
1.2413642510557235 2.3275643857682664 6.948751410348779
1.21856019286492 2.48111290659711 6.314799754969725
1.210455090279717 2.362621789865933 5.50265972906991
1.2328575599604186 2.176128949915241 6.160941489478962
1.2413840070149218 2.349743067928225 6.54319151817378
1.214637607950469 2.3308265416319873 5.185934543489621
1.2209792254260878 2.4865866304380964 6.572938791629223
1.2132448082517515 2.4001619632818962 5.666469207739281
1.2248561270294986 2.4212535106253514 5.718402653074449
1.2348674921800984 2.252145152041551 7.0525881315539465
1.2290646804150318 2.3634458772263143 7.1598111199301275
1.2251806610978329 2.4472750669435985 6.871337691003422
1.2352747721818595 2.321053319608537 5.715652701339561
1.230173955357943 2.454426525792477 6.160398856785104
1.2351912931637952 2.4390926046966994 6.774565250081231
1.2079078306181064 2.3080232328193997 5.295657882569435
1.2349766857316737 2.380758719091782 7.062170188324572
1.2153119903056853 2.4404566414188107 6.050772605497917
1.2057211821755571 2.3014998453902398 5.812178957778903
1.2114338885039957 2.207219969473807 5.9469911544518705
1.221801112067572 2.2507715349555326 6.857335483045299
1.2253625796926249 2.487908113695796 6.392522454053495
1.2224108538411669 2.4852131965107174 6.233056409792255
1.2295813117965113 2.227775700890877 6.898308038717065
1.2137825081274536 2.4110933737616147 5.88904272368285
1.2373972958843191 2.292056019104436 5.803723259707482
1.2342932931176902 2.434100879189881 6.709666606642866
1.2379592077148298 2.3171457975093297 5.957363493477139
1.238370877799386 2.2691819394644392 5.925082083959172
1.2223866047207799 2.310822083857695 6.972164503052921
1.204961265242321 2.2567763525282993 5.556054858836054
1.2077347235427225 2.284358576697152 6.032855673080421
1.225963482288702 2.2616138856174146 5.1963487150798215
1.2192726429227547 2.444801225823413 6.508584448155483
1.2204286881914532 2.1754350667136113 5.235981744395639
1.2246071176638074 2.4714653471122947 6.378385795997035
1.207334993927899 2.2291720304658855 5.715765661591281
1.2088313002543472 2.233588917662304 5.188797891262958
1.2367523106523257 2.2413339925714815 5.817039531586511
1.229107666606612 2.17269510473671 5.858227415114769
1.211765509313948 2.1954350589627114 5.7423341417869835
1.2394547974534342 2.2515419930306053 6.40458281775247
1.2204841789781626 2.2873491173888927 6.872248252135387
1.207583047114117 2.241901714801722 5.777097907832475
1.2227109608771802 2.364861521090335 5.478748828863528
1.2097072418105959 2.2273100673577737 5.88129929637855
1.2102602092298498 2.3354858148518116 6.0938139732063465
1.2243354969602498 2.178521273594951 5.446086024770395
1.2185275630409083 2.444220110695409 6.231458191266071
1.2325853120657437 2.19478570215706 6.369860405783639
1.2351923462952497 2.410112846559906 6.486187507265516
1.2069133565763561 2.2948854498778717 5.722233983244948
1.2256595791641671 2.4178916018345555 5.890934235020628
1.2260542203545817 2.1746480508997243 5.748782956141543
1.2134253458968292 2.1975240602689046 5.250115365687865
1.229456944498002 2.4407829480831755 6.725076870586522
1.222357679275458 2.449048670486075 6.049941571563915
1.2317688020712638 2.4283736922063297 6.5266946289088565
1.2076716754351253 2.241512595308617 5.62314716832098
1.235035211814866 2.3175241542750493 5.865897194094092
1.2225624241671196 2.1790678412601068 5.391407783763162
1.2094748803561746 2.256536782079883 5.3030326183255525
1.2265350308760148 2.2515262936084883 5.289897873277248
1.2189117315230857 2.357958484129383 5.463000531173147
1.2276120528737389 2.280411044909049 6.964757440761
1.211542071410321 2.2348394403533347 6.008630198953405
1.2333875042593634 2.3871606761511597 6.8341919919724035
1.2303965667901522 2.3610239874403427 6.959934417834759
1.2198756325921212 2.423926495230248 5.942297581811644
1.22842974274979 2.227484974355556 6.75039989193043
1.223814263418794 2.188194667407521 6.264719895178246
1.2238300604665446 2.29870760283427 6.884079438176192
1.219009813548284 2.3561455368057844 6.668843220097806
1.2188573315719284 2.268153034807456 5.13303638972158
1.2097375547982891 2.29462055330447 5.470195120857319
1.2310988429410592 2.345866797446474 5.807073056337186
1.214930175913857 2.277811305798696 6.445547697985056
1.2355383025932019 2.268952939245258 5.82210791207161
1.2157264332691171 2.334089103585206 5.409314623042452
1.235420286001506 2.226168055868989 5.970839385499
1.2255604064589551 2.427643025189914 6.146704367823732
1.2360415999706933 2.2248835471317268 6.35263182412651
1.2209225072579635 2.405115497791564 6.559474547646934
1.222387950086529 2.29400374374842 6.816411370976201
1.2143531924031161 2.241037133565696 5.182122044588908
1.2253359088218885 2.3009431984744078 5.401503268696537
1.2160126166025167 2.275890775288314 5.189802663857693
1.2118151183538313 2.254424337920578 6.032425539385809
1.2305783036218778 2.4129148690282554 6.603455616225933
1.2117346367782011 2.305274904046896 5.485538811322371
1.235450007808957 2.276045411984221 5.886540083123769
1.2222976254653946 2.2608917474430292 5.24244536631333
1.2252068526581346 2.408246404659579 6.024911965417438
1.2101868379485037 2.2841724134081485 5.647709986722468
1.2252481837633153 2.1926992393745715 6.186226575822925
1.2264434624191396 2.1911205564704708 5.819520264596113
1.2258407523623673 2.409967873626445 6.49060657452293
1.2248054521744556 2.4113010173091505 6.170090581421606
1.2231850921971426 2.4065468028425463 6.497514717361726
1.2252711422118232 2.2150704352818735 5.406251025919504
1.2183419190384317 2.1937470821219303 5.471416369189887
1.2347446594629585 2.328067356757996 6.736127809035976
1.2348012411548266 2.230341628889199 6.242459528541488
1.219355720497891 2.255780598272221 6.537436906119698
1.2152997907088168 2.368709526272023 6.015458385318121
1.224402153120076 2.2024684307466496 5.553423163008439
1.2152898390404463 2.3426298291342738 6.248837377798555
1.2125062676023437 2.2292645363692687 5.565833212458134
1.213727325468453 2.3128235424606407 5.54815690830632
1.2270401389347887 2.3621222269384723 6.671060628083316
1.2252788318646455 2.207212164611486 5.580439590514352
1.2315673569130006 2.327468189623792 6.6842022805413315
1.2189786550814936 2.3854752401365413 6.146468120072919
1.2288684726780186 2.3914221619752474 6.361567368512617
1.2226504340897835 2.2498248449610916 5.357879906934622
1.2351541278949294 2.3136279476273836 6.451667742251903
1.2347463073245477 2.2580576563531 6.348729359090479
1.2202319695110901 2.2281937016799596 5.315058494208817
1.2212012471461702 2.2744881830301855 6.57356478065404
1.2148927399549891 2.3215955759184492 5.68791704032715
1.2197883718272993 2.308687232020958 5.480920081287472
1.2269116053121654 2.2411792632235876 6.4579037113882976
1.214676892184364 2.282644948291915 6.124259342502311
1.2176254001328766 2.3519393662069312 6.135821703281183
1.229927892353489 2.337305077760862 5.988453978152805
1.2170773372580797 2.3490399128719215 5.863497084695323
1.231715136409369 2.3294174929683806 6.399627853151076
1.221399434227922 2.3558732017618382 6.413935595887283
1.2255118010891377 2.3355194435184927 5.8151326384158715
1.2250039833234925 2.243606161198443 6.388372908064158
1.218821597921436 2.244652754549657 5.45969104750918
1.2251199097206467 2.270447376497291 6.5380194929289015
1.230039804550151 2.300739118215705 6.578939972786872
1.2272491457933297 2.2894187811180293 6.506173128466418
1.2157201043786474 2.2685630042786897 5.694505905651395
1.2237333167735862 2.321064449720568 6.404940966727397
1.2285917319051105 2.2569570240467485 5.833488303623289
1.2240587703129637 2.2324657903038445 5.844171309640085
1.2207253758074117 2.2790668129852634 6.3329027723616935
1.226806264099671 2.277762999843887 6.332913283125631
1.2285845041488683 2.248306938598164 6.068328703588497
1.2204434936392043 2.2377355095082128 5.707654303305173
1.2193854043811791 2.3149533183990263 6.019964290315794
1.2232643438865851 2.2388322346212046 5.86252280372581
1.220379641233042 2.300487588612593 6.24856627166608
1.2225494038507807 2.326018957072066 6.070532878040035
1.2258865688707823 2.271598352093479 6.266615770125595
1.2194221448642721 2.2957372117112858 6.120675061525331
1.2234700078356897 2.2758231733029737 5.811469702560279
1.2229979995943028 2.2845927836576574 5.912041113338898
