mlo mup
1.1863781790082324 2.063749562995662
0.993091401743699 2.098196049667118
1.0078637931962668 1.9835350747749878
1.0471480159860096 2.1389729565866844
1.0140353590880764 2.0933552528410613
1.0028120221088768 2.057948027587299
1.1620610398947748 1.9211596719608974
1.0309958552146237 2.1016586385119362
1.0900030815629873 1.9415980796377827
1.1133652307703281 2.1656791779150764
1.0167885205452631 2.0006842132668092
1.0159904114658658 2.005458910164643
1.0241529383510501 2.071995978948016
1.1191575717566844 2.157436195641192
1.0857174391207642 2.1420880571301932
1.11030151529481 1.9407784673426238
1.1284909632592692 2.1496198991482864
1.1626289639009413 2.137727006742244
1.0302143273071251 2.0534357584848033
1.0842064915097014 1.9555958865680099
1.0979995480109852 2.1346823069828513
1.171539892643516 1.9408796467428084
1.1792641203039194 1.9747121281713145
1.0371388589927846 2.057113305766933
1.098612916802448 2.1279321490671355
1.0724909440783656 1.970836412741132
1.069067827803464 1.9730856548328084
1.1805815230186434 2.0332967578432024
1.1686884057828957 1.943364440799629
1.0591464388848078 2.0862900615899265
1.128809466934208 2.1332304910708855
1.0903595406292237 2.11528886093394
1.178523055006301 1.9764586331789955
1.1778656658021378 1.9713351158458983
1.1449745164425376 1.9470822239810945
1.08310485507398 2.1065864304432615
1.0439892821440235 2.044552085073276
1.0460036375361546 2.0095422470448057
1.150825226972679 2.1248597091703108
1.1086266592584721 2.1208001508997696
1.0566442736808916 2.0705517799870994
1.1194717489970962 2.124490729627341
1.1799313449768638 2.01699875934282
1.1599214148147108 1.948231752434328
1.154055737181738 1.948154903759887
1.1430123805891816 2.1237579954654358
1.0810743994217136 1.9732835698829807
1.150739143315461 1.9496109480600778
1.172239614226943 2.099424207104841
1.157767746877425 1.9513875029124224
1.0523399263382993 2.0066966410406093
1.1041483785162265 2.112147360665743
1.0968736203603777 1.9666858939317104
1.0509557882125817 2.024188649420481
1.066398937942237 2.0747943484917126
1.119342580886448 2.116667418590457
1.082839821502627 1.9767333458210998
1.1791002611641788 2.028391475499167
1.1195051743473816 2.116341082391425
1.080411532692855 2.09110994772646
1.085434958610157 2.0951537818464048
1.0670036112981587 1.9916650682399941
1.161971499943335 2.1096209370457326
1.1301993112800484 2.1167087844928743
1.0547225818690176 2.0385235055529574
1.0757870510813523 2.082140223833484
1.1250463752509865 2.1148881836020923
1.1008082020875936 2.1031254282067837
1.071966424685675 2.0745696916184753
1.0674238317460474 1.995459204592549
1.0574307262891978 2.0448899855385014
1.08614943215288 2.0901440458448257
1.068802629937652 2.0676819993818674
1.15186525824907 2.1091931660133167
1.0730933235523297 2.0704353006133607
1.1557608795287484 2.106403363517142
1.1726218342246844 1.9640779692597055
1.0591427669316067 2.0336936689236547
1.1430674693200134 2.1090751474828555
1.0936423299482603 2.091982450511808
1.1140855915230654 1.9632535511948914
1.1139154949222425 1.9639421279323495
1.1003939144537631 1.9716572239919286
1.0661317426043757 2.0017345662610166
1.1175330730801791 2.1055412079162314
1.1263122918993151 2.1079498505137497
1.061564213990599 2.029827870731305
1.0616123371895558 2.0240923692621413
1.103821307827024 2.0976203684575117
1.1568443662246581 2.1027588092622147
1.0664680180142345 2.053288376943938
1.1432542609077876 2.1066867713954616
1.1767535300177179 1.9883045621363882
1.0635218777408688 2.041642829965658
1.0791466429790282 2.0723879991153735
1.1227729402112288 1.9604836979579416
1.1286967857624122 2.1059639146126403
1.1023695604716461 2.0940571805402715
1.099149640156277 2.0915312010446367
1.0772370316305047 2.0676569419601565
1.1169143150418166 2.1010852387312258
1.0654075741088214 2.0420158937337898
1.138321803564969 2.105160667356754
1.0826877253439435 2.0749758988950915
1.0654968250778827 2.0437043555234475
1.1455229250855654 2.103772508904078
1.1139935873554536 2.0993175636302888
1.1240600109596415 2.103063578766213
1.0762631069314408 2.064991364660992
1.1255646274240925 2.1034245240595717
1.1521176145630976 1.9564828279240734
1.1227819585114545 1.9626958655810527
1.0658422905953207 2.0311790916096353
1.0902641082512596 2.0806318826390626
1.0870727995319829 2.0770186973259013
1.100788606107397 2.0898596960437734
1.0787642965263877 2.0660894930213693
1.0898703034821642 2.0784775960552095
1.1694679940182904 1.962398806918257
1.0664364610279087 2.0266056408409696
1.0681137581644864 2.0110543006654664
1.0706291540359842 2.0061392601933536
1.0958383915445191 1.9814504900168184
1.07187482687612 2.051806121545497
1.1545529580946345 2.097847083256824
1.1761788412598861 2.0478921675820208
1.1680215027097562 1.9613798998123082
1.1556542268116474 2.0972209778388824
1.1269801094191922 1.964547410367067
1.1582797344465245 2.0948560975655686
1.114700378552988 2.0945283503712773
1.0938554636693207 2.0797243259678972
1.1548051350342212 2.0961517984151508
1.1472993604146442 2.0974134523065078
1.1503104170885634 1.9592884922798683
1.0734635944273916 2.0047460860812247
1.1001502374163294 1.9801949249103012
1.1481273622483001 2.0968904575018996
1.158217049826126 2.093183495410678
1.1499428940663114 2.096207214938891
1.0747112180291507 2.0497594461781885
1.0805843880338766 1.9960110987339603
1.0852862362092717 1.9928351741676882
1.155853842713474 1.9606037524398336
1.1177017959550557 2.0938379894326986
1.161553773256145 1.9608690886131641
1.0712895156926732 2.03060175042602
1.071874293648766 2.01473431615928
1.0768248565567078 2.0532608918857633
1.0748212519845657 2.0045902824569213
1.1035797941573573 1.9785581664728655
1.1672373288885438 1.9665512363636157
1.071874443056018 2.028227290318031
1.1186013127158818 2.0931027748377704
1.1459670295588458 2.0952692597648377
1.0823751498184002 1.9960103092936863
1.141002117083736 1.9633018454621312
1.124852628783993 2.0941157351130175
1.1691497443495424 1.9687751565987628
1.0737634011418062 2.029517658926131
1.0769805391089269 2.0055459284923014
1.074022455107894 2.0160659032456065
1.1591092130169136 1.9638034264042148
1.1321352701931136 1.9676472339565525
1.0830352491046502 2.06035850038104
1.074224606087446 2.011887363998299
1.0898265038820454 2.067523281920559
1.1311032209483263 2.0949800409180663
1.0743922882330488 2.0151060495446123
1.0855862690984515 2.0625395600825356
1.0739037561411144 2.0250599883308764
1.1143501717970734 1.974372772420537
1.1674284842933644 2.081771391979413
1.1372068511307514 2.093842126244785
1.0868969661328958 2.0626748547024696
1.076264590470263 2.0394728525314414
1.0820596044480864 2.055336863996091
1.1282936780578088 2.0929981844361523
1.081735832114977 2.054713560800959
1.094024484663659 1.9890287722361242
1.159451358105685 1.9670107747086678
1.1433707212952 1.966939276401816
1.0779803272012312 2.0430248237803643
1.129189306926667 1.969069674533122
1.1491141581544948 2.0898537056403623
1.076688811896235 2.0336947872451665
1.0792194501407302 2.045955646641504
1.146195254985404 2.0901458465269918
1.0780631326768952 2.04048723375095
1.1404341857001719 2.0917252056744653
1.081344384992159 2.0030823078960913
1.083306449563477 2.053279719649705
1.1591445262244962 1.967786594551478
1.099695779466646 2.0736062767420176
1.139259372750069 2.09139882266944
1.1646513972563435 2.081728153565457
1.142613515244946 2.090593497070601
1.13079852277847 2.091125356572115
1.1531833088257688 2.087574034165899
1.110210791645941 1.9793198497909898
1.1420409361528907 2.090574189438417
1.134611587431839 1.9689408128189285
1.1224531339704875 2.087927718144675
1.1669254580958681 2.079194407949492
1.1276788776256104 2.0899291315405
1.1276788776256104 2.0899291315405
1.089928540613347 1.9955054801280145
1.1287149467383706 2.089724892207462
1.1216781544529624 2.087214019271336
1.166834523464805 1.9694687602171832
1.0907686846734876 1.9952847451871991
1.1077656101040874 2.078887534140917
1.1183037323888392 2.0853893416329248
1.1213815215836478 1.9738994149232312
1.0897410502890297 2.060243715830177
1.166647984375313 1.9698858164647495
1.153182710353791 2.085840344556681
1.1591144929528647 2.083421877137945
1.087908321213629 1.9980764877429027
1.0794301804164208 2.017192363059524
1.0862191153092366 2.054069584873167
1.0846659256660622 2.050209118803429
1.1478964858655645 1.9683948554336868
1.1017855752507708 2.0726284990773585
1.1418360516844253 2.0879674846434417
1.1177407822606515 2.083512077825292
1.158046887731885 2.0831189691109593
1.1548835121332526 1.9688172303880462
1.097393889127893 2.067038989579082
1.1227500495546439 2.085181814866132
1.0802313852602385 2.018669262711709
1.0894175936802122 1.9982646027366608
1.1065526450602925 2.0752029725678995
1.1627350965516303 1.9703148685052694
1.149924809593216 1.9690439414036318
1.0894006499055333 2.054906645412441
1.1371459309883492 2.0867451093093305
1.0856715045253935 2.003248374687862
1.1651167297389147 2.076918751724551
1.082817002588548 2.040989064432884
1.1486040501529187 2.084286104804873
1.1573525949723793 2.0815267438311276
1.1678938700947668 2.0724183377748076
1.1003595746873378 2.0672850589562968
1.1093690475935538 1.983905190937166
1.1608941921587506 2.079274637094916
1.1608941921587506 2.079274637094916
1.1302402113298498 2.0855484219248064
1.0832549549165404 2.037601823338283
1.1535567341135804 1.969818805200825
1.12435802785545 2.08320420729671
1.1661150954260227 2.073878943027119
1.0928451240543937 1.9972916447865705
1.086605473428972 2.0046220107258947
1.100928442663483 1.9906767646738546
1.1040443985648838 1.9883265485084813
1.1754475717021386 2.007629561432702
1.1665832343637748 2.0731282106670554
1.0872557302106307 2.0038117639899715
1.1268006734768474 2.0827436009973193
1.1754251579214123 2.0152622921888934
1.1248343682229713 1.9762025142790942
1.0970922116145616 2.061421055225533
1.0830273358299083 2.022102817287333
1.1728356835295797 1.986667535214579
1.091074777628521 2.0003987457435386
1.1750666924499131 2.001530430484562
1.0995836585069105 1.993237552392984
1.086417386493919 2.039193164500462
1.1010138771607365 2.0642870840394276
1.1257697263744795 1.9766733563791523
1.1146020042168712 2.0755883723021835
1.0955918863851164 2.0576434415243816
1.0845461468509243 2.022751386826646
1.1196309237571032 2.0780756911551403
1.1108568494735256 2.072638201223058
1.123155682389104 2.079871527434579
1.1459837657959675 2.0812965465089563
1.0972324384502425 2.0596760636707208
1.1512388402536624 1.9719780353756264
1.1202380945213293 1.9800310124549982
1.1024927562458762 1.9921582315701003
1.1499321102101652 2.0796576680721905
1.099210601260579 1.9948402226024229
1.1533024077984098 2.0778307610610582
1.1056332622532226 2.066399692550812
1.1149715019275652 1.984344886084375
1.0904524854972764 2.0037949028158644
1.1169541125493494 2.0744392803757647
1.0895771722951404 2.0411987792920536
1.103381560218901 2.0633807136915774
1.0895674037370084 2.0095191371647685
1.109261164642957 1.9869627300179722
1.174741532305951 2.0229446729039178
1.114713680732613 2.071966777911298
1.174743818469932 2.0201235723581075
1.1645923124310322 1.9756778263762143
1.1168724947741746 2.073208006699886
1.1292629662627678 2.079019882371612
1.0891687559840992 2.0139813053504128
1.1276600980706215 2.0778402591261793
1.1020235655387882 2.060622942521986
1.1743512106542564 2.027119139068154
1.1029455928531162 2.061072932629373
1.1692082841320457 1.9820866334518983
1.1098239732507715 1.9884329807363041
1.1347279490999502 2.078900803765166
1.0895589476953491 2.013907731943986
1.161819075282359 1.9754153562941628
1.1406377874184288 2.0785079202397614
1.0913270262276513 2.0397792483045736
1.1092015964445427 1.9891269060799115
1.1038425857817549 2.0613947864427313
1.1075288913015577 1.990348177516321
1.1075288913015577 1.990348177516321
1.1388634938391797 2.078025567121089
1.115779920864809 1.985285407440923
1.0971344416289515 2.052549651863361
1.124965168387739 2.0755945141220984
1.124965168387739 2.0755945141220984
1.1249596432984872 2.074619525355209
1.0905513025706843 2.017916897124296
1.1434739053708691 2.0766951468602612
1.1606679186492488 1.9765990817011017
1.1259801325928462 2.075545100343958
1.1420348331821046 2.0767629871980273
1.1001044122577956 2.054917791581971
1.1297908810678199 2.0764823565245707
1.1412288776556243 1.9760931855122343
1.0966514758657993 2.0494863320037675
1.174368638717925 2.01696613468639
1.1249239319518913 1.9826841552244074
1.1477842718289857 1.9758186782812712
1.1592524040928818 1.9771483411954724
1.1331232832713876 1.9785016631494952
1.094242292952525 2.006609566762477
1.1440721596658077 1.9766328144491745
1.1473692535305329 2.0745947182747937
1.1698309969448186 2.0575564844931344
1.1482341260742932 2.074102703069976
1.1711402595200724 2.0514966613127417
1.0946168012094228 2.0441046315543083
1.1222923826671076 2.071901516344788
1.102209433364159 2.0554873915604706
1.1504666960144083 1.9771748721290925
1.150257816876881 2.0734127130010647
1.1055363259652402 1.9945361892210445
1.0962296157290305 2.0471260785350065
1.091890116123333 2.024179470561253
1.1280196822920234 1.981520480707452
1.1102952186522572 2.063706639133497
1.0942177569236424 2.0406842585765967
1.0930033123428242 2.033684648232252
1.1702165027778464 2.05502552635361
1.0956975145280838 2.003570295630028
1.0956975145280838 2.003570295630028
1.1463452414296282 2.073643373433159
1.0948113438123883 2.039962480114036
1.1733890539852476 2.0304174335942475
1.1674428098067717 1.9833479005382526
1.0928146461185821 2.0238541847994753
1.1524748094827664 1.9780085427180731
1.0967706417654066 2.0031158515558207
1.0923365796141247 2.0223671995845236
1.0942660416433276 2.0350678936833253
1.1099791423248457 2.062024200988231
1.1233870716913734 2.0709408658918447
1.1060320809211852 2.0574376712127855
1.0948589709292211 2.0370455585045084
1.1335917565932225 1.9802136011285874
1.169687871157294 2.0554861158392543
1.09350426824474 2.0131577152455717
1.1553749610299762 2.069756422932315
1.0967793081971413 2.0050399976186566
1.123712885924497 2.0700732976382477
1.1123317640017438 2.06297203939224
1.1595129620915177 1.978927808154842
1.162539133666293 2.0655814248647357
1.119952250790815 1.9858563450131994
1.1258572717346365 2.0708062338541087
1.1432108968374957 1.9785826094057701
1.1293927147883498 2.0722484771807284
1.1226570904967372 2.068992663079267
1.117523840303468 1.9874157060479307
1.134806963105768 2.0719628941154182
1.1315731007739775 1.9822312177615784
1.1546118410150652 2.068859752157609
1.1720404015491657 2.041597636696964
1.0960461636397716 2.035077523406708
1.1406094762712635 2.072607654794149
1.11640238762543 2.064478708012965
1.1152577272731496 2.063682236299307
1.098752509385307 2.0057607481820243
1.0950391610769319 2.026567171671875
1.1041839712138366 1.9982980489517037
1.1100551923140753 2.05865392419945
1.099899741111709 2.0022770670609464
1.14204273171274 1.980693417843597
1.1603046818437464 1.981626338705659
1.0980141940791004 2.0388758162990617
1.1057955999135296 1.9973853511750477
1.126391431006411 2.068914132181879
1.1073784778329379 2.0549010493628446
1.1681475510856068 2.055851909429895
1.1523625619147853 1.9802409565357846
1.1637379522473528 2.06242636182432
1.151411750372945 1.9806412340174786
1.105252894516732 2.0508083295983144
1.0981905387579267 2.0366567097263033
1.1198377342263215 2.0657252535112955
1.0963583853795222 2.0200406015326875
1.1414031904341109 2.070201292582751
1.1201768071762277 1.9874832333496117
1.1374843489791444 1.9831609647811863
1.1078685220124171 2.0545896568365913
1.0971947004997014 2.030060998578505
1.1161855300508317 2.0619775094337447
1.1528497890626463 2.067230118037985
1.150557212431721 1.9812328374269392
1.159615713024647 2.06429548965244
1.1730869846364376 2.005864950811385
1.1669087441775026 2.057536688398435
1.0984465913142678 2.034258114929451
1.1010224286952608 2.0430277213167316
1.097417813107703 2.017447593737363
1.1404944604142035 1.9828246780749363
1.1438704369589303 1.9822597875849841
1.1001800527104646 2.0404355750251604
1.1284361505591949 2.0677747838657705
1.158470109078593 2.0637673514077957
1.1519932568887907 1.9827901000018606
1.0982825750220362 2.019821467882463
1.09895681113459 2.03247345908569
1.1685146482371085 1.9872660704137584
1.097388638237086 2.021963247058246
1.1513893994626911 2.066344006341615
1.10130779408552 2.041129780079231
1.1057611288811908 2.048375139413483
1.109951343074957 1.9967395706837026
1.0980410905450328 2.0231878432703296
1.168478450855851 2.0525721437942113
1.119160764944509 2.062028087403269
1.143469642912652 1.983444942468159
1.1100916789797433 2.054103282024819
1.1341999417551452 2.067510012733304
1.1623289847350673 2.060561443733073
1.1002292836416252 2.0308139367108202
1.101429058264843 2.0086068348644766
1.1598542958094662 2.0620960635447103
1.103765791004628 2.0023712822406123
1.0981532490487877 2.0218035329417963
1.0989472859467726 2.0184304609312327
1.1465085230944017 2.066529744336046
1.1158224759071935 2.0579797095870758
1.1123811642674952 2.054985573647097
1.153102256255682 2.0640871992232475
1.101660761427492 2.035730669886087
1.1069318408596507 1.9994783081151097
1.1468479163406258 2.065908548991847
1.1282281378252694 2.065755033864704
1.1198869816161596 2.0615723979638436
1.1553859354815739 2.0635146980425145
1.131431996946938 2.0666321920698416
1.1563287162338884 2.0628245648474905
1.1215635673987503 2.062120794957118
1.1003163016260253 2.019983272846328
1.1401904287748592 1.9845132029299397
1.101448483871258 2.0295649547986585
1.122270512214699 1.9897386102580161
1.1010067602082074 2.0165471179594547
1.117760598642263 2.0584585585603796
1.161352632675908 2.059361613495967
1.1423741481970964 2.0655246518206654
1.10178709419083 2.0332592195817942
1.1341218067310013 2.0653640390256798
1.1188412524748117 1.9929699692426066
1.1052854246971888 2.0417889312717823
1.1715092565527176 2.0310207264617337
1.130900647154225 1.9863264115495478
1.1259458423665127 2.0629137618245266
1.1540748377906502 2.0623297027050045
1.1021412360446372 2.0275917526904834
1.1343285975282464 2.0647774433521193
1.1605864679913611 2.059250739055786
1.155584472724517 2.0614460625569535
1.1587965373834352 2.0599696820750517
1.1019897465244581 2.0123929513767225
1.1382313790834935 2.064344699320613
1.1067283035113729 2.0448974099818713
1.12740201103081 1.9886399688550367
1.1021454466734868 2.0136358038103914
1.1061420970327696 2.0034596875556585
1.1140374784399674 1.9965273448767804
1.1017419098655776 2.023377793019888
1.1041356828481381 2.0345707345497797
1.1421638630490345 2.063999642518544
1.1082073948637887 2.0459628515438997
1.1714271282361313 2.0285991439821958
1.1541743517344258 2.0612112345584848
1.1242707369331497 1.9907688434392223
1.1294299016231177 1.9874512944575988
1.110750992418168 2.0488948188143232
1.1103699557699838 2.0480137961693967
1.1160924992930996 2.054252769259207
1.1545960483193705 2.0608236014248957
1.1019523168717873 2.0217764411382637
1.1223664231478805 1.991682621165982
1.1673720331770836 1.990870706358311
1.163555883730839 2.0547685700015696
1.1493491165869507 2.061969450319809
1.1188348934315453 1.9943689774097082
1.1032131273074461 2.0228649741052926
1.1058050682294298 2.035148389562889
1.115914221389025 2.052017567700783
1.1711342036909143 2.0279753734866874
1.12161346296274 2.057808814320169
1.1046808056682396 2.0278857756941053
1.1627219174737475 2.0544374032908945
1.1653809317630552 2.0513858862116043
1.1537106161260795 2.0600741603681287
1.1413261122327683 1.9861190435314389
1.169322845236412 2.0418104689109855
1.171682767175344 2.005342873007012
1.124843272060491 2.0589193570043998
1.1494933197867834 1.9857128112433058
1.1511994812152164 2.06046021012794
1.1330230780965955 1.9882968896547966
1.1283402931641293 1.9894562028568976
1.1080244707820337 2.004123170948634
1.1636249882858498 2.052923244139236
1.1077170294273766 2.0073723408276627
1.120022022683569 1.9948375693709404
1.1052338550975547 2.0186947682450347
1.1053931284452712 2.0117304987039253
1.1083055101674588 2.0045327646539355
1.106443656660056 2.033599891692039
1.1262811390576992 1.9915742567761234
1.1710929791261886 2.0256110841035824
1.1092895214884242 2.0034223588110636
1.1629686814160836 1.989001990860196
1.165733756956752 1.9910249624021152
1.111035293139167 2.0449983740228364
1.1362177515363745 1.9882145640850535
1.1537012965423734 2.057726915591342
1.168577660682978 1.99519104063491
1.1625507553891783 2.052012460494756
1.1648109606661274 1.9904706700156143
1.130862638896016 1.9895601637084053
1.121534115269723 1.9951241083620095
1.1684920146240754 2.0418407804828083
1.169387793750046 2.038155228771666
1.127088265556143 1.991944216147687
1.1300264315182778 2.0601417104984927
1.1193129542290463 2.0528718731629687
1.1296313014348287 1.990622193040677
1.1416937390208428 1.9874792827104963
1.1081253881522182 2.029050399424088
1.1228153569689203 1.9945386287797469
1.110278749523716 2.0405365157450683
1.1402746956284404 1.9877059048020325
1.1459156661713559 2.0594276643909
1.11173205969625 2.0421862401481357
1.1067877311319902 2.0180503885683496
1.111997865787931 2.0436516665802706
1.1086248508362053 2.0336790196093717
1.1077636605893162 2.019872257750551
1.1595623925148777 2.0537162615548783
1.106473765893557 2.02222718109927
1.1339728081612106 1.9895748738437697
1.1528467839626448 1.9879401442802545
1.1357175800359116 2.0595842099560357
1.1283469124223866 1.9924106627993552
1.1368297206479672 2.05981575159856
1.1499221596955258 2.0571114691948584
1.110718530858362 2.004875304508711
1.1506034900061273 1.988592966920982
1.1096984248102624 2.034823211792668
1.129902422521788 2.0578987714356525
1.1396187919593128 2.059053015825158
1.1130213810656404 2.0440103417503037
1.1116011403670543 2.0033548474243057
1.1130373045200803 2.0436589760492083
1.1480600848071778 2.057044701648899
1.164145089842068 2.048195424564883
1.1083413879894128 2.0158104584662357
1.1095054056551654 2.033127302792762
1.1181257167300709 1.9981309271455074
1.109344300731197 2.028990166961496
1.1178121207440432 2.048625284143725
1.1657617696664144 2.046548690810349
1.1085312115652424 2.025663370576069
1.1381335838131597 2.0581584271220734
1.1220997195809992 2.0521112244603112
1.1542657743509774 2.054707662776509
1.1128427141245751 2.0031304520277797
1.1115311777760213 2.0373726633015954
1.1520668334255078 2.0551711260351175
1.1625870239900058 1.9915461059959232
1.14190334774142 1.989166307114101
1.15764895223691 2.0530816458657197
1.1340602994000009 2.0571988331059723
1.1220887285794157 1.995839561625682
1.1124971455400257 2.005533778088445
1.113885155827602 2.002709034737499
1.1449413197782254 2.056702443196842
1.1474681870214263 2.0561202044299094
1.1600706293430747 2.05101158625669
1.1418900581389948 2.0573778669005502
1.123726425370143 2.0520568731055397
1.1437646157811332 2.056876204294678
1.1556698177905895 2.0538869764787666
1.1360768573937636 1.9900966929593136
1.1104417106858548 2.0318397973315756
1.1200253397688966 1.9973457685439178
1.1517764364616352 2.0548269073982657
1.120958636082249 2.0499059776272577
1.1255386382585093 2.053980851653764
1.1390551262972788 2.0569497783444355
1.1324103935864938 1.9920727023893186
1.1142377462726574 2.0030337497798953
1.1236510192583564 1.9958239532689586
1.1379860770694397 1.9902855630726126
1.1545176014748222 2.0538804021315284
1.1110469648780676 2.010051730749178
1.1301806502637557 1.9932984479213043
1.1351667304078097 1.9914994264276078
1.157242239969395 2.0517877465191363
1.1481107816205427 1.9896233651558666
1.1106064896107255 2.0274642801542617
1.1108378579318785 2.0104817632055334
1.109983450865308 2.0264566753754902
1.1356544761114955 2.0555402660109
1.1448845583128144 1.9906649339297422
1.112524685346595 2.031494083514655
1.1157535172985131 2.0027148710307356
1.142049589254282 1.9903213311390437
1.1145047565409205 2.00613368160396
1.1544732274954954 1.9911283641077402
1.1120734000368542 2.0289134897516066
1.1628754403360593 2.0471219626365715
1.1107155604810834 2.019291596455138
1.1107839547241192 2.0171320932367593
1.1437320014882333 1.991194959459624
1.1606532927648718 2.0489287086457924
1.1178610107945224 2.0001732855015923
1.1384853672606887 2.055198168519058
1.1256208874534412 2.051224666209357
1.111033862010331 2.016966629742541
1.1511792052151288 2.0535809502937603
1.1311816865507744 2.054637432692291
1.1145936523407651 2.0050653806744037
1.1674531472025722 2.036179564469984
1.169867260001392 2.00563344556124
1.1346824732357679 1.9930497133777836
1.1138401608053197 2.008596487468262
1.1124390523365952 2.0275315514934102
1.1194351232046054 2.046199202673134
1.1700876558178552 2.022061653629589
1.1152776734208438 2.0368826787403087
1.1642081325930165 2.0443798196350116
1.1617516551081026 2.046983071565949
1.1305115423720908 2.0540764820048
1.1177121322739834 2.043686518604181
1.1200431857320405 1.9991740579347916
1.1660255339187644 2.0410213550672482
1.169987841492186 2.0166651949197765
1.1264693388522513 2.0500695527596817
1.1136770508909948 2.033461538287421
1.1126607538410223 2.011115298936259
1.1153690663644884 2.0071698712762474
1.1138533294749198 2.028419487692021
1.1401357770530969 2.0543086592664266
1.1698061597086749 2.0176430937791157
1.1525159960962557 2.0504009764750295
1.1188545223649788 2.0428568495889703
1.1697848691551593 2.0179422421592617
1.1287603785426246 2.050475451946919
1.1541778261035787 2.049738965349921
1.132963898215593 2.0528681437615965
1.128093347966587 1.9957916310461326
1.1254127280810802 2.049140295251984
1.1522021075986875 2.050196208916536
1.1477716894457188 1.9928768143832873
1.149902286753282 1.9930921991307928
1.1130383552005534 2.020195648893777
1.136921365424202 1.9937836031082
1.1142270630326159 2.024374929798478
1.158668294963823 2.0469288477259546
1.1319852194685458 2.050592082598773
1.1362840627256454 1.9943311083979243
1.1633931160928423 1.9957544143802761
1.1140148466738358 2.0181795056584457
1.1143459414967811 2.015360877721646
1.1152988687227887 2.010470974453984
1.14136775361221 2.0513876689117154
1.1286771886572022 1.9967360983289226
1.136456160100505 2.0510166111717405
1.1670485949965776 2.0315356075219952
1.152568985463719 1.993953603831141
1.1135190427321768 2.021575737725535
1.1522289696152888 2.0491522801216377
1.1157834170591514 2.0273638054082115
1.117108999999958 2.009056079846032
1.1326874538261111 2.0499048882413264
1.124080186080195 2.0454140633827187
1.1151158783235677 2.0235725533715447
1.1160548587713213 2.0257846660448875
1.1420364963274863 2.050076617222768
1.1686230758271439 2.006547965318595
1.1160353436233161 2.016785074583259
1.1298970406014308 1.9965885032896789
1.1656330216167454 1.9980461308106814
1.161175215121858 2.041964251288222
1.1375740817944142 1.9952762321625865
1.160775987445287 2.0425042493532715
1.168641644977492 2.0168120166144865
1.1167789467615892 2.0272514123360144
1.149819366107389 2.0481141153268294
1.1213141241317306 2.0398056916639202
1.1681583973862895 2.005169681901301
1.1490045925189762 2.0485561270983013
1.127126589284548 2.047083068149015
1.129210604168812 2.0477068500578213
1.1197984955190219 2.03784314279262
1.1161562251376667 2.011709500974077
1.1169592756462672 2.0273361559391345
1.1431127095886862 1.994597558528684
1.1269012470175928 1.9989645132800393
1.1545184399003743 2.0464816846170075
1.1686004796479297 2.010070181259474
1.1221172863076707 2.040107927947894
1.1198330534531291 2.0356270373013783
1.1460722117381406 2.0489371546275534
1.1431096218363541 1.9949794630605537
1.1186706236398907 2.029517857770143
1.166565575862811 2.0293713518482925
1.117571821694601 2.0104922623026376
1.1412363595814599 2.049260481761588
1.1258920687116258 2.0444706825038925
1.1655568124420073 2.0310435097973647
1.1196548763153549 2.034163630776959
1.1173050588637563 2.0244880127555875
1.1193218476789912 2.0083626056590473
1.1201675195630094 2.0068966230972682
1.1325377167820352 1.9969065411841318
1.116890121184868 2.0227510871775918
1.1166903943749997 2.012981933229427
1.1645451120237134 2.0340215022227937
1.1649581545598515 2.03298932013444
1.117277149112916 2.018032571363416
1.1606660142015797 2.0402766676438784
1.1669392080253145 2.0269117132090715
1.1594378066200046 2.041200577503177
1.1468582606636593 2.04751341860352
1.1687489368236643 2.012773584070811
1.1633764353168228 2.0345927181831933
1.1187892726297566 2.0263189916982736
1.1679474615088583 2.0147459275056794
1.1235961599689286 2.0363049343663078
1.1439888893002035 2.0474950631911195
1.1248673850438595 2.0017348210673056
1.1175257925595883 2.0121192837101907
1.1218270519063682 2.0346441485999183
1.1603974149509129 1.997211282243133
1.1635578606146002 2.034133829462309
1.130615185711786 1.9980434636597855
1.126451426407615 2.0414504088570364
1.139707623862285 1.996335962877676
1.1633136672762134 1.9990493471391788
1.1449397384754052 2.0468642260022216
1.1553383138828273 2.043538088759447
1.136306507803532 1.9968179677477582
1.1556019875693289 2.0433585990533407
1.1266118799866225 2.0007363835916596
1.118966020799359 2.024145938797246
1.122275756580705 2.004914275802079
1.148143067490544 2.0457296054380834
1.1223371699385067 2.0038998505133296
1.1479158988749614 2.0455453713479317
1.122268320216173 2.0041768168105483
1.1414292607398007 2.046970857726393
1.165487558563528 2.0271221936704373
1.1510636735528292 2.0445569330629665
1.1264743322215316 2.039661973194022
1.1677869397507081 2.013264796592643
1.1485444606761588 2.045195766390336
1.1330487453437261 2.0454002186171123
1.121613717653568 2.030166685581168
1.1310143048052645 2.04468281869039
1.1628859063032144 2.032291308075468
1.1378423519966037 2.046027561581641
1.1667058574340503 2.0050960911157656
1.160879477315398 2.035133363356437
1.130587482699651 2.0444235812145957
1.156730678855004 2.0403925272163073
1.1226139090728995 2.0319283000680173
1.1669569956551051 2.0205335217635545
1.133973961684573 2.0447272563620755
1.1622503238947728 2.030857728422582
1.1248231338558274 2.034995261764684
1.1248805210023116 2.0347394388980278
1.1284495186675418 2.0011070318150415
1.1563627905115372 2.038991210305106
1.1236079838631634 2.0042439635180855
1.1604457744915986 2.035131423048394
1.1232565296269188 2.0309065582826977
1.1259982174386831 2.0361011542623615
1.127392646314806 2.040258055968917
1.1414863201113132 2.0454991567798233
1.150407323352708 2.0423773066853337
1.1394365983061383 2.0453356970499765
1.166899980715253 2.0212069103575567
1.1263371199584518 2.0372082740421478
1.15748951499218 2.0361445756291854
1.1515781099660403 1.9971452488068242
1.1242382873565235 2.007176407942981
1.1390713590152532 2.0453497350065195
1.1246538757316242 2.0065547080376196
1.1570430696530227 2.036459157141579
1.1536010078964614 1.997597678001852
1.1217997390624972 2.025890684301619
1.1330646726389184 2.043447960557533
1.1331789706124464 2.042766470692181
1.1478498145528262 2.042713146307474
1.140920781909872 2.045188262546718
1.1335877194507176 2.0434957486830228
1.153694865185008 2.040645930083203
1.1451660916515929 2.0437446737340292
1.164008772030158 2.026657834414908
1.128574138359004 2.0020932291391733
1.165657119879969 2.007773888164154
1.134747809508938 2.0426502524470913
1.1347899493300484 2.0423797872351885
1.1319635607593288 2.0415805607817883
1.1293609132787976 2.039374867396916
1.1660094213417993 2.0081838580751254
1.1556971246188392 2.03656597274578
1.1396244511741747 1.9981676413182288
1.1660731986443176 2.0167011592999238
1.1536026856063457 1.998476024298053
1.1359728538035012 2.0440402436923506
1.156052113798052 2.0360172668328196
1.1298434835347215 2.001341772107797
1.1378064272899198 2.043648721473678
1.1553750588377993 2.037705715125733
1.1238996778704677 2.0274235418101805
1.1396620612233441 2.0434888225027703
1.1527785582392451 2.0388736978637683
1.1541719991554769 2.036357542682209
1.1237573279619812 2.0267175972002733
1.1609528512819638 2.000490441509112
1.1667291990257977 2.013159145766549
1.147459932683785 2.0395961363431
1.160354233244899 2.031129441644974
1.1384115977594123 2.0412901664384453
1.1335600816195333 2.039858934283554
1.1376129255042222 2.0412865371426543
1.1597403505336998 2.0328655226589225
1.158784695495605 2.0337814282296156
1.162303524440002 2.002879566279205
1.1580528766344242 2.0315590462801487
1.1240950337350182 2.0198835321549833
1.130092251867402 2.038031017967651
1.152832441670164 2.037000887855034
1.135405948655308 2.040777030971956
1.1221974217399122 2.01291934238914
1.1353724725852679 2.0393217772977987
1.1364980766522468 2.0397271052020574
1.1268040364670318 2.007860750144731
1.1431781032395725 2.0409006403625956
1.1607625871568463 2.027607652355918
1.1229385648472825 2.021076269342835
1.1392114001907279 2.0398913957571874
1.127227178648934 2.031769501856465
1.1240973580088622 2.0176407295293304
1.1627586989338814 2.0066326698601773
1.1396856690396806 2.0396175569370283
1.150436325239217 2.0379259612660516
1.1408611032800704 1.9990593464074478
1.128136969583086 2.0310397361771364
1.159962419644231 2.028788316965467
1.1250721362538043 2.024189111548465
1.1350565583026777 2.0005643717128545
1.1632624003985614 2.007981371240226
1.1631207962694832 2.0046550895991784
1.1473504851847602 2.0376047838936735
1.1335610676521297 2.037803133921532
1.1284368646406582 2.0306298593377705
1.136873979606313 2.0001260392625513
1.1474029088859805 2.0372631472399867
1.1394164770592259 1.9999851327755327
1.1292081232338593 2.031011548360296
1.1299602603012784 2.0344040454637167
1.1559051183336209 2.0328911630151714
1.1472482147779528 2.037108074315554
1.163825775261536 2.0173768468400057
1.1386182107811624 2.038475568120703
1.124021218321691 2.021894893671491
1.1555927249898508 2.0324540157301287
1.1357121381339532 2.036975445362069
1.1443617893741067 2.0373478741238977
1.1248759067717056 2.012011167016151
1.1364336136810709 2.0375462262780024
1.130216069645689 2.0341832461218083
1.1510987101039303 2.0350481857961613
1.147481052438087 1.999952424973597
1.143195525383911 2.038367159492464
1.1334315477377914 2.002787280595598
1.1606194364820408 2.00311846862066
1.1263516211406985 2.010415854403431
1.1566533777223644 2.0015193420894466
1.1596006827746654 2.0268962729559905
1.1247782021599857 2.0127197735048874
1.131476158855948 2.0032669183813394
1.128057384260961 2.0094595044027495
1.1604969693603289 2.0256871277703152
1.1298898301022642 2.0326613975972414
1.1535885658651637 2.000680891171684
1.160720332174544 2.024474782934475
1.1257197275402593 2.0182404331527164
1.125119761387069 2.0142618990991332
1.147463290323516 2.0004542815437603
1.140903052061653 2.0371570900124927
1.1414817010274385 2.000987578521293
1.1527944737216518 2.0323047734139092
1.127368382765265 2.0260549201695337
1.1385089789059772 2.0352850907384665
1.1406234816066922 2.0368158427525054
1.1552512006778473 2.0287011299561217
1.1330125192366327 2.033915052678364
1.1429873804986164 2.0009158779000296
1.156124865330669 2.027572815298516
1.1516174309930987 2.0328582487757973
1.126610266260025 2.014665586968418
1.1587343536335337 2.0054977351117045
1.1268691466324439 2.0175675580989134
1.1256549304549965 2.0142539760711164
1.1517305316757975 2.0307983398235847
1.1541591647834504 2.029396644091911
1.1589208591680427 2.0251730854248358
1.1281887300911715 2.0240032650172792
1.1320195146532182 2.0051512595187755
1.125639722051586 2.0128560116572283
1.1340898747183286 2.0326999829975656
1.1410615263234247 2.035114835318339
1.1611371872009248 2.017249194199058
1.1266614156705752 2.0138084141859753
1.139479471930007 2.0017505391122956
1.1279947582306287 2.0255793950035
1.1269151656884917 2.0115466893486866
1.1270655922737294 2.011580966773327
1.1613707832847098 2.020318726446101
1.15808023986814 2.0066906177266697
1.1506740615302373 2.0296770688761128
1.1604685961166106 2.022627818864407
1.1460174136944081 2.032636168056684
1.1577719856177282 2.0064510056996134
1.1277428474142266 2.0235140470777258
1.1473308801197493 2.033532614282395
1.135626645595214 2.033663609998407
1.1470452995272384 2.033317919945023
1.1470282999940313 2.0316566924700368
1.1335410804263777 2.0293363527592785
1.1300696258566756 2.0269715167295725
1.1363464284567721 2.0309376781153032
1.1457320995492528 2.033627461336924
1.1348646558741116 2.029048538846349
1.1301464641812313 2.0099210527690268
1.146874293285501 2.0318524785906993
1.130051146052811 2.0102668803230586
1.1369020698112604 2.0306458853308964
1.1368324900638107 2.0059182693709543
1.136180919149726 2.0062113585159858
1.1572473038463225 2.02515696904956
1.1443355190930458 2.0028840171549325
1.1271465597293353 2.0129995868108024
1.1563785941925664 2.0065284556885805
1.1375211750681284 2.005905856435661
1.139322878593779 2.0337245361028584
1.1301515847981645 2.0266533856815876
1.142720598981326 2.002702327586763
1.152075945988964 2.002322536147214
1.1322567547779636 2.0274300618850534
1.1426072383067107 2.030892202185792
1.15923945004269 2.0102137848341286
1.1280772163812736 2.0116220972084053
1.137658842940443 2.0054846947554106
1.1303079490571868 2.024821289281501
1.1502280408863756 2.002514083145993
1.1557760175970837 2.0251222915658005
1.135915126733765 2.0069081859704685
1.1507567788233946 2.002531538346218
1.1541304679043995 2.006665520751349
1.1369423917035149 2.029289439946912
1.1444819423061041 2.0293100007211606
1.1567694110817013 2.0088099081110613
1.156100315661281 2.0230504026282006
1.129744216067326 2.022990682498702
1.138806665054956 2.006170113919003
1.1291465348281289 2.0201755389928895
1.1565777481990063 2.0231899875756207
1.154584921457618 2.026483889790179
1.1289303438769793 2.0134173348210207
1.1295478885629642 2.011311774760933
1.1456522372834264 2.0279588652424514
1.139656150258059 2.030056755805321
1.157468154002641 2.0100245536868333
1.1594489366623166 2.0107929231956883
1.1458178731720154 2.027933234176933
1.1383672861214045 2.0064616766675023
1.1446464445596862 2.0277890067060955
1.1355157932517734 2.0080423309690265
1.1296721820138873 2.0227166074750955
1.1296385796698203 2.0207465992394336
1.157799693565511 2.0161424938286885
1.1369061112036545 2.00415545267034
1.1584863977159587 2.0215605782892596
1.1335215009933732 2.0245619919293896
1.138279818634282 2.0073638368331146
1.1530835614933865 2.004106605311282
1.151910529038381 2.0259736277872165
1.1476841766869288 2.0051375773580578
1.1566167691056586 2.0223188460953025
1.15658896658892 2.0182497971245734
1.157190999430115 2.0158533574964923
1.138386451166048 2.0086626456088563
1.1332488429203695 2.019585631756293
1.1550459203502665 2.018959624841803
1.152254370956348 2.0041625300242742
1.1327771476416906 2.015519598695851
1.1438913004515563 2.0049745981126006
1.1332285460027998 2.0229392167471403
1.1309042987991393 2.0203939228621417
1.1375291383903579 2.0268008681360046
1.154637002514772 2.0195878513719103
1.1541125730281176 2.016938810138519
1.1549977199778552 2.0100377283618154
1.1466502120397473 2.003659691918082
1.1574791227678627 2.0136436888582874
1.1325121354237684 2.0173496835597313
1.1411644200429278 2.0070943496181664
1.130712579751174 2.011929540848894
1.1584321602991805 2.0121555401681204
1.1417682987121553 2.0038895490242563
1.1517014444438785 2.0082073973701378
1.1324179216199441 2.014880423060733
1.1463677925806726 2.00870353509938
1.1433543515843887 2.0070871015713103
1.1356618503013043 2.025046716639502
1.1361584097211086 2.0251240820717
1.152930121786071 2.01888785089186
1.1431307671899575 2.0273106584202187
1.1581758158963293 2.013076286278845
1.1445496398910497 2.024728408754892
1.1445911573424268 2.0249073408104272
1.1423541299816624 2.008602555714933
1.1308553347396182 2.0132013078133166
1.1351493746772439 2.0104951794674144
1.1558126382788678 2.021227050460619
1.1311209196500547 2.0121553804386174
1.1480577214625927 2.0251053395940195
1.154579380684466 2.020945540438144
1.1428508186807294 2.008365016088782
1.1444894493244084 2.0241575431389753
1.1351156874017594 2.023418601653665
1.1464781200930942 2.023911813433134
1.1425944265343106 2.00945138730709
1.141694488962602 2.0266443023258276
1.146369955855008 2.0198886634109803
1.1355288470717293 2.010710245151576
1.1424689959609458 2.023973879507602
1.1520213776201969 2.0171715972090603
1.1473536295449944 2.0101660645104165
1.1328045957399542 2.013067315838787
1.1523655494168519 2.0208133676581848
1.1544834822342973 2.021381933088739
1.1338597991420833 2.014472864569932
1.1368709680493219 2.016482079742191
1.1371054849619076 2.018735617266679
1.1348287195138687 2.0124095562985196
1.139496568104542 2.019430603039666
1.1502974860248174 2.0201656522155513
1.1441341916300751 2.022968951283927
1.13893456588052 2.0188455758065684
1.1419229809058389 2.0252638729395085
1.1513807470560615 2.0210618860406386
1.1501902756192326 2.020469529061786
1.1549038084574765 2.011764507694514
1.1373100321743663 2.0175139009680016
1.1422333473676907 2.0188877441255113
1.1460671331362717 2.019379333600151
1.1369607159326625 2.020609700826845
1.1474795841397925 2.0207205814181894
1.1486101181350008 2.015402253055187
1.136687888612908 2.011010250631312
1.1371110210153206 2.020951364977238
1.1453276220802924 2.018781080861631
1.147791196839385 2.020691785574062
1.1549299321531066 2.011927854711467
1.1436724104504876 2.0192940522561487
1.1479261993536263 2.0223330682336345
1.1556258056210484 2.012935705703587
1.147991867129461 2.0150014068824165
1.1492652124802885 2.0203470205735243
1.1393399291919153 2.010739113938743
1.1501865306708388 2.0218466054766253
1.1426308789161055 2.0187366396429853
1.1412668716389587 2.016749655933771
1.1445781605682352 2.01812601273275
1.146968526881675 2.0106679611584073
1.142420211955316 2.010621197266078
1.143101038865459 2.0178042956763855
1.1375342950994827 2.0218130560698
1.1366715080020293 2.0122367986447682
1.1452740028088355 2.011076038643553
1.1381864355546163 2.012677245145004
1.1460266313953966 2.021458790280884
1.1390157909477288 2.012389726860378
1.1417549044888298 2.0218287095223224
1.1453145089794183 2.0125293122783874
1.1412681093766335 2.0114893212926175
1.1430394182343266 2.0145083806868973
1.1450413834414666 2.0120071777225226
1.1405495904236218 2.0215227415103865
1.1442149311444654 2.014109792857308
1.1455224338330803 2.0132986071536774
1.1457992309263825 2.012969087103423
1.142741568053923 2.01286353297725
