k theta
36.55133807262131 0.04408076435711211
23.043890639069495 0.06977792800231378
65.20886742844917 0.021655129334618002
70.17382937990146 0.020669905938217437
66.93226010821662 0.02143539691797898
26.704846444268497 0.05977790426842199
46.622087022270904 0.029499644123011766
34.2364817356028 0.04640858030196874
29.972609468837 0.045017765245856524
39.42347625318134 0.03999153749466432
48.57528122943112 0.03200776436008702
18.12442089744385 0.07736085243895982
48.09548375885306 0.02879179537771851
28.796996121557356 0.05506136038982251
17.518144743823605 0.0856924829102648
19.196152222809797 0.07236310088500016
19.089822750537877 0.08060450017511152
17.277704066111347 0.08480637773771617
62.66757490942014 0.022982553459545432
26.545065696390928 0.05119707031778408
62.828126690964766 0.02294863449757637
33.27830722049594 0.04090598601367742
20.831433492565843 0.06635007969084689
32.130995266497095 0.04239530527733585
45.64420581255003 0.03036799107064602
48.213861184512304 0.028880349556352783
25.108458106968712 0.06256866302581975
62.909937637321235 0.023440169985152644
37.451615725822734 0.03660508514435857
22.56211326564932 0.0690582255641674
21.990926218532554 0.06274287641028055
31.140794792034654 0.0505676252150503
43.19857265136089 0.036011880604997465
30.525813349040078 0.05156711197992814
58.81846879429308 0.025555310429683786
38.27413043848676 0.03591093183336776
52.31788422501221 0.029213069357595586
19.622353148140938 0.07189386303113499
27.622032897444786 0.05685513118552371
50.43803586824897 0.030402510285701158
19.15710651262012 0.07852687118798725
23.211732670199705 0.05938540181074375
25.210765251514626 0.06204802105671603
18.61689469101851 0.07881917730309715
19.135319075669067 0.07462914222914756
45.3657010270767 0.03409095067759204
57.60351604010794 0.026085996161626497
25.81633633220492 0.053161607271049585
51.24468483287508 0.027482836911954953
19.001031034360388 0.07800828524961483
52.46156517726292 0.02903463759836425
19.15630429540224 0.0750611586311629
38.86752801412296 0.03550212564313163
19.019135002155416 0.07732937170734314
60.26989133331766 0.024372579068417166
30.44997589812308 0.04503036283174538
20.872387051315123 0.06726137273945412
22.685817670726376 0.06810729855773591
20.814494872447646 0.07323590162449854
29.019889729331744 0.05393681653983092
20.548709061612726 0.07393212380058012
28.146276784976287 0.04877109153415865
27.28782761149045 0.050338696832254816
21.490459398784658 0.07128744549918463
19.241101958978373 0.07633629791696697
27.05905156906048 0.05770961823873895
21.163830694323806 0.06632202409068708
50.26772364229113 0.028030404819963564
22.526775951039248 0.06836456805676229
57.83025013167348 0.02494895225973962
27.845185121807468 0.05609371813109442
21.11252486074055 0.06662166629491678
43.70961372022491 0.031864972093040594
52.024174647348175 0.027227974556890175
43.44568539736038 0.03554831626533332
24.037345612861447 0.06438894509299029
58.93281271581558 0.024928063264600883
20.60133200917459 0.06881580667274027
28.388756059138096 0.05496024466838764
35.36600683736343 0.04407397247122268
24.49186519533533 0.056530141666594855
19.711946162475567 0.0734159611864044
45.539967688777125 0.03377168895689297
21.530877825863488 0.06534946226286223
20.793063350114895 0.06825419541649297
40.30237647775445 0.034440221248384965
47.093838674291035 0.029819021811906293
45.08639732436417 0.031032321397594716
22.075722628162065 0.06917025315687035
40.14690810358399 0.034582734906779634
30.032813258139058 0.05189549645649938
57.14971115494733 0.0253803688388274
25.377678834120072 0.05458339293965474
25.030907271772918 0.05540343237498083
52.75118368089629 0.028621686411534036
20.120049577447222 0.07331210638005181
27.358723567285452 0.05049410002469447
22.174378043550497 0.06876535258682147
57.63488915689848 0.025456062356868037
54.319977340421715 0.027638200539193324
57.52133998512992 0.025569409205414444
56.962426718968864 0.025516699003409415
20.160140977744412 0.07267014245599775
55.505313715302705 0.02689528798745
25.521214057887953 0.060607684456328095
21.26461630116583 0.06679736925710292
21.158896796601052 0.07117687884692958
29.24934937345349 0.04720722768187825
56.66900568479782 0.026133039441610037
49.12196741026623 0.02878041207101687
41.17110828126614 0.03748771448505883
55.59454038603753 0.026803216264675397
55.97831559873149 0.026558915181038027
20.61456722740771 0.07218135443395149
56.29196222440673 0.02577105978607571
21.417682449263083 0.06630393228261078
21.337188821515767 0.0706218686570145
21.728203613820973 0.06516481800854047
29.623475507296412 0.046639540266703056
31.656085154188123 0.04910991823826657
20.87562667559049 0.0714974833822784
20.874355625978225 0.07149146421516811
53.84306794653766 0.027843739707619247
39.66732597230828 0.03508148634835169
23.741827226502696 0.06454520378226095
45.517072838041784 0.03361347585262822
22.56392440540158 0.06738768670863339
26.710316646842198 0.057907706580190926
36.12138128652791 0.03839458277987295
37.47582614961451 0.04129757054775351
23.169938003019254 0.060609277442605865
20.702786827904514 0.07124937837745358
27.492341988709434 0.056321729319719065
27.52628918503256 0.056249311516128046
24.926909503782746 0.055923708343334266
21.399324945958135 0.0700815380971971
27.930886044804435 0.04962598589033546
32.60733586629436 0.04758720030882487
34.11495053078014 0.0406162064972764
21.82037938127432 0.06521315286917238
21.976550751203288 0.06864122648914145
23.234571352745903 0.06560519628396519
36.681643171963344 0.04217937694167871
37.10979474417552 0.03745186957487066
23.49935626689299 0.06495414339326386
20.85279395435011 0.07017775530009203
53.60916287965872 0.02788069444238926
27.637283733872557 0.05021718752527547
34.654054700603155 0.044704725239839135
46.82408406221506 0.03253742561645149
24.516711984118057 0.05705213179718543
51.91286989628088 0.02756391921281289
23.85586052101217 0.058813688367653265
54.63846358625838 0.0271824301467603
39.20795984707256 0.03932999452771319
30.03560652649921 0.05158067326106196
32.1780082552916 0.048165833126463324
28.393947901222944 0.054489386300842255
28.338460944332695 0.05457843280453713
21.014974769525956 0.06975320681438775
28.277509826188492 0.05468770077548988
32.82444478219994 0.04719317580881952
21.05231277788942 0.06937003004094743
23.11902090243571 0.06569765255397339
29.358404599013745 0.0472845547299024
22.151125773386823 0.06435799578809046
40.54136694362739 0.0344938504424551
22.37975626103991 0.06729764164749694
50.38142114268692 0.029890248046552277
49.946425093557274 0.030185774373093534
33.23609796553927 0.046521069166646466
24.471530998159594 0.06239700552219478
54.50796444786178 0.026844346021186974
52.98968738404802 0.028113604504951338
53.79060744256208 0.026984739155685077
30.567336410347238 0.04545698010943149
26.572583439043633 0.05785530033082912
22.18726028907165 0.06450619713089509
24.956455714094687 0.05620727650834777
49.387666691291415 0.030541356054778417
40.63099478208092 0.03777769191733559
29.517707679798484 0.05229863706464029
54.05783163974143 0.02728319683031269
33.92779751029038 0.04100390101043797
44.62560160355318 0.03161102327565655
24.505971802593844 0.057402935546266534
21.85802716394428 0.06606932743538824
38.24776963056327 0.03651852624416519
26.98278022259851 0.05173644208294525
38.969133584691285 0.03587750672975326
22.14059604488769 0.06735678942904841
21.79052697465626 0.06785414846365004
21.94958306115245 0.06573092246732959
24.89697849978083 0.05643752540634743
35.683687728555356 0.043209149683484584
47.82606512954779 0.031630412466590804
21.81536187630945 0.06766364318476929
42.46918406292755 0.03310973114116046
35.63262264364509 0.04326428971047223
22.807871718123145 0.06252444294184226
53.728955904615255 0.02734390118897037
21.82446434020443 0.0667513029033149
40.286959443806126 0.03806837491096722
21.85741218562231 0.06663857197068725
24.693286627241665 0.05702396769879155
23.777403510427646 0.06367318030862228
49.22961883538423 0.030580037149642837
24.684841285050574 0.05707607320250155
23.678902283127243 0.06385996669784465
26.00523352094107 0.05391431309317965
23.973344752562603 0.05901766935087015
22.184960926626076 0.0651095134661395
21.969494576733155 0.06696935461343083
22.307829002294255 0.06459912528972746
21.952841649008334 0.0665850045613108
42.50446051379221 0.035929606010970346
38.14210841649217 0.03667657011755562
36.77886555995891 0.04182901722616853
51.614844587019235 0.027954448648093197
50.200184131071275 0.02986655362973102
50.5837371437235 0.02840629964783637
53.08666050025752 0.027767717695220642
24.097087694310986 0.05873428647135474
27.82337250679444 0.050222718124114475
24.124666664541607 0.06278398996354112
25.47680447367709 0.05986741514872232
48.30847057402869 0.029537431737757247
23.385398893305283 0.06437000610106423
22.14424101041368 0.06587529712375277
26.001355831025595 0.0540055292549698
30.83432544911206 0.04522094161990153
51.1029667125934 0.029194633609969316
49.60264139715096 0.03025067311513207
45.62021398377436 0.031082547171254152
22.226135093131653 0.06623674949871515
46.427062746186046 0.030603188814754274
27.75322349670092 0.050415565816859916
42.31017088928652 0.0333068702720637
23.87096318072361 0.06322464140441564
27.46626666831121 0.050977390159445905
24.458665475977234 0.061928528138575946
23.824345995618714 0.06325997058985741
33.49875042128454 0.04593265301486874
24.289220536795355 0.062245120290484096
33.95679236680073 0.04529768892273924
24.70263672578191 0.061353502098405545
52.20745117469026 0.028273514047907837
35.695928044467216 0.04304179417910848
51.00752193576724 0.029174118765833236
22.453160405305077 0.06520264076079482
23.60966730938875 0.06044526548724926
29.05775687380034 0.04812591504722635
23.863646634280535 0.059673882896473074
36.457415683216404 0.04210862894727837
29.71003864380803 0.05169250114316054
29.574655719602 0.0472718167941274
30.16288970157167 0.05092900791730353
41.24522187997638 0.03700074363946176
23.157373167166114 0.0620163286614574
49.13999710913415 0.030494989242446036
25.155640368881656 0.060315571239172756
42.87097254855311 0.032956658875560194
23.787557002090463 0.05997279630670745
33.14970334410046 0.04636767381247099
50.51139292219871 0.029489946526425947
39.25696540704821 0.03579279416697335
51.522539704342456 0.028702809818192697
51.47030355250965 0.028738141381088628
23.629120072180562 0.06342054697280515
22.752023939038324 0.06396450853382776
51.79306237597383 0.02821458402178363
43.44530106528027 0.03496668578390395
48.529592640267474 0.03090846980625557
46.0622278439305 0.03279063217168517
22.77124136846121 0.06397655787896522
47.057036738818184 0.030338264540594614
35.70244504060644 0.04297624488915782
22.914529242518704 0.06454617212207446
40.576423742484025 0.03471176993555238
23.276624689108118 0.061817148409594326
47.12937688329536 0.031949473600786815
30.25829925725926 0.0462450110284465
23.204403846754857 0.06408411167993223
44.72373760723962 0.033862901724302626
22.83543149461825 0.06377078782353789
22.88321410055175 0.06350230361269416
25.859085239211534 0.054596762557903564
47.787616505974626 0.031435788545235245
34.56340963430022 0.04439856234851507
51.53624966441534 0.02839431918361353
23.03282092618791 0.06418454030960055
43.854377131692715 0.032331445605655616
26.93834568066527 0.05658460845788126
31.53000931799168 0.04865851256896013
47.86091023182733 0.03135236406598394
23.036640048001615 0.06392919388661346
35.490563918459856 0.04318450118674212
44.01173762515174 0.034422040626489486
26.92685047269467 0.052316036742051736
26.94593548519859 0.052277132396991076
27.460053164388853 0.05554020480896046
33.57707863317077 0.0456721581597289
33.86900712026018 0.04526331742189942
24.93798636752679 0.057019817895234526
24.997198901909243 0.060347533646333815
25.964982447294503 0.05839813788555825
38.422289564665704 0.03975298057560588
38.00176820010083 0.03700897797139707
33.222610156995145 0.04612520569134478
34.134247443448984 0.04107916450035309
24.85861692221572 0.05730115773945549
48.97523960754164 0.030439700510105215
26.78263027292429 0.052701728878757535
29.10342649561985 0.04825648016223051
25.15735948407063 0.056516083561693034
48.86010826259549 0.030518313303880842
33.64098082320459 0.04168123871910774
23.4456887217467 0.061891744966356334
25.996721768486886 0.05825654413790447
23.63391240539615 0.06273574208459592
25.182730035529495 0.059859699901375914
29.374970811758025 0.05202367413220745
25.312088773361936 0.05959712206373652
46.558399997046145 0.030744219449224335
28.72529066742793 0.0531312321948315
31.432243310168722 0.04462845599449042
47.855635924244375 0.030042594855465864
25.14537821908793 0.05989830303838695
42.89690222460911 0.035322910777584385
23.559546901672668 0.06266183530000431
35.90021161778681 0.03913688683963185
25.136834137626884 0.05666745064091712
28.585100425125578 0.04922743442344341
32.142892475261974 0.04761511677667585
23.532723787751788 0.06189315196869981
24.07875138556723 0.06184895054763565
28.979463773498875 0.052654786683149574
38.62934652238877 0.03649060450443148
23.701944988984373 0.06125073139529427
23.712413501863185 0.061208824300229704
30.568168406141773 0.05000132276335046
23.956613063267085 0.06032790856884783
32.873276975230404 0.04271223671163803
43.256746916445536 0.034966734386347106
23.729553633263553 0.06209459707011818
35.65424217331387 0.03943457600745977
24.593370855634582 0.06080021130114087
28.347002789363778 0.05371667826712363
49.11258790572156 0.029522609780652596
48.67089661660228 0.03054938635356342
24.143665148422947 0.06155221400499863
23.95677444372788 0.06180257525926038
24.133222009613817 0.061527498795250594
25.55928470798214 0.05890054014979618
45.26955299369497 0.03157729723772368
25.346686082616046 0.056289850711901505
25.83348015812448 0.05507528298164185
49.71631968699314 0.029441359012807207
23.842325370090805 0.061209013956247595
28.020489473323167 0.050381339704241336
41.7716364202677 0.03627617611225935
33.20826423035445 0.042326508657594235
26.677354851911204 0.05314683042586414
25.34161119097741 0.05635998750464074
37.14789469659415 0.04103954482469012
49.32231868520244 0.02991138577771163
39.694535209395745 0.0382850677711213
29.285982266957554 0.04811929999762466
23.999240947924754 0.0612868618045777
26.018152213890158 0.05470193103016284
24.055048687713196 0.061220582163876686
45.37493654358493 0.03155135697825466
24.008458037783846 0.06082377561507732
31.624944335023937 0.044480527282556505
25.72219286153931 0.05543895429019873
25.431559213102958 0.059013061357567835
38.02097611233955 0.040043148476652315
32.536003127435386 0.04692494757651176
38.57219803296254 0.03662027682649892
29.072517648140664 0.05234516473221896
27.54223979116925 0.05138188384454692
44.14327622682098 0.03233297171055035
48.654285276691596 0.02984450459519806
25.225477441362916 0.05936234189543516
26.02340129820256 0.054735775220964886
25.57235967090916 0.05585917621082036
26.705784473772592 0.05656649254236047
26.761440557602555 0.05304758945087653
25.367688678550493 0.056400450619298145
24.163123510117988 0.06025306599136804
45.07901085359666 0.031752059763527886
35.5119317559765 0.039666193994757966
47.174378395391585 0.03161579486323881
47.61540958123946 0.030341491158037852
28.10697929465099 0.05399506037218294
25.951373815693216 0.05494570913150177
24.16497363093957 0.060477379504679796
37.53987621524678 0.037604010212863984
24.246644513404256 0.060025951101169185
27.422072280675998 0.05167564773411489
48.46291453752781 0.030537271555203
39.00229318214586 0.036265822178773735
31.372314246497154 0.04489155319097151
39.2443337983845 0.0360591567038505
41.68013039007248 0.03409397834159801
27.023416284504485 0.05253333297144894
48.21752262736 0.03071830857292747
31.570013372260888 0.04827628689829783
29.723341577321307 0.05117188676523479
25.150464323918442 0.059315613607194576
33.03311745568276 0.04264224746039063
27.47742861265449 0.05504828757445332
39.338497890118866 0.035997698328601745
47.804225933689224 0.03033273145108492
45.72710026840058 0.03142265119417915
32.34651206704481 0.04711315050396643
41.37885551241504 0.036548966360138366
45.22163167288088 0.03173058546081906
26.46574355620594 0.05385221400714649
34.942851173812535 0.043592576642133174
48.2407931937722 0.030608757296027203
39.38333808091029 0.035976582234231204
24.81571400466652 0.05829091802222961
35.83789706824457 0.03937939648830056
28.716891662881547 0.05281513807802019
33.7761465833946 0.04174014534958139
25.455378163366365 0.05866657859510519
24.882323799897 0.058123241055085206
31.723488488808446 0.0444518677661088
43.47643333689048 0.03286108390950751
29.473551824600975 0.047953672356929496
29.20188404845941 0.05196281781249864
46.00307965211334 0.03244816191908122
26.51807965851635 0.05380575233836084
40.2699797067052 0.03758708938248413
24.681780707159025 0.05905386938609216
24.641336544553944 0.05944872456277677
33.200711355537706 0.042489881994056594
32.21256715375827 0.047247991568491736
42.68680201173258 0.03528829607106843
33.493806424774654 0.04544694285878599
45.93069294292605 0.031370430926204916
26.932905131136316 0.05589577226685114
30.728819607672 0.04946401863790573
37.90599295183439 0.04004382124632692
47.26127460490703 0.03136140411435949
28.452164800561903 0.05319498060532538
27.634167244590174 0.05143250780675607
24.788784032904296 0.05925080185775355
35.818348099687256 0.03944797256484228
44.32039396935267 0.03235139026136434
24.94376767391025 0.059195273020514756
39.55136863591413 0.03828764332610021
26.98273120342261 0.05577705024887402
41.31990457161859 0.03653983117699412
25.527093429132215 0.058353377784199245
25.83945177149195 0.055547476080024236
29.447705632295474 0.051499110918369624
39.34048905063512 0.03606573588728534
47.76718031947436 0.030867453936081493
42.22069292702662 0.03378450482021155
27.671428825443634 0.05454147620314115
28.32317042806979 0.053390766633172486
34.34368559578837 0.04111702147117658
45.15999366792513 0.03185161692396957
25.065034049852933 0.05895371794592165
30.233117258929738 0.050208089485450476
37.347993907937955 0.04064064879163698
38.252294719207214 0.03705706006775712
32.11358903517966 0.04733240925126017
24.971182847322307 0.058792145282403445
41.65138768597742 0.03423137775158046
45.01907306881782 0.03318995013081485
38.19390818145549 0.03967962783649603
27.48349781822148 0.051835268227571445
43.91155618129632 0.034136248079121974
30.846453594050427 0.049205000038565316
39.80923606260153 0.03570597272375868
32.60409759655524 0.046603937364534664
26.630607941713862 0.05627925631877528
25.090091450215066 0.05832632709233875
26.10391263118085 0.05504363035758766
46.74024444277191 0.03168087036961881
36.56001541554971 0.04150362752190965
31.003273102346757 0.04563153222351007
46.27926012390887 0.03129445824327129
32.24548761494845 0.0470996408480223
31.24834789201738 0.04526823670374982
25.607401544903755 0.05643977869168321
46.387649423346005 0.03197409983307561
45.03784429104628 0.03199008284142444
47.23085526252511 0.030929154127292323
26.111896011345586 0.05711849455715025
44.82268408565936 0.03212543819420792
26.275655389024326 0.05682740693712944
30.141398999873815 0.04700147159966025
46.97825020232245 0.031029613188300276
25.819372544188973 0.05755468156018449
45.87007953002298 0.031539678581454546
25.337636290765232 0.05745102347609033
42.48120109827369 0.033674101365829795
47.04249592165623 0.031032973371635443
31.976878305288082 0.04746160663975995
46.82945576822818 0.03152385829442336
38.91690915295181 0.038862118657187396
28.88436094291311 0.05229725734342878
34.05771471422924 0.04154035037920631
43.14268191321858 0.03322950879291824
26.63584457652986 0.05613320065235036
33.80455874667917 0.041858858900014964
29.961530749949397 0.04733402917781677
43.0098262062843 0.03332903428182351
46.80626047970314 0.031455195977753786
25.585011879512358 0.05677838753673063
27.28580799204545 0.05497828674997689
35.96874746461464 0.03939542422576647
31.624010180476088 0.04793713247068742
30.48422182332598 0.04966211361412353
39.62349019643567 0.035930196309864694
35.38298823855423 0.04003795325128691
46.368880740537044 0.03187108206652067
46.346770831614485 0.03188591791704036
31.06674123442297 0.04561585988916964
29.00389469287495 0.0490257738366526
27.371180292554396 0.05224918441457144
37.84210070535559 0.039978180262148465
41.68661324688017 0.036063373361755115
38.473245162362815 0.03695301341832797
25.58648065843062 0.05705432200484918
45.6524503041961 0.032494835533800115
40.29192513718555 0.03539668334483448
35.247858485800805 0.0402106568797137
26.520481238141024 0.054283257383856365
27.822332554836848 0.051347447906284746
45.62357410163622 0.03178708834925683
36.62564526159677 0.04133305031762491
45.85403728940971 0.03169042267628269
41.65928892569977 0.036059223923781684
46.42712430985778 0.031530886874184504
44.80944522710875 0.03320327244574931
38.00205047071763 0.03741070614344398
26.0214817926014 0.056848085800852016
44.07878703524073 0.033844666534907225
41.723332722643946 0.03598999845818793
28.11539335652963 0.05343754793239762
27.959967189017966 0.05110775823255515
34.44340618081399 0.04398457615489173
33.227818879689025 0.04265862592903734
46.122977069412556 0.03195283102161763
35.06912833647695 0.04318532092920901
43.74230523415429 0.03292465130068432
26.959893044867368 0.05535348557583302
44.015526952357284 0.033878753161036605
36.48738667490934 0.04146451970859589
25.971356294261412 0.056769190362871674
30.259232683020155 0.04991628256861543
25.894438464601514 0.05634614013796214
26.360970018538673 0.05484776298057658
26.170851176211357 0.05651232090858193
41.36853591789794 0.034596968711624765
26.98068496628856 0.05528337043770336
29.87791805448291 0.05050705899109882
45.45052415922945 0.03196932744937871
33.19119947265975 0.042735047972077424
39.0973509871432 0.03856058073354965
37.19061470112952 0.040634799198140434
45.82167797142461 0.03217750643072618
28.146278669367092 0.05331762588173129
37.08995535682605 0.038329450320834436
28.75731111745168 0.049613321081807195
44.452810036013666 0.033452666592613305
26.117300994098194 0.05640898418023963
33.13616313056968 0.045671975789372425
45.9351101150936 0.03192338300727714
38.4354307873796 0.039246050632957004
26.86482155335848 0.05538850219892249
32.53305519297713 0.04649743634090418
33.429157333429856 0.04526014912753811
43.80099407437917 0.0340042613381816
33.55142017015221 0.0423110672924066
37.60010610406656 0.03786128954171383
41.74775587645358 0.034362472884083416
33.70545045280463 0.04212609742395639
26.787177880233273 0.053926703532993156
40.73878927772996 0.03513207947245429
43.80498489247583 0.03296310186955394
27.564163911707492 0.05418932362251727
26.19109544712266 0.055848712414703794
26.237966667247044 0.05601788169546016
26.224274249323845 0.055959931503243764
38.31740528462372 0.03720050875432145
30.24716298274899 0.047072164362719174
37.41172512047348 0.040335859685713654
31.21149809138465 0.048370905089328974
26.254020685749943 0.055746054046440674
29.15097759891715 0.05156881357064309
27.5301219102235 0.05421379956262039
42.20237674007457 0.034049135611590946
32.89095435968492 0.04318742900611001
28.280266078848264 0.050628051300400156
30.559288986100942 0.0465725573094667
35.07649557878963 0.04309193633796017
26.774232876374455 0.05403072318193393
44.78070939472324 0.03305994709801214
45.49775304866056 0.032244244283633455
42.97787385333612 0.034717380771813806
31.018080018768277 0.04586509223858414
36.4644627833631 0.04140742417881724
39.68083285106077 0.03601622721230633
39.241249700374425 0.038346394861349914
32.71205243728413 0.0461928809228316
27.523923868512572 0.054187502621045124
39.4066717607065 0.03625356170342793
29.7728500119781 0.05054028159239212
26.475521846699365 0.055596308315134166
39.298817894330604 0.03827525547600198
31.854988001250337 0.047390115318693145
33.68408771639337 0.0421949747153402
26.419182950004064 0.05537533813997503
27.511350368544658 0.05232403520149635
26.843990255779325 0.053955451772973194
28.066482424247667 0.053265483371482715
27.691280458212766 0.051936635974059106
43.79115725520877 0.033040853164236855
36.05911490576305 0.04185985181489701
26.94909583602125 0.05371636330139041
35.12303904006218 0.042995018034751226
45.09497199186641 0.032620289431002016
30.084390868826674 0.04740366970479485
30.967797966982424 0.04867579990472641
33.458372357555774 0.04513971125292332
30.341488695140598 0.04962125133504566
26.992514425697948 0.05362614409012149
32.41613373821572 0.04387995492735781
27.291266972285342 0.054438026180661854
33.69620159193922 0.04220836363255454
41.822283245127494 0.03574278744695379
33.931917899932344 0.044494543936477074
28.228235565779528 0.052942015543141735
26.614577981849518 0.05504057974227004
28.388600159740136 0.05268129241010159
29.73095518544151 0.05054087173955051
26.730565207153422 0.05508218166548401
41.1652904181856 0.03636231193163038
31.567477097983023 0.04511177534172647
26.7097334731139 0.05462364123183275
30.262236597585797 0.04970672562648859
31.079032185246618 0.04846982939613616
41.61242546713752 0.03592346578942587
27.091750375560025 0.05463626077997915
35.115883520378205 0.04296822919557115
26.94201230850885 0.05481577574059748
26.952481083610337 0.05479367775677303
43.592269679723294 0.03404573885090886
41.64680012138656 0.03587665060837782
42.88531957420212 0.03367935674747258
28.742859943640426 0.05206552619129012
26.84695746372939 0.05481463053438939
44.42204359792417 0.03320921238281914
29.56657000588585 0.050753890618563266
42.481520394476576 0.03507224297454302
27.39423561189662 0.052815584062252556
29.186913344110657 0.051334041589213245
30.585538595231256 0.04916837152019304
44.546870153824756 0.033009688922079686
29.209064775871056 0.04903904472197766
28.74448278684938 0.04991856117887191
27.050668323812697 0.05449740265027532
32.763680032005794 0.046008532092736545
44.54617399226727 0.032951242542844296
26.97612693919478 0.05404370586738521
29.414880280809843 0.048669872517909295
29.759397073916784 0.050411966806297046
44.058455747290225 0.03303886187462187
40.712761477482914 0.036751216330307535
27.24355703963246 0.053309137947018616
27.09138803425145 0.053775144175182595
30.982508551600375 0.04853738490543122
42.64659876648554 0.034864500353507126
38.966202051223895 0.03674466835056736
27.387531087569783 0.05299422741785891
29.43202074883245 0.05087998984760607
38.313881695250245 0.03733779634143408
41.123295507331605 0.03499238138771881
44.033775544055736 0.033453960812069375
31.2224468027689 0.048154603620628164
37.15126969041713 0.04048250993801123
28.969215002314442 0.05158249252566742
28.072580169201178 0.051396246389638266
27.55106137739077 0.05263134765113398
27.80966334514484 0.0520084889079858
36.926819253382405 0.038681434565881044
30.642147817683743 0.04665499199869968
27.538420744354845 0.05269718536668393
28.037917283163125 0.05150698011572852
31.873441786325742 0.04718750388000803
34.88284360608688 0.04316243693567653
39.25385865315449 0.03817774073939662
27.78863840225911 0.05211567273096793
36.547368164933346 0.04115015165734777
42.66103351318086 0.03478501372888152
27.483381263323317 0.052933533262799065
36.85371349103964 0.04078991501141868
40.811425165527965 0.03657953560281785
39.91567172634821 0.035987447194711135
41.484669426252346 0.034771959386100885
29.997584481372886 0.049929785025626644
33.85391087693175 0.04214837181084526
29.699059111428685 0.050380263947641
43.16237612988636 0.03367751329184609
31.00813154439646 0.04611799189470067
28.3649692250058 0.0524039100835373
28.767864407406954 0.05179458058319057
29.710068943334562 0.048285300452856963
29.21562454580721 0.04919325725093373
27.449883789513613 0.05338907783485461
32.109415178710236 0.046810873931099735
43.41324678677978 0.03356687462136456
30.464777954320944 0.04700070664464486
42.11556224153739 0.03528034393868235
34.50759043872014 0.04359507552068811
32.19992419646793 0.04436591283645752
38.13063894760742 0.03757102379506637
40.384818594691595 0.03563772097068096
31.523566407339835 0.047627760271962145
27.53458630618595 0.053200716862122126
29.785778335827757 0.05020423651612806
34.750642719250195 0.04109501709523507
29.13898468060099 0.049373694433840085
41.05637914248526 0.0362965532001949
27.97008321109176 0.05185803815417303
38.84598748297884 0.03693681795496475
37.71462867121676 0.03797626098649384
32.588004050262846 0.04384615187250159
36.296360142510686 0.039396853371042005
31.344276331365087 0.045649483113205686
42.899846755333456 0.03444391748383027
27.70088467067272 0.05305483165852563
43.009763469386975 0.03385576890578664
28.806317051296247 0.050069343678729825
43.20579210178182 0.03377212824829336
29.582980170049616 0.04858354774442277
38.26496504209276 0.03747255600108588
40.01119903730118 0.03596567358824016
30.930346310693018 0.048453309386296585
30.83960963385865 0.048586379794169535
36.84615463100164 0.038843703096299885
27.904474891333336 0.05282254260630415
32.22281769621731 0.04659464667630215
28.21027842654334 0.051394813215500434
42.2396203236928 0.03434274303912844
28.040757833311567 0.0518245454421232
29.045880205858346 0.04963195186101635
27.786711059997764 0.05269124030200413
29.2396243031774 0.04926092122099605
28.062545889244998 0.05258457446144733
29.920557730615627 0.04801865631400351
41.74065915814873 0.034687640058923885
28.32890099375277 0.05116581368491114
31.00231002108761 0.04831560189269829
29.338704816102013 0.05078656217233002
31.801894512365685 0.04716466657513748
30.313051369411514 0.04734810855661803
42.8586891134092 0.03440403930187605
27.857754828039255 0.05259461486811774
33.14480248596159 0.0431431405367099
40.2444356165471 0.03705097978248218
28.18277592419047 0.0515518557958259
29.40172434519131 0.04898637084180681
30.648629985543494 0.04681095884637997
40.99065435725972 0.036287936110481867
42.60733794431854 0.03464099931727415
41.696459401530475 0.035576380854615855
28.694012436663655 0.05042023376340936
37.53950678509013 0.038198011580436765
29.86350733869628 0.04816377375426404
42.9215406949958 0.03411425009111474
42.52241864010592 0.0347075402151332
31.83225187880295 0.04499377145652051
34.25522255056981 0.041762495673881864
40.64497729735237 0.036615959396946625
39.39196388862734 0.0365372284555364
42.72867573095118 0.03417588261544291
34.17602806301132 0.043918360976311015
29.886755100359494 0.04990111612974243
28.46445204442773 0.0519310375140268
29.751713765284098 0.050097459833077645
42.83352748712061 0.03423134351314533
41.52535989697917 0.03489518807533328
34.26200904187677 0.04380497973485358
28.165056585310168 0.051776997510631535
28.41968057524674 0.05110647437749861
42.68377544675543 0.03421901336326301
42.647381889002595 0.03452146938355729
29.62839527320556 0.04862379607700698
28.20376405271122 0.05167587432740068
36.51664263823754 0.03923923259682551
42.549923303603634 0.03427780849491472
33.54138579973461 0.04473533878893006
29.792201370288854 0.04833080123946877
30.58339869637962 0.04885978407227334
41.7344212029907 0.035495521718881276
28.32436985148246 0.05204479112303779
42.735495266605874 0.03432811043346477
33.58377753027958 0.04467291956088153
31.00150295576457 0.04823871714145699
29.0382087646459 0.05110234969366314
34.634388978781864 0.04330913948106676
29.303018151887112 0.05070038720167187
34.83674937696304 0.041104695907608346
42.10338577327059 0.0345704348412303
31.389460987545796 0.04766210398434699
34.091407592684725 0.043993601903669306
34.78922336684234 0.04116399622892749
33.536559555847376 0.04471295353964806
41.884809199916084 0.03529110168469619
28.7683726561089 0.05041983185616495
41.99679475671996 0.03517010353390085
28.38962333088538 0.05138405753073695
31.50234933493424 0.04748725476983603
31.50677881221155 0.04747863117166349
28.90320493502182 0.05121293690794052
36.90783454187337 0.038880603705582016
30.278756866753262 0.047543298612065486
29.628614026730673 0.05017984323566904
28.75898908010616 0.05137573185460325
35.05378442637799 0.04276083276623294
28.553690140222358 0.05160104327245663
41.17382711314657 0.036001112789605015
34.52328308660713 0.04341925696117642
32.425404417142644 0.04421694592287773
28.742545613593975 0.05055221481054127
42.32632070994018 0.03468605077560689
29.05053345148466 0.04987644124439504
28.643685555067833 0.0508013270758264
29.851278174903744 0.04831718791886701
28.608972326763077 0.05090035356162734
28.484062137103923 0.051321359134838394
33.180853335261865 0.043197476981045826
30.351485826281987 0.047445678383468644
35.237929913222345 0.04251657279822517
40.063996435202 0.036066411798006376
30.11366542084119 0.04786617005490677
41.958782911821615 0.03478135342525667
36.20920063414232 0.03963342473724098
30.5520594479989 0.048782639231846996
28.912243927757473 0.05104619872519663
40.47698787421933 0.0366692554533442
40.85691347680437 0.03549209405354246
41.38759595904466 0.035130720127245205
39.0061445724305 0.038206530974274754
39.33519649715371 0.03668506766433838
32.006784898320255 0.04671155007649988
40.58695824889714 0.03654949066126695
34.68938583530536 0.04316986982443558
28.82752426589114 0.051100255027669225
41.732608390348425 0.035312291051756574
31.033450266936747 0.048071718846461574
34.04140023262164 0.04398212900462319
41.43026734882166 0.03563568832662125
41.85684272711293 0.03495927839809415
31.801099403407605 0.04696540440221701
30.396805711017457 0.04745244252453694
36.58461356488996 0.039276998024434503
30.502357603283553 0.04728158819098835
33.661398589810744 0.044445901924231236
35.801486715111 0.040113686739661224
39.207866432324934 0.03683213066695836
28.877619872401326 0.0506704461779443
33.657866210611274 0.04444694870531254
29.94005303373266 0.049568169603132865
31.4835549685791 0.04738860530005559
35.81052533806033 0.04010826584474315
39.28619061205268 0.0378596253668188
30.40234873018935 0.047475295841135155
28.926029144120765 0.05067537498466025
30.95678004277967 0.04812031832881006
38.37049395639293 0.0375725522354315
31.802475185022914 0.04522568675416278
34.49154524576219 0.04336681415557369
29.00960093798785 0.050345035825575965
39.712169063795585 0.03739686672993399
37.30252190658427 0.04001593206616293
33.15128859632887 0.043327130370251286
37.66435371471468 0.03823799588095629
40.6442511832725 0.03573741875118755
30.412203088510523 0.04748334952626076
41.39972742890669 0.03553349935704978
30.373547101514106 0.04890753116391257
41.091214560698575 0.035471860619985626
35.21120033855933 0.042452907122900174
29.086062108557332 0.050368395455683244
29.2255572423204 0.05036522749300365
39.74878125882303 0.03733361534590086
34.66683431808404 0.041438704422156455
29.31902918204154 0.050263152867343903
29.12494304443616 0.050223451769538255
29.125578547005425 0.05032620407643858
35.42155233175216 0.04057477783004871
40.47223236957534 0.03655042630737668
33.53258121676847 0.04285322326344081
32.87520521935833 0.04542844042832064
40.856427708991504 0.03564121957723951
34.5319969155106 0.0432811934846161
37.76387333222718 0.039467977940615455
29.670033348093856 0.04981528898975951
35.28705080150223 0.04073413354274567
35.76369252932518 0.04176559937175445
41.2484345265149 0.03550718434532315
29.246570274498435 0.05009641054200782
41.06047931531859 0.03581725131367043
32.617497394636324 0.04411183366662876
41.13643277140574 0.035598562465830604
30.402140136737337 0.048784352482102895
39.701554082280765 0.03651544973228235
29.614483767695603 0.04979593549474795
40.40837592551768 0.03656688426647195
29.867435973221326 0.04860859159321369
40.5971254633629 0.03586812225484737
32.63037992398863 0.04572015572401262
39.20987545241528 0.037857035256725624
31.751481868699013 0.04538724658047307
39.66442588237616 0.03736614345941587
35.15572534502098 0.04091227576593388
40.53078312568384 0.035921964747667304
29.423238275729375 0.049802516473321075
30.018697212460843 0.0492542647275685
29.817691343199094 0.04877548746556741
40.466403026264246 0.03599692626359741
38.396064598714105 0.038717239767443894
34.25821814141935 0.04199254561443047
40.88865485745862 0.0358279050879995
29.60319241916478 0.049665019888698266
33.66487267734136 0.044324613860260285
30.94411029207084 0.047976699983467604
31.767260367849104 0.04684309094491159
31.343192750294694 0.04742161340072666
29.63136904975686 0.049531761174398094
37.33681261270084 0.03864739325010701
31.429722141661664 0.04729378181947056
38.73098932175071 0.03737574845830588
36.124920727826925 0.03988636814401056
33.48198642065071 0.04300651038401371
31.558453824403593 0.04576388435213525
36.24833387222937 0.03976500291323079
35.30045619887335 0.04080849209106054
32.768128344418145 0.04545418356668081
38.80292740804158 0.037340018875774865
40.461411603700284 0.03617409303688851
31.986692673552966 0.04649601320021241
29.937172228661776 0.04873973740429678
33.329007221861076 0.04323402177143665
38.94778048224319 0.037227987041762306
40.16684014974238 0.03632079207657316
38.72108475412577 0.037421757872391916
39.91202285678454 0.036487547672927306
40.19209409049887 0.03631306313866088
36.08943780297086 0.041274832476455414
38.593638228080785 0.03754111715580351
30.081083992486192 0.048930621546995
31.46725518044662 0.04595443219808972
39.78704856149278 0.03708673550471989
39.68444883834378 0.03667704215514331
40.26573008387162 0.03636644141393988
34.421261322676095 0.04328782136843883
33.362007831016456 0.04463875592719255
35.613356589236965 0.04182078213264416
36.59868363812469 0.03944333445236751
31.651906239308754 0.04689998183710836
38.42703256986339 0.038583085458722674
31.614052341742045 0.04694330759871214
39.55723948177577 0.03730841470474058
30.382695408233268 0.04792589848096224
31.886938147414696 0.04655982908024315
39.311678412811226 0.037576342972133144
36.17626404641405 0.03990345695077392
30.448240070253114 0.04839821403834371
39.502926236018574 0.03687076804396417
39.74140344804959 0.037055692491665716
38.86976305438119 0.03736419335611008
30.609120308690123 0.048203587587007594
34.86959942694222 0.04136699667891041
30.196883800386285 0.04851644761877584
34.96287944208446 0.04258149790307625
35.60133119761046 0.04180554749258623
30.24806610694343 0.048325333305901254
37.80439264090124 0.03830051714830019
30.308525118663713 0.048471428301029865
30.278323070062875 0.04845668282403841
32.304821345190845 0.04474380856980832
36.230686772783955 0.041046224077346226
39.856180233901284 0.036745254901961004
37.8823800615936 0.03914650023924443
35.24442932727048 0.04222254350743728
38.854704083698515 0.03740135637928452
36.28703023580714 0.039819395192699024
30.901845706980087 0.04704130586378129
36.18685297232748 0.03992670193100665
37.25281335999733 0.03983903622398557
30.749756742055805 0.0479324102443622
34.65501156146179 0.04292521405658822
30.458206420920977 0.04803435761613608
31.50578122110617 0.04602495718562536
39.464165014145635 0.03728774029064217
34.513919006618615 0.04183532984774854
35.648100651687315 0.04170429863883912
30.518253179632016 0.04795920414497018
38.517911498645326 0.03838277603339105
39.03592185835584 0.037319293812108974
35.174577850430026 0.04106538176729085
33.310142070751574 0.043381703034707154
33.30417141159563 0.043392207863330236
34.35217278803913 0.042050037853569776
34.85360220776977 0.04144846682794176
30.651595163898463 0.047732617229981227
35.4222176715116 0.04080412717438051
34.429256800863186 0.04196918971561201
36.934517220704926 0.039211365752929224
30.72511628277191 0.04770188903469467
30.763908641985864 0.047596639665160326
32.87401577018344 0.04513194457314048
30.775912995396983 0.04759427553487138
38.94411559392816 0.037812391220668644
31.010176106123577 0.04746540912952046
37.91532520014735 0.038306843432415597
39.01925846987632 0.03743536612030507
33.096862474248155 0.044823542774403986
39.087309203892836 0.037430713408087575
38.61865463597858 0.03817333175115931
33.131200631043114 0.04477135820376563
38.50657690860497 0.03782993884398209
32.177716336331436 0.04507462520732629
34.080154369172796 0.04356020162536378
35.42419634130144 0.040848917527482306
31.362288728790947 0.04697819732226686
37.235915158134425 0.03897042477190671
38.34959337436945 0.038461040782197135
31.318568752432036 0.04702196662680745
33.99237193102432 0.04365290501161678
32.725996668183555 0.04526508618343196
35.9946173739072 0.04023234530745851
38.90550158763085 0.03767855619358001
32.018813998452565 0.04616016680821024
38.401186137884615 0.037958464968912004
35.98237599021925 0.04025385306242478
37.7343582769866 0.03852862439847678
38.38905204079027 0.03798017602281736
34.06847917787591 0.042487354553377654
36.936458846704056 0.03928193995457137
34.779562833747796 0.04161987495838524
33.241435686933954 0.04358101864068389
38.68519319333559 0.03795007827635848
31.33680451080961 0.04689819175688922
34.694397580662816 0.0427523525496442
35.457696445956174 0.041819204421705176
32.7242912123541 0.0443329865100455
38.62507505889586 0.03798188538187561
31.408388511208997 0.04679097114660514
32.191112046220894 0.04514203126528198
31.540001998500586 0.046247405986053994
36.22641958950322 0.04002511929438674
37.010084189573966 0.03923927013272058
37.529053620171574 0.038753770524200634
35.61398551534879 0.041615128316268346
36.910752080328564 0.04007823564281154
38.46646902066379 0.038190919064821124
37.35390638004662 0.03955835453805256
31.478513661761966 0.04666746049328307
38.30457749680648 0.038137858966690696
31.490270267381234 0.046437300182244026
35.1815527612881 0.04212412799378424
31.831335607089816 0.046280258980474206
37.939677363481046 0.038834188784014616
32.59087760697155 0.044571518825897945
37.76419887457929 0.038583038604175314
33.37854996420194 0.04434809820611418
33.463928740645386 0.04334181979400604
34.44034566961597 0.04208887401753539
37.34038313432972 0.03953336774680368
37.8402384139857 0.03853917714648862
34.77301891417176 0.04259732978207667
32.15680144016698 0.04582593081547831
36.22261639460347 0.040831433138361205
37.82024836701523 0.038597974624157455
32.32010351448058 0.045048734230560335
37.94207011728124 0.03874383631065984
36.7109407790514 0.04024768882492653
37.59270034862619 0.03919073539387782
33.47357057360789 0.044187464791937206
34.03842622595119 0.043481631378918334
37.984041774374234 0.03866056780817281
31.88987393447956 0.04583378655592436
33.62814166433509 0.04317030915330535
37.96510034270299 0.03856185253339634
32.96009387404963 0.04410398735741667
32.937902196700165 0.04482672920387492
37.87564623550094 0.03864401951741387
36.75696694234563 0.03958550572638841
34.511987648916296 0.04206242325464673
36.45263521849113 0.04051510068411401
37.07387019282671 0.03931564982986499
33.65190255621103 0.04318161495274083
32.92918808189579 0.044786957727670856
36.27080607529245 0.04013111028714309
35.146172150375165 0.04135431294114975
34.86143642729327 0.04169564338477424
32.99905044653932 0.04415320168447041
37.35751524493808 0.039197708700187454
37.34706532126672 0.039274201943924385
36.84293489410115 0.0399540590066817
32.52879652345631 0.04513426556553153
32.66779787628423 0.04470016510810885
33.50420808330783 0.043460138222276984
37.07930023183543 0.039470305164122046
33.48874277265649 0.04349818410690144
32.72653410607187 0.04467390207590163
36.01069331846151 0.04094309334266741
35.47785082932231 0.04158948577429273
34.12009227813603 0.043190076683664855
34.71051140892096 0.04247297781831659
36.28998618338207 0.040515599718039176
34.30105257608793 0.042489155694391136
36.12564777619216 0.04042397111915242
35.96111083002035 0.040910584743944496
33.86635278799055 0.04345946051688276
36.254718836520944 0.04052327370239522
33.22264097617477 0.04409856937803324
33.500712070454554 0.04385348254098803
33.35532698445484 0.04390900568327576
34.19112487304534 0.042674532023864946
33.517705363905854 0.04380217056284409
35.27022932436544 0.041721818570124754
35.41325624130807 0.04154384161322761
36.15210617102799 0.04053161012314525
34.61771357970467 0.042155250894921316
36.02977709124989 0.04062417048544958
35.803044105327714 0.04103775009309321
35.56676748986432 0.04108443748408325
34.34680419400114 0.04252673113997916
34.84360962192454 0.041909120370046474
34.189709352092144 0.04274435827911145
35.713510408469304 0.04109138615196401
34.34067767345243 0.042782783342322245
34.214725026790106 0.042731193805326875
35.34056936258747 0.04154695154041181
34.21914619876665 0.04274803580434396
34.87628980926056 0.04212438143207524
35.156365774944305 0.04160416607954421
35.224606330313684 0.04154725966777329
