mu sigma mlo
1.1384047139930822 0.49032516636645873 1.0353943936528975
1.11897894118264 0.277243020739983 1.117898793486396
1.3050000884165616 0.38757189408253734 1.0447908750527652
1.2551164738093823 0.3956978686672243 1.0373146222074336
1.2929936146975227 0.4377720186416874 1.1055043680483112
1.318611967470766 0.4105641832090454 1.1383944972741928
1.2692945869934555 0.4297798412915816 1.1661874644056418
1.3487720890064847 0.3382407526839836 1.0606991535647328
1.2551946905451625 0.3332480171531427 1.0441735216126529
1.3750646864747296 0.34354580847292293 1.1455704871599859
1.2848552935105948 0.4188351101909586 1.1566522011604752
1.1767072144945898 0.3823526503092876 1.05112007042827
1.081268557262793 0.4012500166091197 1.0569818906078559
1.2465116192783012 0.41627515376683505 1.082644515994558
1.2847306220496606 0.24262619497074445 1.1179743717833064
1.3438892346994074 0.3323569585689457 1.0794010258375664
1.2828002012708064 0.2581672813112379 1.0961494025008665
1.302558389466065 0.3362498153055648 1.0623285936116194
1.240318413534989 0.33106265237955945 1.0593953220192087
1.1356815485015357 0.3593621864075342 1.0678884751699826
1.3287757775914384 0.2932333106229109 1.0678424229028844
1.3706858766965597 0.2662309556219841 1.1048263407133625
1.2096959748833915 0.3640913762763662 1.0641284362884846
1.2085154502255726 0.3024255528308178 1.084871332641609
1.2099223130497117 0.4523316131142304 1.142547392456554
1.2052469771543206 0.31648164758868724 1.0779108081798523
1.374993027498987 0.2889973310892949 1.1176810263266628
1.1159948354483245 0.31823289475994326 1.101555283521506
1.149635409961335 0.42500898095074635 1.0743314842548914
1.2091964231161771 0.42340347448383564 1.092130077131155
1.3196866938646235 0.28169094598519895 1.176668619106731
1.3026179337100983 0.2950682022772132 1.1783446815978744
1.1782283530545468 0.4563863624866055 1.1097631356973388
1.3572409862613173 0.3007778635295059 1.1016844709765676
1.304280841676142 0.33935340841131967 1.0808785975688129
1.3244784382703831 0.32551531822502644 1.1727033177390451
1.2498374255239932 0.39413711641853233 1.0927752775025963
1.359059252593289 0.2551606089575509 1.1417540980646423
1.203515154647393 0.35629799806856005 1.0715827305145011
1.2495275696718617 0.3673049996903455 1.0777865181710515
1.176045371572442 0.4475447654499309 1.1035405562061464
1.325920075482712 0.3425134000594993 1.1040719511234305
1.1401279435309113 0.38525076356970905 1.0728626358056659
1.3459872395335726 0.2512312349638129 1.1301849336334626
1.1096350016083023 0.41460353257800786 1.0743641032925881
1.1200514374746924 0.4781524598559208 1.1084505949031562
1.2571117728113508 0.4084192933240699 1.154704052829192
1.3539755302283936 0.2819383745505448 1.1146814041394806
1.2067022673247725 0.3988733614571776 1.085545826258494
1.2870886283043985 0.38479348124065044 1.125539099526828
1.2917841162503445 0.35749109535215073 1.097551688568537
1.2198080997959901 0.3943586215148892 1.0879979296211826
1.2528634909270022 0.4102932338043677 1.1277973059688526
1.3038093257022856 0.3650466382146084 1.1569482171091054
1.2916511684106795 0.3190146534762708 1.0845153502907445
1.3424197061683416 0.32447654935991876 1.1503064589349474
1.3208718064424136 0.24844035309427587 1.1613413718719254
1.32490341444724 0.3476931974468532 1.145943647099249
1.2766400985575734 0.3876504342407626 1.1219636070475252
1.247478538958594 0.3687279699860029 1.0870749995215332
1.2640844594587783 0.4000835859653539 1.1346333544719047
1.346953515278738 0.28124072674406475 1.1636421828914716
1.3222837217999936 0.33797405184251983 1.161523780670266
1.209474383010574 0.38829742357842967 1.0855180308867167
1.277636073351776 0.3874873748424945 1.1488157299019708
1.354498323070143 0.2982306296085116 1.139402453667792
1.171663252638281 0.4569548037803343 1.1456207317914275
1.2348947148028875 0.2983495782076186 1.0961396479679
1.2750764558444598 0.3905198885326711 1.1355735455971645
1.2208080955756109 0.25664875847712093 1.1570187675055337
1.2906380750348394 0.3018917168880166 1.0907738114154388
1.2271914028552067 0.25692101126989175 1.1724524274963568
1.2503658558210602 0.32116744259825225 1.0847445600086312
1.1326622082348226 0.3198873919723306 1.1062346140473267
1.2720046587721332 0.38757605690025654 1.1543572935672612
1.230186105725711 0.32069569007598503 1.0867739677590182
1.2985095390065577 0.34403436385209485 1.1008556992698524
1.1534954571500622 0.32981855582087805 1.0952253663966074
1.1961248254263406 0.26018910323018546 1.1663356384124615
1.1958550154410634 0.3786952779895004 1.1790885104496263
1.3024883209398475 0.3638086087684312 1.1314922034096322
1.2150834344185588 0.2580430712633145 1.1697284374595351
1.2850243795139011 0.3432670465399379 1.1737239561417727
1.185763169706021 0.37391100287767864 1.0827170091333014
1.3098186364347089 0.2686156806801494 1.1157031361626049
1.3232679967689664 0.3397603843928933 1.146404132324357
1.3270468088730643 0.2950368661882894 1.1077917964302362
1.1388941277425255 0.46885081798978145 1.1289589354146727
1.1955358200632018 0.38288839299995014 1.1783801442039477
1.3367509254568357 0.31478132738141024 1.1241986926571186
1.3341062970052335 0.32206175769532475 1.128154942957099
1.1720885369518623 0.34649014439261433 1.0878803458062
1.2776316765941453 0.33280109620521653 1.093023794515004
1.1305566181212952 0.35465616708349956 1.0904167504612374
1.2591497985011444 0.38516841827221193 1.1653723615820748
1.3443634160948776 0.276507140603329 1.139565856873476
1.1927272966123141 0.4318345288023333 1.1633506964851013
1.2648246643142715 0.35672507129512043 1.0968610260442653
1.2091805408014298 0.2918318933102456 1.112721036019507
1.177381142498444 0.42246779251015953 1.1025145472231104
1.1154768785917915 0.41530148943297973 1.0865624376503773
1.2572444773266103 0.2800319285030589 1.1128641667363077
1.1462459855341605 0.353892804879192 1.0894752432896977
1.3091021144006278 0.25606930062734334 1.1460174473202192
1.254399405212683 0.32519320445692596 1.09091061159349
1.2275249223714155 0.294591550866765 1.1070979171739752
1.280721788959064 0.26515207923968326 1.126369769291495
1.2073490706778218 0.39396965253689664 1.1749831015740708
1.2695289961356417 0.38403156336513306 1.1390716836028578
1.130201328288016 0.46699870681657696 1.1267792869035178
1.2863429982151329 0.34652878603502757 1.1706803464320665
1.2586126195311245 0.3863244775513111 1.1220308116936406
1.1965130357690814 0.26567986549651584 1.1617266521437934
1.2852086869589818 0.26259039985590954 1.1340669275334248
1.3003289872559856 0.3526499875178674 1.1498157051985907
1.2872723279724132 0.2719144400972749 1.1210088598084804
1.2031163816848398 0.4173076239605787 1.1166955702634604
1.2262794002111315 0.34309175435861133 1.090973009399896
1.2771238851182907 0.3643087899413261 1.165220401654957
1.102909093336167 0.42217826006336806 1.0903388363954474
1.2285168711302945 0.387652274493568 1.1724407733982427
1.1773220571608947 0.4375180030756044 1.1243850056105351
1.282051992348931 0.3636847872705548 1.159997531639575
1.2061565780961514 0.40397307176636293 1.1721120220767862
1.1820942521538698 0.3934649580034395 1.0939207668835451
1.2097177012221392 0.34872827817954 1.090954666210707
1.2850149357666543 0.354902153513515 1.1160193821132387
1.286195080576936 0.3428727760868859 1.1084450634007534
1.2318289350604594 0.28178605179371935 1.1216511774138982
1.1012489355041355 0.3832423511417516 1.0906128291044817
1.316257933953842 0.2642386497993397 1.1496695868169895
1.1509120128814352 0.3050488924090053 1.1209093665945216
1.1563592041707573 0.39089191436102183 1.0910103266720232
1.2889766100339264 0.3361513251099228 1.1080827759944516
1.318436821543557 0.2675263629054322 1.1581140070078573
1.246192674229556 0.34837678273971 1.0965348187011956
1.2589849307939813 0.29378805239450906 1.1083187149574059
1.1423194097034244 0.4410130563389671 1.1116341233193678
1.1521968471763835 0.4228094472717696 1.1023992960780324
1.280047960152848 0.27471139893981716 1.1230247095950263
1.30282759672276 0.3281032759162301 1.1149548203416568
1.1302854735525554 0.3856398019450493 1.090706485655754
1.1370636323987415 0.4596899771340668 1.1342524610437383
1.2088990519263028 0.3772510908457204 1.0973305239548559
1.2643993189028202 0.38016927255503796 1.1428508180600303
1.2453690313590915 0.2660615121679846 1.1438631227473097
1.247453276401279 0.2721122779225 1.1321150053450078
1.2497723160594787 0.2707657062547613 1.1338565595352919
1.3215185876112967 0.2989903656012117 1.1243616073240432
1.1726593181465979 0.43821439578982346 1.1542458676116512
1.3205097224296671 0.31285666268725576 1.1556710126284178
1.2221554119545295 0.39738808210931226 1.1163299017329438
1.2121016869620869 0.36806952805124427 1.0967807391885385
1.1672084735573958 0.4301112800809597 1.116184101731772
1.1951667178315755 0.3706130522387296 1.0947059057084025
1.2144497217281107 0.38911178601101304 1.1067103780078322
1.2021618657033217 0.38531546461766075 1.100577811566541
1.1588206036302118 0.3821740997788667 1.0931947836637221
1.2082519777256733 0.31313547376294665 1.1792797950708591
1.2812551117297253 0.3603938985585854 1.1526238148538173
1.2147003582683253 0.27329417941836603 1.144490017605538
1.2033353784652463 0.41886023766383873 1.1501157696588669
1.245157164093365 0.26316609120763634 1.1582825173278988
1.1161509649979489 0.3632555989758943 1.0975166215352057
1.2384123896189547 0.39559744936243096 1.1461056288487097
1.3071369914040918 0.33362705792215097 1.142195418975867
1.2452209499342863 0.31851673205312114 1.1020094367340705
1.2650542659471282 0.3342376352053643 1.1744480737198022
1.1859881112761526 0.32891791796488845 1.1799837305006402
1.2409083230650597 0.39271973902433954 1.1340844245917643
1.2841928118903305 0.26660284142345003 1.1685828972010777
1.1340352275754004 0.42432839613902523 1.1025302553178296
1.3238685561033248 0.2888163635325657 1.149878820928108
1.1911051015405112 0.2859192145886118 1.1337144602475946
1.2284365904155536 0.33532710103646135 1.0988101412282438
1.196575285061429 0.40522182989330086 1.112693954805309
1.3088715100901396 0.30937610125431764 1.1206515327242295
1.3019380185237055 0.3065984377645805 1.1697310520102415
1.2884693269020184 0.3281908237059631 1.1702867305313864
1.2707964757070076 0.33842250717830696 1.1083969483928702
1.1426138897896427 0.29390909550510586 1.1407595460694808
1.2886591121391882 0.3515747245374927 1.144475872039144
1.2838949390586587 0.26807886319355534 1.1418133008909133
1.1244498890171069 0.3832318998135113 1.0945907867940539
1.2644413423534315 0.28000575808192724 1.1248394576007608
1.2435750904301646 0.3784091058111349 1.1180896979364159
1.2242548923983785 0.39320887492484125 1.1191806297325564
1.2611408238187714 0.28696332324163293 1.119110383204133
1.1101875228310587 0.38232122469134944 1.0955513052367487
1.1949825312841116 0.4103950502153984 1.118564504522123
1.1355751388868418 0.3486348549617952 1.1017968701390786
1.28607090225203 0.3072959740585387 1.1126997404628935
1.2851666321759605 0.3454610727077807 1.1233065487276164
1.2153864574998432 0.27370997250086976 1.147330626844935
1.2333090135264606 0.39477635286737567 1.1350337545218856
1.163112158451912 0.43921172113061413 1.138903105676628
1.1687277462836818 0.42897672968515127 1.1657664574004742
1.289941170034679 0.31887963513690915 1.1148836226940322
1.1539476298982656 0.3753690667397179 1.0965985477115672
1.1266090847216557 0.410578995579187 1.0991877654764133
1.2224267860223792 0.3114599758470576 1.1089447098735905
1.2007155709886401 0.2754476376672371 1.1512480910360292
1.141410601244191 0.32719125840861285 1.112582982563299
1.1394557939422794 0.32635909067567936 1.1135704604031234
1.285296430079784 0.27482187481284376 1.1348958103329856
1.2147321099111636 0.31002837801220434 1.1782353658255205
1.1094519542523977 0.400012012085133 1.096683928601941
1.2897624143091462 0.30269637051297776 1.1717291789425763
1.1474585245911895 0.4144499905021212 1.1055717424390277
1.2538455320028599 0.37760934773380145 1.1451116867217093
1.2454101494839143 0.3767006270750247 1.1233952590817018
1.1118414194422312 0.37153974387416994 1.0991691210982781
1.1597546939823968 0.43821225721990614 1.1383086282830777
1.2817842536440751 0.3462727388381758 1.1599361277919313
1.1696297552836625 0.432655150271464 1.1419605916428381
1.1514965620498128 0.4138639369700158 1.107433306387952
1.2470825056319732 0.3813691040893744 1.1475737793788683
1.3123098563183548 0.29943279935526024 1.1377357308106661
1.2716355593258613 0.3404549245918704 1.116016544123151
1.2850070430029756 0.270838387456077 1.1479451726614573
1.173557728574126 0.3832117237421692 1.1011877348236723
1.2333270412721826 0.3832504138963526 1.1654132223039235
1.1947319503297695 0.3141631179951137 1.178818947580796
1.300145827216789 0.27537823135993256 1.1488629598938627
1.1765207026106737 0.31284740191832133 1.116739403452713
1.1309499529740012 0.38230301274885686 1.0983780965285004
1.1743156467923173 0.3837784104238177 1.1020066813719889
1.1429594674573411 0.38995002564831366 1.0994046064117156
1.3045542969025288 0.31016008377841586 1.1602263651869351
1.3080612141616341 0.31325544160661084 1.13913672896165
1.1762244166847529 0.4274120460019003 1.141760490998887
1.2455751524878407 0.2749960912631697 1.1418671391931985
1.2697153055812114 0.3549034865451188 1.1255922771695976
1.1137204382013899 0.4072745686829835 1.0997305568820008
1.2792843677143444 0.2696650807045719 1.1580321910388955
1.279068853130778 0.35063970273533285 1.133908266996955
1.2328750392928387 0.3347001558976614 1.1057483290221957
1.2791155872247713 0.2701448878536399 1.1609664000821625
1.1896569984579235 0.27634678935964735 1.1599184486637457
1.221697615585296 0.3944453766100062 1.1289061913898997
1.3016444851344875 0.2812876292306243 1.1450836433724314
1.2715045740012385 0.35303508021093544 1.1271206688108717
1.2921873356609666 0.2985621418786123 1.16932597790611
1.2803031066283874 0.3391290688645132 1.1649306186342772
1.1061847708153885 0.35997512269915494 1.1048949537513726
1.309226218690468 0.2972077633160783 1.152508663080496
1.1390608292770035 0.3960748516067746 1.1010075082304098
1.2084934979396145 0.40551886708059715 1.1383578515473478
1.300413493605262 0.29004959385483065 1.1332504348031338
1.2595593166820445 0.3476960577546945 1.1704164399898829
1.2625818380700493 0.27497622895866847 1.142110997635053
1.232632718795769 0.3869743367527424 1.1558793708492534
1.1291477876232876 0.3575328329234835 1.1036028916410752
1.2137300849759072 0.3715942759655396 1.1088301364151216
1.189298711455482 0.39702051369487223 1.1132887637357423
1.2373401977968326 0.31823398372407086 1.110128754282414
1.2225877430888752 0.2733990891432796 1.154684249414283
1.2898546874332983 0.33283977588257896 1.131430741537486
1.2442706729329323 0.3696810823156549 1.1223916031618626
1.2756213196199284 0.3512118891419947 1.152169242873033
1.2526512238167846 0.37294642889402274 1.1463309699080444
1.1442482950265285 0.4038695237798414 1.1047587556464862
1.1646595033447724 0.2973149830120768 1.1354564299144498
1.2369139392807762 0.34010333283227323 1.108092819153781
1.1785931604014255 0.2983834006970392 1.1303505174144803
1.1442541805791335 0.3507135899332523 1.10510793041221
1.1035982225689158 0.3990999354900531 1.1000257001268514
1.1817617539313066 0.40297286688746486 1.171696801599098
1.3022883298995278 0.31565238077804564 1.148435026868637
1.288703451738412 0.3359508398463428 1.1375350069038923
1.2827343429052775 0.32201279262982135 1.1213967184786802
1.1730082634980787 0.3630224234951495 1.102439055948228
1.1861372010898925 0.32112703916529267 1.113192408080086
1.2610611485827767 0.3121276003841132 1.1154334099656316
1.2454922437717477 0.285632940490878 1.1307197871724344
1.2391057649800543 0.38177074914532133 1.14023592468418
1.160543266946579 0.42512021043570647 1.1246519025267556
1.2322094606195042 0.27408339523065656 1.152645605367821
1.1928591338119263 0.4034840963424361 1.1222872873578738
1.2274168972750594 0.3574834059288717 1.110237645587164
1.2042545153363515 0.40540454073352317 1.1517029508028618
1.214860387735455 0.3813477208797441 1.1708228844729238
1.1873872931753202 0.3849069888387166 1.1089200910984258
1.1126102921056795 0.348941459912788 1.1101883554037952
1.187246790767265 0.4161851558380395 1.1395567153156323
1.2739672367169457 0.35025386724188745 1.1506258707973023
1.1926798623751078 0.39830841312830323 1.1185966978180217
1.2064330066967697 0.4007914805696309 1.1314804601883872
1.255705600938406 0.2835180742867401 1.134004004181912
1.2114530649576751 0.37429592391896377 1.1125205370863354
1.2609293516685962 0.3564841449875571 1.1609948026811638
1.2580049377098195 0.2742745266684536 1.1501318074990914
1.2026952719203619 0.3216670131325449 1.112377058229926
1.191909638251829 0.3904807198441891 1.1726978152754648
1.2262801431497103 0.38584108317312876 1.129647413647466
1.1183987036454441 0.3655357695106298 1.1045459342909378
1.2273976778463502 0.3485984461440539 1.109699004855512
1.1788786625544092 0.4203893801722948 1.1467169572802165
1.2938325542627682 0.31128428817365195 1.1629733259624575
1.1327160409376535 0.35406636777570866 1.1066983008080942
1.278578653502006 0.3386867394233135 1.1582332437513534
1.163655952588944 0.3749733357260553 1.104227204073004
1.292420455006052 0.3155926239015274 1.1324765761127418
1.2001277300132744 0.30403051795642816 1.1235762648913492
1.220568601333843 0.37416341282441123 1.1171018175242176
1.2203327443088456 0.3895467949127697 1.1309096459685266
1.1576540504348203 0.43144675603358856 1.1416151634855396
1.2428068547034437 0.3728242214871942 1.1573384053907672
1.281441758521129 0.33899231939474916 1.1411098353703986
1.170315312474792 0.3754600838969471 1.1054909327820213
1.1769045215957339 0.4195956691169642 1.1535600765021454
1.2932702413061543 0.31658551786479394 1.1355850279018465
1.2301869675056831 0.3843164861061285 1.1513603322786126
1.140612338324815 0.3050092767758633 1.1372243999414104
1.216369904288026 0.33339600583875145 1.1766271936825512
1.2644067808732813 0.3020080728091829 1.122793511848152
1.2347577135847938 0.2746436534122641 1.1576151167249584
1.1071355264541136 0.38199901342389014 1.1032495090616394
1.2515045198268098 0.3197396033342732 1.115740443874446
1.1526037405188871 0.4337285011887306 1.1412743814907877
1.294304234846334 0.29444657404864133 1.1606628890865043
1.2852738093221459 0.2857334931797342 1.1419354131756294
1.217093086719341 0.3932489345896986 1.142451123965557
1.134314388311255 0.4034900154001333 1.1068709491281459
1.1598000731351699 0.39556398588990366 1.1090051517800565
1.1696614315967784 0.42270288398349404 1.138307722718164
1.1177301116925573 0.3945839034412026 1.1036092004240312
1.1926625731199767 0.36153089177161224 1.1074601157700605
1.1763302836526581 0.2814798145214324 1.1679230342030267
1.1825241278042413 0.33365920981019037 1.1108707983238006
1.2800024555438465 0.33711657710171117 1.1535511549910828
1.2132162727216906 0.3818757492645196 1.1204906501319472
1.115203047591764 0.424342729635228 1.111323313800641
1.293160911358242 0.2961148970114635 1.1398668158388483
1.184580315634236 0.3859507704563188 1.112356933899758
1.2728527315791998 0.33096766204892686 1.125230458294216
1.283642798288733 0.3009645034863619 1.12981745654923
1.286519345043589 0.29668643610072376 1.1666610231602275
1.1945463508525238 0.40750380795750174 1.1495954623689606
1.2083569762184923 0.39823066795263967 1.1508022757758778
1.177056908960532 0.2879365583778573 1.149931493159972
1.1626359906405677 0.4092055552241778 1.1175557533057265
1.1522789828668047 0.3623580426568773 1.105942421306549
1.1354011909242332 0.342695271883517 1.1128654018280713
1.1563974371831351 0.4293041857621327 1.1432661585665629
1.217742153554263 0.37316063729732607 1.1186566777083145
1.292867470721255 0.3039417475256423 1.1443532617825174
1.2905107531392734 0.3018886037367732 1.139192614380521
1.1537918967187075 0.4122385814520922 1.1174157547068373
1.2098422153759645 0.3014648529982316 1.126613482050037
1.163653631455877 0.4235734394901348 1.1366981039203736
1.2820854370574817 0.31629418774482637 1.129734157079476
1.1942193422125729 0.2810250349894805 1.159848631591836
1.2625817556421466 0.3174023645552273 1.1213425838221884
1.2805035891381356 0.2904479951252437 1.139223909049261
1.1397242635978313 0.4294460205459154 1.1251395976038487
1.2605901851764554 0.3324550134481513 1.1216290948124434
1.1682143520780124 0.41425357689361836 1.1259200770552062
1.1300880010376477 0.32369185533745726 1.1248363445400367
1.2403939868248157 0.3071778234223635 1.1215375071274412
1.1145358340003026 0.42536020517262263 1.1135537082519733
1.2312412182520727 0.3742602535207988 1.163234832994854
1.2054107385161852 0.39841691938055435 1.1461734131527688
1.2653523361635273 0.33328860520773657 1.1245777233393826
1.1937633566675498 0.28127647571734304 1.1605244404860091
1.2537536858419598 0.30947303301795603 1.1218338531273686
1.147284008946453 0.40837195486737293 1.1140726675537114
1.2244488192061798 0.3673659612037368 1.1198622499685826
1.2446297803053878 0.36585155799673685 1.133529696424408
1.2314806506128566 0.2762992987532516 1.1658445139521607
1.1888104262318184 0.4025175268993956 1.1276949937362903
1.171118389454574 0.38563042272323267 1.1110234896733924
1.236367692850168 0.2953453841886229 1.1294368141285938
1.2296783710015577 0.3481983922487881 1.1152488281186013
1.2095015399037872 0.35703187954783855 1.1123028484272084
1.269301438638197 0.33834202256686524 1.131656820007068
1.2889494452946382 0.3027499569865226 1.141805759200275
1.1576045879487364 0.4272198315549018 1.1461521630728746
1.252187176624234 0.2876244840775129 1.1377317954059252
1.1631848253258772 0.311494761901748 1.127811751967491
1.1795106458578957 0.41034446116284806 1.1320834069595151
1.1711103399190081 0.3770217844011036 1.1093510914731162
1.2880325767045835 0.2947207083106671 1.1468544435851675
1.249804185540756 0.28457410215978435 1.1707910113142668
1.1850632340298688 0.33888118706114856 1.1117278485426816
1.1580273391533726 0.3134543668334512 1.127459950087353
1.1869191727868276 0.28213826615952375 1.162686865950269
1.207981216317111 0.3904358269896917 1.1627808417098975
1.1571172830507086 0.39603217066397134 1.112218414133663
1.2347156067220981 0.37437009707025104 1.137557474792253
1.2143284969101775 0.2814837860456504 1.153327636444704
1.2625573421099832 0.27921215520728637 1.1631599292133767
1.1498887721701823 0.401472176462028 1.112836163033403
1.1393849396167757 0.3094054451555585 1.136068007082409
1.1556860869863461 0.426554744685274 1.1419886514396016
1.2238666459047174 0.29334392413614674 1.1342837696353412
1.2149180906097357 0.3898262452993944 1.1491755656568066
1.278032765455187 0.3058921226155543 1.13234998665675
1.1812108065731062 0.33168861889826573 1.1146460078782074
1.200699758752364 0.35909907073485947 1.1121001974582925
1.1678367999964803 0.3545380852547286 1.109467192151608
1.1481442965568245 0.43128334537746627 1.1464266213340963
1.2044473585633366 0.38294004698327155 1.1222861956665506
1.2735033524172221 0.33615051534134144 1.1435888525193283
1.261248997188013 0.3292792412129457 1.1242223866305683
1.27026988625809 0.3340972210936694 1.1615946642629569
1.1858582316659696 0.3131599125709378 1.1239093419831434
1.1731852115674428 0.34546877669890125 1.1114576846345219
1.1817206318168914 0.4103805671768937 1.1521657558225427
1.2329719607320806 0.3064314734404955 1.1243427550956986
1.199993003759351 0.3296873819675909 1.1151293710411916
1.2333205626004426 0.33168005535326756 1.1170058675512191
1.253930805891629 0.28260427325662835 1.16794554494771
1.1954284584888257 0.3543135851241019 1.111667797947494
1.2740973498987707 0.3336230778706441 1.1406232515447772
1.220691213332113 0.3836533834712641 1.152935753070045
1.2746169227201882 0.3006889399727823 1.134735312083522
1.2111068097123268 0.36220132546477185 1.1159980721741865
1.1391896586583907 0.3928455595026342 1.1095208410299828
1.2680069920361356 0.3126638150900404 1.1276729701206742
1.2399635997657577 0.2797259159019287 1.158805962237411
1.2165078628480488 0.38661717237616305 1.150022913525318
1.2499648865690418 0.3347132644145988 1.122178351703935
1.1918841324143554 0.3982404390668944 1.1299222443219792
1.238426602523202 0.33756919902101595 1.1188623027114657
1.2089379033094276 0.3753050880140185 1.1211719775284552
1.1755682730048096 0.3750845411432662 1.1754493416462952
1.2275658318883873 0.37633571116253367 1.137206848288468
1.270371206708496 0.2911983746088018 1.1426944915330703
1.277220293702318 0.29635363042183094 1.1416334860432733
1.2204338644460022 0.378360542294709 1.1304083028682008
1.1374085561852514 0.34375772225802753 1.1150079936502606
1.220283856915982 0.36159443439499667 1.1193149464507515
1.1298773681599867 0.3349095673038472 1.1201481229404755
1.181208502471579 0.3957128126327067 1.1222745862558554
1.2293739030306692 0.3755491081374292 1.1544136566587189
1.1500073718718158 0.3849912729268869 1.1101940787235736
1.1626361284812383 0.30146418732186264 1.1407131907656956
1.2632403932708125 0.2884244729914035 1.1446916153611622
1.132327783621173 0.4330999942536971 1.1305978365875498
1.1971667244980235 0.32524626200116274 1.1178915145720045
1.2794190704540123 0.3187575286714262 1.141197131160419
1.2645154373528873 0.31594073160225616 1.1693993197608417
1.174355169171835 0.4124009166982584 1.139906807195307
1.1243022793723174 0.35671823571882777 1.1122621520808593
1.2818554128229263 0.3119224396285899 1.155943551044365
1.140222668510565 0.3598304405212259 1.1106785326343909
1.1449638294382767 0.40256159777814055 1.1148636649293386
1.2556332579895004 0.28254812336432905 1.1581799732283873
1.2727989870957153 0.3106332476424273 1.1334604154042611
1.203455276973986 0.2969003356429997 1.136791738516756
1.2461670853243483 0.3537536611846466 1.1646993032133048
1.2662841201402437 0.32019677212162007 1.1291232969429679
1.221729873385458 0.3597143954608759 1.1204075455587665
1.2235436043367665 0.30549193712754946 1.1746768363644189
1.2688287656554216 0.321244922170161 1.131842655911762
1.1695738613507465 0.3013331257398103 1.1400738482150157
1.117474573019246 0.36918508239510367 1.1101072398050749
1.2606501006658273 0.2904969232762075 1.1681587517102359
1.158891972523554 0.41505753119614736 1.1286718887899385
1.1176216435256354 0.41667611846258334 1.1149132729356155
1.1768863456330998 0.3439849896978435 1.1138445918198479
1.2757059295138182 0.29279223734783305 1.1504124033623442
1.2385723139455298 0.3603300333044852 1.16397398504304
1.1587834768412193 0.39348946580191474 1.1154137503032244
1.2268855689438292 0.32142330741337016 1.1205272526607328
1.2434600098579014 0.36226247077585577 1.146971117350448
1.2552684774852896 0.34133601078790554 1.130141643882041
1.2578620954863895 0.2963677741592876 1.136516029239215
1.1656844199138319 0.41624328309021974 1.1407667252557445
1.121957000076416 0.36173703332302776 1.1119872889473446
1.2164273287235108 0.28778884892747186 1.1481599112467225
1.241875877340468 0.29100100388643135 1.1412275819877111
1.238043149568991 0.3608048644042624 1.1630397567986888
1.276559876352845 0.3215865395369018 1.1499480422049497
1.2195218202749938 0.3091327371361887 1.1261103407308546
1.2777444335930914 0.3188585895655254 1.1491183331544648
1.148816426590164 0.42590888060134785 1.1451450204605735
1.1899281312647023 0.326094693487274 1.119484696095886
1.2014124620360669 0.3607151356679114 1.1164150865053486
1.2196535051155997 0.3718903574559434 1.1278638276721775
1.1788678205345802 0.30533729061829884 1.1347138233928038
1.2437122784089505 0.34342774177016944 1.1253842131201535
1.2372227454766491 0.3012301317387329 1.17306498609295
1.2688539429954973 0.3065917121771651 1.1671127289649008
1.1954379199014633 0.39045013688094177 1.1291740870011462
1.209377218307296 0.38492554080685565 1.1589381127198415
1.2628364236313745 0.2978212549015835 1.1388980850455461
1.2354538684986196 0.30779638456441794 1.1274782864195436
1.174929828554842 0.3394044613568593 1.1160944866027425
1.1753980894267917 0.29076003179830096 1.1558454005487426
1.1983628077892756 0.39128579128874946 1.134279991726405
1.1550532105514082 0.39774925509201503 1.117565707842143
1.1977513534819337 0.3501114638905322 1.1753559410385734
1.2093359993667068 0.32555402520069754 1.1756071330581939
1.2480272364667142 0.3467771088788355 1.1310481400837955
1.2493280064639591 0.3032114851054383 1.1326050595205663
1.1507621454268473 0.30513585581076286 1.1429799293551073
1.2487759828957796 0.2923293392731548 1.1431900892646731
1.1428858827590194 0.42328465492799605 1.1321009585733113
1.2430180588292883 0.34772908733213914 1.1281470456706286
1.2406658279048361 0.359829745591274 1.1568271988194003
1.1880926486222627 0.39820327922894055 1.1600561377722896
1.1487241435237108 0.38608881949894047 1.1133155609002685
1.2488696694866412 0.3123451672796745 1.1281055386042216
1.245975758756444 0.3437837929419758 1.167494729516626
1.1511471934245954 0.3164012158727245 1.1315416375909912
1.2331559558245355 0.30000386618312935 1.1342489202595245
1.208372241348234 0.34795512058934425 1.1175991795175453
1.169057590401844 0.41054369947291525 1.1366757216723713
1.249101914766716 0.3528778226653629 1.1519822473864316
1.1628439770990304 0.4108957846341572 1.131416754527567
1.2569158105468288 0.2979953665472023 1.1391561562122718
1.1707126386561177 0.410919646780627 1.1552601356169159
1.184915394375204 0.35694583242430755 1.1148067330992346
1.2014845442559723 0.310788981178237 1.1277998735372572
1.2339621057455816 0.283403084207645 1.1649180232836485
1.2362569809571078 0.3634011754117728 1.1402140480699685
1.1553582473043285 0.3419622618982032 1.117036455683633
1.2377538892583024 0.31672347989243443 1.173081630916063
1.1933327103898335 0.31226198220904583 1.1758744486721442
1.268645654406014 0.2997372061702822 1.1649819804421138
1.1429213319744322 0.36896834743978657 1.112157126571401
1.1616846450265255 0.3831412853410757 1.1154145483360136
1.1661952540414364 0.36562593688096173 1.1137207557667714
1.1599857870005135 0.39659275945399547 1.1197025477376799
1.265218210842421 0.29311732060970835 1.151303198077933
1.2611300451360794 0.3324274298266402 1.1364227445903479
1.2344442427558098 0.36221692898823726 1.13587313490351
1.145765351760208 0.4227754076952051 1.1358020335620473
1.204808238857878 0.30233337767257107 1.1351111397697895
1.1629349645741272 0.31019324405103355 1.1351920017392203
1.1552874308553867 0.3505860281998777 1.1149274347849032
1.1349117330842917 0.36722468504559225 1.1124285617859497
1.2104629464872698 0.3826115209359538 1.1392710600801994
1.1957228142769667 0.28689599238103086 1.1610430908149543
1.2412527833755416 0.3064809962428304 1.1307689558096616
1.219305895837484 0.3502045077950821 1.1209949358471112
1.2060881590816839 0.3306120585100383 1.1754396702469694
1.2024807922526657 0.37440563851496694 1.170140340883347
1.1985825113834574 0.35559394559013746 1.117250455924595
1.1873257460654731 0.3996423298292795 1.1545490692317566
1.2430901693050909 0.35355815237570387 1.1361082947728398
1.1655233973842243 0.41258721994365205 1.1419705379766882
1.1756383421633347 0.323697285036546 1.1238512213325111
1.1676890224515835 0.35272841610581507 1.1147917815477513
1.218808999852766 0.37733316527653865 1.1521972476108273
1.2137747128243115 0.374770959826658 1.1315055673778496
1.1846062823589059 0.40166012907013493 1.150309120672586
1.223044408310947 0.3638016474044503 1.1281726018322105
1.2656844625198764 0.29617090062428697 1.1487546509962057
1.2658399747413063 0.2942113331856358 1.1565751978016068
1.193922217586688 0.38276913224876363 1.1688822245034636
1.2266465761079703 0.31201930587772664 1.1276244147052674
1.2487976007071828 0.33722123883985705 1.1300127188349967
1.2587614217490433 0.31224416186164683 1.1343640084304931
1.2179109963068853 0.3722964328565718 1.163778084310914
1.2301288421845196 0.3253740263575214 1.1732749973462524
1.2391899371098039 0.28733290777644893 1.1543176592962918
1.2278479693770616 0.327785106152471 1.123380437654885
1.1953690769087868 0.3258934811985505 1.1221377476736467
1.2142027071499604 0.29644311693348413 1.1419768192853872
1.1491984640466744 0.359649033877062 1.1141357429470764
1.2215724207035557 0.31991836868842033 1.1247283809644957
1.2633908396411115 0.2977398026380395 1.1653434051771987
1.215014054655747 0.3501469433688401 1.1210975316568488
1.1429765163979855 0.36463357550574677 1.1136423386749559
1.223172502432414 0.36871412259507524 1.1611343640567557
1.1531053433770444 0.32242373705734817 1.1279675820805688
1.131383028031434 0.39514210155142104 1.1144088658582025
1.2520107132252396 0.31376613523883234 1.1698863899770067
1.1804467052384757 0.37805019419849145 1.1195144884695365
1.24971390478804 0.3123100116706228 1.1704455776103724
1.1725000847549847 0.29016766188432686 1.1640817660403306
1.230654719350335 0.33993688997593735 1.1243745561979905
1.1299436719786482 0.3763173339537465 1.112932822513927
1.2183121235851782 0.3713852461657748 1.1630361599467172
1.2046664869962067 0.38575496153967326 1.1538152234931585
1.2081579376278193 0.3824415571982277 1.1440584198790034
1.1276391828384786 0.3730615823520262 1.1131605196366412
1.2659130111683705 0.30249873493813667 1.1476891412110155
1.1383455450103899 0.3225085249837153 1.1311451057834616
1.2084613797915904 0.28910290278211126 1.1547769957060185
1.264253686626616 0.313403673659426 1.1645935365518656
1.1606093843786123 0.37423961061124833 1.1155134612108388
1.2531973965587386 0.30004085592955654 1.168274327556543
1.1528540388603203 0.3115378935875674 1.1380854613512381
1.2555971990256367 0.304894299086936 1.168222618916554
1.247833207237441 0.3409640086712906 1.134355477696891
1.2420393278058608 0.3422566335151273 1.130246110120499
1.2496136814603047 0.29705382023501054 1.144750042942342
1.1894296665566424 0.3903057807997935 1.1327433637342113
1.2256120076809807 0.3544160613589001 1.1270661692128816
1.1887487011089226 0.3897629377307904 1.131035283271137
1.2659861825425722 0.30714638458457394 1.16245492641001
1.2193142823796734 0.2879888939811606 1.1678131799008775
1.2031641974551577 0.3861458580989564 1.1467228545079942
1.258195050743052 0.32778805425581875 1.1379906366178865
1.1196879442423655 0.40467145690368234 1.1160908885152334
1.1950637792593506 0.33268271460327015 1.1211094995941937
1.168227592032584 0.3998915015385956 1.1281028619600952
1.2175608362720736 0.37213613563823006 1.1370358042155952
1.1691635487956291 0.2951316389386261 1.155399877874343
1.141090488784047 0.317096973741486 1.135717463498434
1.2461718822751824 0.292746309488354 1.150003399057074
1.124806104258474 0.3540726769887356 1.117449801886682
1.2667086114290067 0.310618041742547 1.1480785811144467
1.1152184774505498 0.39534937227685807 1.1138693480442718
1.2314211469821374 0.31164661760991486 1.1307611073773662
1.2409243665012868 0.31059281559670443 1.171346426519547
1.170598889208228 0.34464146165496956 1.1184948962411698
1.161849485673102 0.3910313572574662 1.121151564918733
1.1373317658297089 0.41972913811884255 1.1304019084661587
1.2372821054073222 0.34451130632441007 1.1301374534385553
1.2044909265310815 0.36889654484277934 1.1698976882903185
1.1710277006849041 0.3323737766821029 1.1226327194344894
1.2412928489421562 0.3528502548247739 1.1460222371292343
1.195662108388899 0.3104891812552464 1.132867046449473
1.1547089480471933 0.4110296933916148 1.133265811444883
1.217661143568595 0.323830546697815 1.1254503398731963
1.2046631742389189 0.3393076711728467 1.1213329682404565
1.2424497233976213 0.34975974279542815 1.1429278362820834
1.2030549701397062 0.32991817426150893 1.123232109436171
1.263581934988766 0.3116135101922434 1.147340064398409
1.1379062572785663 0.38688496856461163 1.1158372905631229
1.170178291692828 0.4011260080548763 1.1654365175796066
1.203126945438793 0.3772858206889373 1.13229627664687
1.1461307912985093 0.41876274165017263 1.1393358047808217
1.183387841742322 0.367648885881803 1.119702490968068
1.2368446903242647 0.32718323986588205 1.1283861768911783
1.1515583055082208 0.4168468494705 1.1453871245241731
1.2058713189176022 0.3570814676145182 1.1232652142313209
1.1946913781786885 0.3873588836572744 1.1383777256769143
1.238456444975719 0.2899090363574773 1.1628750327760815
1.2161060370111954 0.2883189262778169 1.1633653979896055
1.1388993295922933 0.3851034440927723 1.1160841590577304
1.1757067216194383 0.3161308336930933 1.1320024599393614
1.2442112653256372 0.2922928975352167 1.158473903363364
1.120530518503751 0.36343332060349526 1.1163053851516758
1.1476785107210703 0.4065239629690834 1.1260890971237019
1.2522861865179336 0.31225876786640544 1.1676823229446769
1.175026524554653 0.37814983646443967 1.1214041471120801
1.2168009503879016 0.32156088832290614 1.1737838203369901
1.1795534911962204 0.3134980725111904 1.175380181447493
1.2033384531045372 0.31768982959343617 1.1285733337058508
1.236261476639001 0.35542068989381936 1.1543218473334242
1.218341137283858 0.36664967175958096 1.1356982100542172
1.1714360689943306 0.4043892223024795 1.1536907648268415
1.1787357882940932 0.32900379902479515 1.1245608441332098
1.1413267639273283 0.40266592059950945 1.1224040674282891
1.2015027012479862 0.37832001046404756 1.1653361075441726
1.2383238093742723 0.3327294915547288 1.1301876427991333
1.2206915060314645 0.2912319171425237 1.167907404190625
1.2404185356798172 0.301694564298995 1.1427294491905757
1.2380993939266134 0.2936627633974281 1.1525573176496777
1.2528023811891127 0.3297854092575908 1.1404559237835628
1.1899973655787242 0.3620435452000111 1.1213568910893172
1.1991103122706532 0.3853311017531708 1.1522433046245721
1.2286613100920107 0.2904279569696219 1.1608134945838173
1.177658911497695 0.3584960325530557 1.1189872197312192
1.2386553904497997 0.30020024878238066 1.1691995126479613
1.2302055742146547 0.2908906211074315 1.1604301838618007
1.217311718692378 0.36787634458494645 1.1385578083234429
1.228953780754679 0.3569469032563505 1.1614802776079816
1.1254318974530895 0.36642457127280653 1.1163113530595759
1.2222055249827284 0.32148757738585343 1.1285082869421141
1.207308845230484 0.31374260539704174 1.1320240036253
1.2444149590718485 0.3389894203120492 1.163726777944126
1.2362287220624648 0.3537664279490483 1.1525471342701608
1.159334715971763 0.32675134433579417 1.1277908964455006
1.1462392724785158 0.38228276845147735 1.1178377316069563
1.1483048450918427 0.31803348981296564 1.136039859174598
1.2214430273823376 0.30376551517548317 1.1399398222922503
1.1961293685070704 0.37475765259704436 1.168606473289625
1.2536483419830664 0.31615159101829704 1.1426960788736424
1.1821349418906097 0.377065013533683 1.1715920396504096
1.2524013443107118 0.33361289392392673 1.149971116175756
1.1645460005856418 0.3936117840027621 1.126635469210451
1.2339452808867937 0.33409226170426704 1.1303989868150406
1.220197187805248 0.3636620299289031 1.161412849898251
1.2475378930225096 0.30278609714732435 1.16698696974803
1.1368912476010076 0.3510642322407595 1.1198621929095247
1.1859391239477135 0.3912274625741643 1.1585164879428131
1.1714689606767017 0.3899634758956295 1.1273113675386093
1.169438687924942 0.3509174163165031 1.119739739465715
1.194411315781783 0.33419347079517453 1.12405399431061
1.202438044946693 0.30318048019513244 1.172982551603992
1.1494969042060978 0.3906146908035172 1.1209872553549483
1.179785526271867 0.3943644800565787 1.1607615093051717
1.253202016039583 0.300720933057813 1.1556857606611177
1.1216026302435553 0.4035956276528791 1.119372683949685
1.2315275666582393 0.31805312573617206 1.132947755626918
1.2323795989187598 0.3419668968459867 1.1326856439267843
1.2114408225808488 0.36210962550150555 1.1299539069013078
1.2435894426038636 0.3259553770885161 1.1356159500839262
1.1333658377597795 0.35145151256510276 1.120252088921506
1.1974432373710076 0.33131737481025625 1.1251566705296092
1.2154984634473376 0.3047273053335231 1.1401171820856542
1.1446217867295556 0.38412044052931493 1.1187669901095225
1.207128324970086 0.3615002531083119 1.1282734415880957
1.2256241115687636 0.29425940143163887 1.1544407618435348
1.2490653704967327 0.32408043735241265 1.1405449047038023
1.195111327065252 0.33474076750862847 1.12458298800797
1.1656402067678315 0.3832290783960003 1.1233252239838374
1.2228116798587447 0.32057090705046387 1.13137450436433
1.1575879374805254 0.40872740371653477 1.15738317573766
1.2282923478932415 0.2944185337836403 1.1564612234406777
1.204604127105423 0.3002882596200364 1.1469609931495144
1.2341208899111813 0.3494358221329772 1.1588594323619281
1.2008647244488722 0.35630502741393844 1.1254874481471489
1.2496011842288026 0.32298411596913135 1.164167754642661
1.2535223734776744 0.3222082482040181 1.1484645790849446
1.1333354569627097 0.36399851044096554 1.118283012653428
1.241799781728681 0.29738959456587905 1.163821440223744
1.1657474996140684 0.3920995595041639 1.1282318506236104
1.2055770228362528 0.3719350800263456 1.1373518434838972
1.205163842114971 0.3748992416009849 1.1432396148415809
1.239209559733962 0.3181834950373176 1.137514828901092
1.2357204652672729 0.3274539112597831 1.1346111674775412
1.1841277723509505 0.3881445693250217 1.1381132936779135
1.150081157531608 0.40808037442362655 1.1350526692371
1.2404762323926886 0.3146704271917818 1.1685462542120066
1.1659746529305641 0.2988745495277576 1.1584371201285575
1.2377141658640156 0.34601801302281915 1.1476122453292736
1.1816398751114399 0.3617898198229151 1.1229031734475512
1.229932840292758 0.3114981867328424 1.1385934478960857
1.2370953109848322 0.32655195015751176 1.13547070985329
1.1401521822728007 0.3490626841439709 1.122018980683686
1.2003785622085272 0.3680196982275898 1.1304544343985117
1.243019327826957 0.3358876429843077 1.159547485271837
1.2489277711826683 0.317979775623285 1.1638447508671619
1.213358939160816 0.36610822411398286 1.1419055134412401
1.1920786951949662 0.38005349529115495 1.1362447329277767
1.1539852966011512 0.368341807456831 1.119849807825282
1.228439476407675 0.35488040899977275 1.1482754125383225
1.1836656009470476 0.3880318701975009 1.1612585342514734
1.2088424889916067 0.37034106500936426 1.1432904639125445
1.1584005682770246 0.3051964036981248 1.1507492743612673
1.1963915683777675 0.31281646357525655 1.1366893687169577
1.1271115431893672 0.3740081280418003 1.1183353313694575
1.127374244282147 0.350376474846075 1.1229945307960887
1.2214316995899512 0.35895050960433034 1.1446233984635459
1.158526447531147 0.3026544885651427 1.1546992660760302
1.1865609054045452 0.3070292583843826 1.1441666283682854
1.1877038341017185 0.3423270261904378 1.1247627468784587
1.22450076462046 0.3580797432422261 1.1542016383521336
1.1835727988742912 0.3738841557978623 1.1274522420264257
1.2263307681777773 0.3001757945965393 1.150287373353282
1.2133704675742671 0.3664317111137384 1.1456117230443323
1.2357523425159032 0.329928533760591 1.1376276529332652
1.1550104603081108 0.3655361062743935 1.1205121374681255
1.1407731888758539 0.41106191106397144 1.1345993035737283
1.2475890433903576 0.3267785236492735 1.148949290929635
1.1814035790086312 0.29865467404466806 1.1701099722540453
1.1572902274503962 0.3188011618181471 1.1373525568850642
1.1782153100349981 0.3014431997542354 1.1524890922755517
1.188155470877067 0.3142722839618024 1.137225800225952
1.1378421278404416 0.3736295321771161 1.1193511609606297
1.2386907229631632 0.3407683473559441 1.156269820249715
1.200246744048306 0.29539881983590405 1.1671066615132204
1.2071795428404297 0.3458634979112212 1.128292987847298
1.2351460429044616 0.3012372625017657 1.153777792508941
1.1394679780081534 0.39453016587785855 1.1238911497312685
1.2343669431107376 0.31139300572589124 1.1683744196943695
1.2448445999743192 0.30920003738038404 1.1635083858145683
1.179694110504935 0.31341367617545307 1.1396845093016368
1.1789344243644084 0.3706924750093298 1.1263000428274748
1.2081663179932884 0.29819841668731767 1.1553472752659988
1.2046312991173806 0.3622137748187244 1.1334715166109566
1.2447337731448826 0.3246270175256555 1.1587122669771206
1.2139762448198483 0.3628848892700757 1.159116478258666
1.212265749592706 0.362934920665761 1.1415547062193228
1.1587829835196564 0.35934238547060277 1.1221582541250827
1.230664055897488 0.32220523087198555 1.1385926600490475
1.2294768484044423 0.3120529181712514 1.1435669213363777
1.1613801206695462 0.3715726730019475 1.1232765783309913
1.2159451352787325 0.3508881548011182 1.134717129334425
1.2015579301435475 0.325612917794329 1.1319257742915119
1.2026175350742723 0.2971795663137987 1.1611518913748113
1.1512679353093107 0.30893034278771786 1.1500924537178083
1.2122843960430925 0.36209388632536826 1.1626472323727088
1.1623288423419678 0.3866420258065441 1.1280166687496875
1.1753815497900248 0.38969796734807255 1.1393649516147777
1.2025685602835936 0.3733988370696367 1.1554475351658406
1.2342755890605421 0.33322867513291304 1.1415566910205057
1.2079865171397453 0.3499268611068123 1.1306040330137919
1.217400933306195 0.30618647072737704 1.1698051357135753
1.1502366744606518 0.3931787441060967 1.127396127122321
1.1991882638232931 0.36533995927789725 1.1678736486091874
1.156195050840121 0.35337743755560375 1.1233859432993958
1.2367613995880458 0.3245952360509431 1.1438486914503083
1.1858379682018594 0.3477728842310753 1.1259446807512419
1.1788900780414378 0.3060384803954483 1.1487399414805215
1.146310270380986 0.39769952429398403 1.1286670368010907
1.2304231984358138 0.30208014492664703 1.158187733881987
1.1284222930792156 0.3588105163367914 1.1222545328462565
1.1866431186081 0.38460726072954615 1.1553612300755427
1.1980921408784844 0.3745886986146381 1.1581734719438788
1.1373285595228744 0.32693596753821225 1.135991068071543
1.2074746076567444 0.33474052945592664 1.1309387706065626
1.2014791864604337 0.3663057899408201 1.1364697344615786
1.1706835888289242 0.3890920269707904 1.1355677403023263
1.2213498991959935 0.31157618760596273 1.1437384322031767
1.2126323694511258 0.3554727839638551 1.1369035413529311
1.2326543956802176 0.3215920189097368 1.1424267643348884
1.2308690885046214 0.31201251015779247 1.145789440045566
1.1820856520365015 0.38738316539620343 1.148625094117306
1.1715213542083749 0.3862901786369069 1.1339767211573815
1.1468150828441788 0.35785647033017065 1.1229072673039298
1.1748191501889889 0.37735134284836813 1.129228882918747
1.1972117279085022 0.30673517101642983 1.1468509167919119
1.1775513597013376 0.33038795186787545 1.1302115982322978
1.2185654810596915 0.35221909664861634 1.1401263125841037
1.1800641213119825 0.34794471407525657 1.1258553643271234
1.145125918025378 0.38691928456045976 1.1246042666125307
1.2054329205603829 0.36742156795100384 1.1600691374631902
1.1734258677821494 0.3775037187392158 1.12892792947061
1.2366713528226185 0.3185484142357341 1.166354143703841
1.2353946701866751 0.33850305661339336 1.1532556571687147
1.234462973436167 0.3073337667546929 1.1658016392532407
1.1396025333345874 0.3523316622751258 1.124109605333007
1.2194626608210006 0.3161795600199328 1.1404292173458668
1.1757354777450406 0.38240915586554275 1.1339429297632824
1.1843686947130032 0.3846335624736346 1.1562698686844226
1.2157037257739929 0.32975766348067687 1.171018643594047
1.1772082254184641 0.38232561557178 1.1350353022406818
1.1216572290841944 0.3658412736367668 1.1216213878104233
1.194608024047344 0.3662453139805249 1.133577384858162
1.143682736988903 0.40070011849945564 1.1314576192233725
1.2060354753912788 0.3338986567048169 1.132128198558924
1.1667570478562916 0.3467035812326657 1.125770357945005
1.1742173227869666 0.33071030511175437 1.1308361525937258
1.2094249316990417 0.3263841958387171 1.134853541921764
1.2134178190241103 0.3564897747114693 1.1410478810970888
1.1535861973608106 0.4040945162330957 1.145966132285596
1.152716175009208 0.40336135335726236 1.1433567077520412
1.134876965460617 0.33518101176243686 1.1319415624730713
1.1513583975194208 0.3952180554705157 1.1316635256833423
1.228379515912935 0.34486471990110806 1.156673166883701
1.1219397999514524 0.3702148009962522 1.1213614356575636
1.1235380479099824 0.37523038411188553 1.121025949768051
1.2028305884344717 0.36682185933395367 1.1628204593580538
1.1662965863631456 0.31659895821448497 1.1415922714540543
1.1839600435210644 0.3142438193183275 1.141928824823259
1.217263390453541 0.3123449593388608 1.14459449147794
1.2346300112325899 0.32496840027834156 1.1461870676497734
1.1541532163546246 0.31381744429686814 1.1463724523315584
1.2378863938251794 0.32005032593967037 1.1505573795867723
1.1918763570573596 0.33655534300056295 1.1301746765723268
1.1441609379769881 0.40695471270398975 1.1415482503212844
1.2339895924785003 0.33328430057184183 1.1496714595270905
1.2068762916434643 0.33357895189920145 1.1336373638373838
1.2140818086719753 0.30223217980390815 1.158038751680902
1.2359533510916323 0.33031582024758 1.1529349955041137
1.2213459753540854 0.3430967141295379 1.1412020199691795
1.1692365790029082 0.35338003376900756 1.1259528933862097
1.2121453582674075 0.32979482121675163 1.1709771587849256
1.2291052154104585 0.3070129375304723 1.158706882278726
1.1633791840542933 0.3737183449295004 1.1268575422894922
1.1564031174093874 0.3644496414368168 1.1247427028576196
1.1313894342136617 0.3889245523846452 1.12419326585624
1.1762428328036394 0.3856469294840287 1.1432321507972458
1.2361872160326597 0.32185488227157116 1.1582781899684047
1.1926867079182442 0.3020160852166069 1.1584117366936906
1.2359465697314906 0.3225626722478067 1.1590047719760828
1.188669501340521 0.29965217609428535 1.1658742799282586
1.2335928229003477 0.31937319879294396 1.1494918888492522
1.2151915879563966 0.3388649942020789 1.1371802318661848
1.221613363434778 0.3470138696385922 1.1602903522125936
1.1661298558741824 0.3887790431577436 1.1367671148181666
1.1962734191856197 0.3675474058137129 1.1657471289101973
1.2043558194554453 0.3286488777943941 1.13530097632199
1.175378829135494 0.33319551394754915 1.1318950658198614
1.2236209968259284 0.34612139624054994 1.1568764397070732
1.1496536187524644 0.3433965184201969 1.1280365036316011
1.1433362475763702 0.33479841364434026 1.1326638510553206
1.2345964974799601 0.31747245580882766 1.1580392620309086
1.1242834249319344 0.3885386495330334 1.1236875140159301
1.2081702811169608 0.36219732722223336 1.1551683949951999
1.2084795653151397 0.3580630822799095 1.1633186369311905
1.2130490022634737 0.32013769121621594 1.1414009393779527
1.180335295573097 0.3703161580100346 1.1326554149345887
1.1508742655937436 0.34597416561869415 1.1274984836214332
1.1658951093805308 0.35159083636508076 1.1269171244955642
1.1696017225086075 0.30347504036216033 1.1682696455665489
1.1730113136737994 0.3752537667546982 1.1323842732020712
1.2154387800431525 0.3504145066305369 1.1453486950505594
1.204772538973296 0.31391963464434924 1.170819461176487
1.1482861591354003 0.3375316725532838 1.1316361684357938
1.2183487707453524 0.32759692091462067 1.1408063837134
1.2266421571604345 0.3327366182074633 1.1649705817976093
1.2151376780631826 0.353799443577678 1.151931545416002
1.1326575379827117 0.39232783758301937 1.1266882138906602
1.2319195806594792 0.3254930627827759 1.1592623242501037
1.1757242909124868 0.33421281056536056 1.1325411333313389
1.1721699913583408 0.3866729539080416 1.1448842049313244
1.2308484088560463 0.3162387953426365 1.162974207490716
1.2115978435516177 0.3565515610542731 1.156611227912249
1.2046149714810503 0.3217472995770817 1.171354274019087
1.2119193294584039 0.31741511021759566 1.1699190227185632
1.181262261083306 0.3743997603783572 1.1366532733131016
1.1474666764533703 0.3844015473487131 1.1278592049888996
1.229667065642503 0.33333013049999605 1.155225403272599
1.130824550999299 0.39772266193549366 1.1285730633433262
1.2307482498951843 0.3243927957803676 1.1606850475047348
1.1805296720668235 0.314008878071159 1.1458123528679636
1.1384747650305687 0.34317373296274467 1.1297567672005118
1.2132742667348102 0.3275029564879674 1.140008332989826
1.1991374255198262 0.31833080096000577 1.171650488775078
1.228644439129508 0.3225965124682 1.164624934200143
1.1450897746885789 0.383880880336553 1.1274596454288912
1.178810443438258 0.3738632723834009 1.135722229172811
1.200197068224084 0.34953138365668424 1.1353535098411873
1.1587132431529907 0.35009197632505834 1.1277340076530193
1.2269735831688524 0.32145088965477964 1.16592830050543
1.1505895660948358 0.39585406640299375 1.13692921088651
1.163068483397367 0.39180998491699154 1.162328713566175
1.218926903638609 0.3084276314927411 1.1577878853349635
1.1776420445748261 0.377863346923447 1.138954199702937
1.1852712242172443 0.30688132513549643 1.1696806003059539
1.2249111521320115 0.33874300585691874 1.1525540019811404
1.1948602862568154 0.3505674891241649 1.1338537718171449
1.1310639443017285 0.34825772913840874 1.1285722873440376
1.224249851961785 0.32466937129356455 1.1470918696031365
1.2273297923336615 0.32194873042997224 1.1648589279644725
1.169359655125334 0.38220484747168626 1.1370996131800784
1.1709853021301306 0.3870574648307093 1.158855558522076
1.195723904566607 0.3584708856515438 1.1366619396035904
1.2252932444207085 0.3345776352011761 1.1609001309849911
1.172482270628586 0.3533008770918773 1.1289613607001039
1.2148870163232883 0.33742558615342605 1.141163953082025
1.2065451271435967 0.32662254239436134 1.170764872858932
1.2267985783744528 0.3277126564702594 1.1637771736784621
1.2034989378761058 0.30653382815200997 1.1559193136947283
1.2141829552749974 0.33096217776980824 1.1415717136368553
1.1686992667611364 0.38906734575190355 1.1571098815535281
1.1702697171804952 0.33331574239588013 1.1341605238131973
1.1875268786070259 0.3162814546359949 1.1720328199286238
1.1997123338855713 0.3449606685947692 1.1355944312804547
1.214626302537661 0.31199300415509845 1.1520083541194919
1.1737711041126042 0.3788589306441357 1.1387443143009035
1.2023335587296144 0.3182327784270535 1.1448561292796127
1.2209530651752707 0.3132137065854098 1.1537297774591921
1.2095314332151572 0.3131309370532938 1.1496147527575888
1.221391927984461 0.32772928930047635 1.1468075373477071
1.1708840930100775 0.33760355703783523 1.1328360104631126
1.2253498475122655 0.3186745582798524 1.1527949931120827
1.215575670883255 0.32646246647675237 1.1681111075799946
1.2076897590253428 0.32146878524998523 1.1442466344829958
1.1455868505190265 0.3965776003685491 1.1365198363954432
1.2019077409882302 0.30831729484580617 1.1545147798100908
1.1900195056151412 0.31016343062650503 1.1699882608966705
1.1515311393015955 0.3544137001050271 1.1278264237573679
1.2043970328104985 0.3132712449018388 1.149148881649035
1.2169222672531355 0.34073026549440094 1.1646507880603771
1.1537291773508145 0.3157741468520734 1.1491217429558411
1.2074112933932164 0.35472383046695094 1.1476741756700344
1.136429842941017 0.35401336879383744 1.1276478021000376
1.1368039052896866 0.3995421224579531 1.1350641053006902
1.170992697161968 0.3203909937348355 1.143525769847133
1.2150755479823943 0.32163349955835197 1.1465787668073242
1.1994101814923102 0.30795457728558046 1.155102445788127
1.2011420277299334 0.3558454256835855 1.1429677601596269
1.1502625739767718 0.37796002288530917 1.1288736530715926
1.1835934045423593 0.34593399000310504 1.1330429562332895
1.1487426481198655 0.38235441648148033 1.1299008176256216
1.1721069568067728 0.3081986674734971 1.1567534339834677
1.2024346646898945 0.35127816716744986 1.140518835296766
1.2044289716915624 0.3250220187930335 1.170291631035067
1.2218711001670561 0.33698080883008685 1.1565731735042974
1.1990605223414064 0.343707191154257 1.136973381292682
1.2080037556164611 0.35529789303160453 1.1529605288036993
1.1796009705842845 0.32048150675667353 1.1433864322715186
1.2100261864950284 0.3196662226393753 1.1467155444446835
1.141294054273958 0.33220058772106975 1.1376336391945865
1.17745220662309 0.3076243053223869 1.158050841572142
1.1812152776558098 0.3781815700903866 1.1507849799733314
1.151950114267949 0.35852913591115965 1.1279081430359128
1.171056896687667 0.37836274545709936 1.167329537781757
1.137808059560931 0.345876822996585 1.1305464655897288
1.194978557735014 0.3419214638935328 1.135933594607438
1.2173408063414177 0.33665468858058695 1.147034733383099
1.1676320753015323 0.31382283409079664 1.15004430194733
1.2183172645393912 0.3288251663860085 1.1474883163552039
1.2024298751681435 0.3506973990902196 1.1410356004844615
1.1945446168024094 0.36786500543749556 1.1549191436165454
1.2238835172604805 0.32044318919958814 1.1595080081770357
1.2060529158523245 0.3501425215909961 1.1446255392379172
1.1888184775105308 0.3701898930243798 1.1468451601556613
1.131040778412466 0.3748045135256668 1.1258874861468704
1.221987497914918 0.3287902098011898 1.161801252818071
1.1414532236405606 0.39774322589353217 1.1373676177939789
1.2017779672821314 0.35368541097205386 1.143648737441157
1.2014838467407971 0.3605007586175437 1.1504706393248805
1.1975158142071365 0.3068829816117 1.1608617920366415
1.1938268331789303 0.3513717840981804 1.169437536955075
1.1683972039985313 0.3738733978017536 1.1345024688670733
1.1645241850230328 0.3143944828078917 1.150210771709205
1.1500769601026801 0.3932090581546766 1.1389095839474976
1.1776293248677434 0.3727800972958752 1.1672332105772492
1.1967244744043677 0.3061247016341524 1.1637141103894866
1.220479548902517 0.3185059959417276 1.1647166319550308
1.1648809869616514 0.3067192657309864 1.1628007149361492
1.2054745476279525 0.31599278803825687 1.149178363317131
1.1998945187296997 0.3084677192840485 1.1588964763570229
1.1852519244175577 0.3430358143444654 1.1722123179705057
1.1778714156410226 0.3444442179885297 1.1333158366396168
1.1939965847985137 0.3302052749466707 1.1715846572371644
1.2054992901714892 0.34401326560421686 1.1422556948991065
1.138846044588299 0.3472965808339299 1.130520497739052
1.137558097490878 0.3552615368534335 1.128441131766155
1.2051956273409994 0.3080211167396239 1.165103694000121
1.175880256573325 0.3744618125266565 1.1397789072937017
1.164933514440452 0.30654785529743733 1.1639812080810628
1.185763624177822 0.3706906347139229 1.16187322333292
1.209354275109652 0.31821473539108913 1.1491468558734856
1.1965942741325768 0.3636733317135296 1.1503612604899711
1.1678394122564266 0.38144067059035075 1.1410880549863915
1.1867198630338973 0.3639229956813139 1.1400482656471962
1.1874395897083512 0.30948826549813435 1.1566900632067716
1.2165279283860437 0.3152041449621723 1.159653157809014
1.1746631912147794 0.3398257778919275 1.13477547896065
1.2038606102659495 0.31242025719402855 1.154364307981997
1.156968977027011 0.38735081870614246 1.1397177110948318
1.1949256558874568 0.3617871254384034 1.1613383243019355
1.1928548828434395 0.32348368131824085 1.144218315958644
1.148662049386138 0.34855302365599394 1.1308682115975115
1.213384361682368 0.3358528727084593 1.1476708479828193
1.179613023964088 0.3763699861412459 1.149138395728326
1.2086643058546336 0.31414506346008986 1.154158638674992
1.1670533686436286 0.3814056094145747 1.1425725484397742
1.2084630240345628 0.31275379624160493 1.1570398231943333
1.2174833370613154 0.3330850831437566 1.162375779001456
1.1675067981557383 0.3672941547032066 1.1334787790330298
1.1731973989261688 0.33041343613996366 1.13900000823682
1.214099058399152 0.34063799457090455 1.1599444293978842
1.200942297550049 0.3382688303987348 1.1690981122498334
1.1626736916491862 0.36033998723922084 1.131269716435246
1.14534397578492 0.37498397221795765 1.1294017404571481
1.1652940135260312 0.3844534840357817 1.1617492853367002
1.1820316251672573 0.34112033295558675 1.135808476069075
1.1669464609802533 0.3812974447878269 1.1434278811570753
1.2088333369933162 0.31393046429285687 1.1566574214295293
1.163098188007044 0.3404026436271007 1.1346903484104232
1.165714079174762 0.3641676158117939 1.1328385242741417
1.1944019177258802 0.3392861523046504 1.170332242573878
1.182711015079028 0.3403899188033137 1.1363800460203035
1.162925098390438 0.3196542702674274 1.1476122838752745
1.1832624777904686 0.3099263586088976 1.1586312938950323
1.2174733413492 0.3248199545243936 1.1544999056983456
1.1597495834763136 0.3220863959229599 1.1457782304637272
1.1972079374711402 0.3156078564180857 1.1515937211203182
1.1649338405182403 0.35887762145315394 1.1324051284407226
1.218144050936754 0.32982457644778546 1.1554450367269407
1.148441766138773 0.32469170088141724 1.1451238703865765
1.1554741261130579 0.3479381964807721 1.1325266994688556
1.202525390987311 0.324464513253082 1.1466001851502292
1.203726840136301 0.3431853958208077 1.1449937889993247
1.1940294392707502 0.32846165885420886 1.1432100205674733
1.1862418340736192 0.312600769992391 1.1541182441586124
1.2154608183472895 0.33475918608630645 1.1576032985568803
1.1911230669997046 0.3085385647165802 1.1645962026563377
1.2166142409657714 0.32711441089973564 1.1577654935837876
1.2004119660714423 0.3246759009504367 1.1461934870161172
1.2154359413487474 0.3311132279311743 1.1625864271514832
1.207577225617525 0.3483699648092068 1.1540861703731136
1.1930981047806613 0.3514432807207271 1.1407377536112837
1.1700203086339727 0.3824698324045529 1.1539587995278864
1.2041333774089986 0.34963533483556314 1.1490681911054321
1.1820348368884788 0.3724640502825459 1.1504755630933532
1.21418133663443 0.3213077102907721 1.161950867980154
1.1977138419317495 0.35255966086887086 1.166141885234713
1.1882427271086629 0.33185237650695293 1.1410009924042284
1.1496372999941276 0.3594146686863963 1.1303535536702383
1.2091243436965664 0.3157860296463712 1.1595535721705228
1.1960049928028496 0.3262670647090134 1.1452869864013615
1.1961482644015344 0.3289541687173343 1.1442950897236093
1.2150829292225778 0.3272971763621662 1.1604889072197981
1.1900987957425497 0.3288808614376063 1.1431027387594177
1.138395362579934 0.39143513028559956 1.1352442358158703
1.1877573590641406 0.3662883156152459 1.1582230614875075
1.1639577400176 0.37664661290292445 1.1387300085038887
1.1504333657489243 0.3411470106527553 1.1352644775423928
1.1646335555514995 0.3179381614522058 1.150119862865067
1.2056645696108703 0.3493043169396968 1.1554378500018088
1.1666411103258572 0.3607212334314604 1.1338320723510709
1.2043527570047177 0.3366731431992148 1.1673863585832305
1.2079936875839155 0.3448312825516153 1.1572415694854614
1.207922160641948 0.34496664933140836 1.1535738336270742
1.2082869696661391 0.3232292431133965 1.1519222649862795
1.1570759757393512 0.3856409755317425 1.1433035347018599
1.159109700935923 0.328197207075764 1.1427119879328735
1.1792294349565375 0.36031764859078724 1.1386614681817842
1.2030182183509635 0.3480172933555965 1.161786117099343
1.1312127592576668 0.3557118002550862 1.1305578920119883
1.1622162873065387 0.3113582247759163 1.1612339410223114
1.2134035505183147 0.3266684125831338 1.1629080012716075
1.2090599533835538 0.31728474595207357 1.1627445097567235
1.1690443494646894 0.38126605069081976 1.1525664145546055
1.1836409289764966 0.31095580821469326 1.1668377180828196
1.202941173599973 0.3206195924647514 1.151766915764471
1.1373330195357585 0.34708723741897085 1.1336568041072854
1.1363535527581894 0.3443736287653336 1.134910119688691
1.1879190568107125 0.35435522365060174 1.1416092588316775
1.2033718276550798 0.32225054994819696 1.1675321853203149
1.2106969688038056 0.3384121923494822 1.1538024399032527
1.1859694260424924 0.3192986343480217 1.1497180946920513
1.1566200815051682 0.3827153272006269 1.1402033837019712
1.1623769179336865 0.3578473926384111 1.1336848865817357
1.1541408139884322 0.32351854480198167 1.1471024871354873
1.2064965628782285 0.32456523460096703 1.1518037364321476
1.2024301323916804 0.3502257459791591 1.1532985401427382
1.2048077262820267 0.33075079425126785 1.1483657779585443
1.1865072748256706 0.3656972641611741 1.150254216627596
1.169421635973843 0.3772968797629909 1.1640823325148837
1.2096289282529038 0.3367725797683784 1.158521910225499
1.1487700880910832 0.32302799046853176 1.1482694257324824
1.1787348129222903 0.35487519374034227 1.1382896099200763
1.183666996889313 0.3417596364642593 1.1394086302441215
1.1758625597292243 0.32157480363630336 1.1480030931742728
1.204388691548825 0.34339396410560197 1.1615052546674944
1.1946495497878122 0.34613597474838304 1.1677151907320196
1.2073153437609077 0.33852122986426186 1.1634856375556273
1.1917453651343828 0.3286996918515299 1.145637380272916
1.1916661659656307 0.3320900471768455 1.1447565521274896
1.165573642856403 0.31423616088349315 1.1567763436985745
1.1743273396439138 0.3687496253299746 1.142803822029128
1.1520621338795554 0.32918362509194365 1.1437434494390306
1.1919835173151994 0.32877066825815165 1.1697165483596055
1.1897196508811108 0.33507314185256626 1.143125847479476
1.209827106492398 0.32624875310133994 1.1601498547090372
1.1719534480350542 0.37089034913179875 1.1668381299715747
1.1900614686329047 0.3248862475070996 1.1475290991936697
1.1768836529999542 0.3713330453581323 1.161910209669269
1.1888381007141073 0.3134203340196824 1.1611984952040073
1.2064031245900433 0.3368173195658168 1.1644031144006932
1.17973910695189 0.3670860357274481 1.1653210056221062
1.179003096111551 0.3289626272063339 1.144384791339382
1.1801517895250742 0.3349173536191017 1.1412521646118192
1.189392182972239 0.3563149031228216 1.1457995535322305
1.1680356734334727 0.3350957786263609 1.1400837944231637
1.16429647221652 0.3220161662507787 1.1485850973515828
1.2022084385597163 0.34759761204631434 1.1559222798652933
1.1902840393383776 0.36145731149918 1.154110513845517
1.197027827780263 0.34855451138115323 1.1477881791702442
1.1897346038708507 0.35374324579876 1.145257112065802
1.1550320538975114 0.3887910179496269 1.1505373927797407
1.1998645193828497 0.322697473376371 1.1524294422723285
1.1852452464404077 0.3272988579708007 1.145961799403605
1.1713297154663664 0.36867696419984514 1.1418469846163246
1.1658772747004633 0.3567776451615775 1.135618604569744
1.1937721447061738 0.31651597452275804 1.1571045423986899
1.1831924504246347 0.36670891366430575 1.1525615161922742
1.1626525348319685 0.36824887732420447 1.1367263513321983
1.1518172357439675 0.34199115607685254 1.1370112783072344
1.1960554814553817 0.35136350789119475 1.149380444336159
1.1639102684702898 0.38204481118860273 1.1521034648756097
1.1932945361635399 0.3254254425802725 1.1488800731206195
1.1340110514521267 0.3781415881789913 1.131991710855902
1.1975988209678365 0.3318095845459531 1.147958111243349
1.1437193823642078 0.37992906892639433 1.135114775059821
1.1888005731801679 0.31635494611072246 1.1575876018990965
1.1957701896845163 0.318803850380577 1.156121387731543
1.147973753453477 0.38075002922246426 1.1368461846719924
1.191952476156726 0.3552416059509922 1.1615648543018846
1.16654015173035 0.3790683802938086 1.1578137471793883
1.1459102349367862 0.3342079831308464 1.1417803307394339
1.1982775612648402 0.32547294197210513 1.1674775371527124
1.1411987920769588 0.37002889685309304 1.1325626835099265
1.1936151483892083 0.35528760533866777 1.1569711613928209
1.1698186800355628 0.36052481903209704 1.1385552523199562
1.1843976911101148 0.3433680265821289 1.1423734830535375
1.1381252655340313 0.36604179158459293 1.1321157532560586
1.162165538420496 0.31976455968463136 1.1523455123597626
1.1533044110310462 0.3413742658324463 1.1382033152546975
1.1858688871652967 0.3426966315438958 1.143177567363412
1.1674709194780408 0.37773511839361884 1.158503484039854
1.1630369521479051 0.3816609206977653 1.1569298219465554
1.1603920479869263 0.3831392777292649 1.1501290002555775
1.1448281424185125 0.3323857013933596 1.1436333107720074
1.1757890831221542 0.3263090103683273 1.1472752629846403
1.184425387620954 0.3409211943264131 1.1699454123619857
1.1940153239073317 0.3541605460198255 1.1557288241525234
1.1443382037962273 0.3849524668050944 1.1389839052197295
1.2034215166108702 0.3395252771589658 1.1558674779852225
1.1905294795749013 0.33131567236237697 1.1689899167245466
1.1765481912246898 0.3699228816957862 1.1589617797909098
1.134922478170842 0.3819670598387306 1.133813457871773
1.174427925105026 0.37036666677200725 1.1481737042018214
1.195599216225648 0.33501939504070527 1.1677047375993916
1.1991518360466098 0.3446294747005855 1.161902081282403
1.1978350487941691 0.34563542278412074 1.1502764296188899
1.1726349073073128 0.3731478117015106 1.1507549620148727
1.1873486845236942 0.33101945571641683 1.1464368857133933
1.1479636532474544 0.3357739928203141 1.14147106386417
1.1533058801576326 0.3280745929351103 1.1460387608489457
1.200120523001483 0.32256708077247903 1.1589239409222447
1.1526288172691848 0.3744964523096024 1.1374209992032018
1.1491726098242527 0.3871725651585963 1.14558106143958
1.1920876065049129 0.3285706681468779 1.1491537039880169
1.2013010218671167 0.32775458971112187 1.154431024456414
1.169242222724466 0.37415890552470515 1.162516548060125
1.197039546401343 0.3479557831140481 1.1540086012855126
1.1914211577627036 0.3196046428573973 1.1587623461147356
1.1623765802535124 0.36113682470980646 1.1379146516535095
1.1984717380148981 0.3239124365512302 1.1614713799029392
1.1744779200121 0.34604322923777125 1.1708372067865405
1.1729445031539927 0.37223360808394657 1.1541338646068913
1.1693540518215289 0.374147145635827 1.1595839142163014
1.1476053837664124 0.344984265843896 1.1379596990708571
1.1789999087379461 0.3571036259818459 1.1675912509577988
1.2003728926765054 0.33410173604896476 1.1617848629027059
1.1885640332611498 0.3326662416970696 1.1479430460103348
1.2009924286443248 0.3350713910306942 1.157208143623078
1.1754331639440525 0.3397839934695254 1.1709329634054875
1.1654356731590614 0.3451868837649158 1.1395334343978119
1.1787190361985689 0.36054475132987074 1.1464814063807938
1.1675330863551983 0.3749109219359375 1.1581906534260553
1.1758609662403137 0.3280167414612963 1.1480684334119502
1.195611680275329 0.3391930469961385 1.1508084455418193
1.170367815995607 0.3592155247820677 1.140901988629539
1.1831532502745539 0.36011709551521404 1.150886608087056
1.1788201250527917 0.3657237173930519 1.1531720956155214
1.1915652059079058 0.33290913449556525 1.1495966953354069
1.1632752730574887 0.3539340705470333 1.1385683468044896
1.1892768185399276 0.3183724882196686 1.1625285341597673
1.172441794687995 0.33899243566888787 1.1430820878707744
1.1669225590646695 0.34123859017741387 1.1414520733626246
1.1721087632295857 0.32020203419314747 1.154636144436419
1.182848005345877 0.321545558574862 1.1545253438607312
1.1700508837571693 0.3424041050264307 1.1418022252496158
1.1792616415954034 0.34073784105888516 1.1698075366224723
1.190222488195151 0.34416134415664645 1.148400171063293
1.1665406536352296 0.31707375756515577 1.1603255281258147
1.192632730633501 0.32767362927386284 1.1668972561552624
1.1570001267453733 0.3797174086240663 1.1475444493516755
1.1873892040650649 0.3546327798870804 1.1606900023407505
1.1865996553981206 0.35280450244773726 1.1648201106195384
1.1674873669525625 0.37447442369305256 1.1536710406447899
1.1662057212062744 0.3153988397712299 1.1661112221828929
1.1727593142572301 0.3427951463750494 1.1430119357133717
1.1749219688777035 0.3344479393345012 1.1458884130483629
1.194070094018064 0.34478946687489104 1.1593769478219857
1.190061497061384 0.3221727047045695 1.1609876119956648
1.1920882994248951 0.3222012910100733 1.1651128423859163
1.1536128578604556 0.38111460631178457 1.1468207783211848
1.1853074121318532 0.3561367732937762 1.159073013927551
1.1849522145275821 0.35692935347225624 1.1573556982230286
1.1886812077814974 0.35004918485273717 1.1615044317549752
1.1808748092697956 0.3592320605329071 1.1611243663543855
1.1614962050365256 0.3198991975258644 1.1576603848326796
1.1549167966733234 0.3223054959323709 1.1541857596771288
1.1440830925316683 0.34397901795936203 1.1399230703274639
1.1850087483488978 0.3371285116206483 1.1681285451182077
1.1665114157038494 0.3616180655443547 1.1431694798203778
1.193874854766749 0.3296995020152804 1.1658699448224605
1.1739923219119934 0.35853082525166297 1.145730220822579
1.1717688628399174 0.3678243570282863 1.1513412853949816
1.1819734836597524 0.35933818315919547 1.154560085870231
1.170272918036459 0.36731936644938123 1.149437277863238
1.1475540285593409 0.38112420574246353 1.144663122506009
1.1546770040175098 0.36023139931734804 1.1389842855294496
1.1843321942527245 0.354383224659786 1.1574195527085238
1.1918561662926337 0.3409070734678065 1.1619921207276716
1.170805001463448 0.3628957071361541 1.1665215946065597
1.1572424159020747 0.36053422766875687 1.139774805754143
1.1892089083550488 0.34705906292101857 1.1598753935736545
1.1874840984688644 0.3250165824140839 1.1600480686964476
1.1669819119603946 0.36676856998165186 1.1476363880554665
1.1849374215639545 0.3519764989614805 1.1535313970174157
1.1835420061567634 0.33347914169006565 1.1512015915839777
1.1881732342651516 0.3262090954119177 1.1621483304543285
1.1794600639467117 0.334407665822278 1.1684782673016518
1.1889901639858904 0.3443113251597731 1.162423873401706
1.1858835099281577 0.32608394866641965 1.1610633710707676
1.1854570172390417 0.3474432165518545 1.1649540478639329
1.1817483758382956 0.35462273543266265 1.1579900551459392
1.180762987379649 0.3285564903757323 1.1676015788090028
1.1865640238811088 0.3476574744228825 1.1577913164101856
1.157458595779835 0.350163914457745 1.1413715087664147
1.1751226089799136 0.3222038458575489 1.161119572307789
1.175973537613513 0.3577642001720632 1.165726906517467
1.155566931093733 0.37262361443402764 1.145295625227831
1.161780708617536 0.3641891042338531 1.1447116428682078
1.1714490604089847 0.3586861180493112 1.147112932936709
1.1381922071138564 0.36252659070429605 1.136772300615147
1.1896490231461385 0.33439920687862157 1.16485682596404
1.1639734487644424 0.36013807339500126 1.1444985094493572
1.1712291601629443 0.3572398326014264 1.1674876556835405
1.189069916182483 0.34066189144638703 1.1570746864689956
1.1790820313211057 0.35567908437096557 1.1611265106742266
1.149659907043954 0.3497594548503469 1.1406235790025194
1.1764755557767637 0.3242835972369085 1.1591646500114228
1.1807838396207424 0.3287111927604535 1.1671847344994006
1.1843480395086665 0.33580174322012474 1.1531288139696323
1.1686293395807443 0.3412050091596543 1.1460649320412775
1.1810590114125743 0.33078542171307845 1.167381460695995
1.1748889608104842 0.3321249413621112 1.1686036060278915
1.1861880425178941 0.330335106379693 1.1592910741288438
1.188378963826514 0.33593955453704566 1.160591438518674
1.1884775061515431 0.3389945935797462 1.162862831740211
1.145850162846855 0.3412316762947434 1.1443722514432944
1.1620503633212638 0.3708713541133622 1.1508927016955852
1.170054737611171 0.36380257350853246 1.1613710093474137
1.1769648431028985 0.34957224520012237 1.1490720169217281
1.1721145357752314 0.3518981661570539 1.147566357061211
1.1524151874033903 0.3388022100975145 1.1457594807937146
1.1784679876418136 0.3463686991145914 1.149916701781496
1.1774359302539197 0.35470138430132553 1.164072545839925
1.1782913579027559 0.3551953789347793 1.1569166507849462
1.1686193875554485 0.3501259363054162 1.1464762313361783
1.1850298085139965 0.33606675133318786 1.1610741378259462
1.1732230858034842 0.3586681535777136 1.1636414310554004
1.1682259644318196 0.34989700763242315 1.1463829601964095
1.1714606350262777 0.33368317244635687 1.1516812647301515
1.1705398553607425 0.35318097656977193 1.1481964071336164
1.1703013620624168 0.34340572644121853 1.1480937537225155
1.1590527728510502 0.3374189689261241 1.1478639856984816
1.1415097109905958 0.3576975279859638 1.1398847952628162
1.1776671896973925 0.3419991149912201 1.1518900952442093
1.184481870864086 0.3361202232836146 1.1627548797394431
1.1577576265701515 0.3744453348463159 1.1550422287899995
1.1836023202059693 0.3397695046578163 1.1607996984874795
1.1819694268857464 0.3372684797531441 1.1565109833419052
1.1641711969470312 0.3632951909892457 1.149284462933248
1.1443377154590182 0.3724327080603225 1.1437817319381665
1.1773188938885855 0.34991578761512016 1.1651479167716774
1.1760173428256873 0.3524964517034109 1.1615540335918444
1.149758336428601 0.3456034349331847 1.1448877669630062
1.170117911830957 0.32450823065025247 1.1659190237355066
1.180481415075679 0.3324500240551724 1.1598230297506575
1.1723213043941119 0.358382486232006 1.1558956871023072
1.1617891826891393 0.36946953121670195 1.15505134899623
1.1664405543554108 0.36479299993723496 1.154767726004735
1.1662535110122614 0.35549793845666855 1.148509754618171
1.1777889992061374 0.3314483044156659 1.1597629596586878
1.1606843284064017 0.36358869379893805 1.1484453792082532
1.1778540782909181 0.34207128643037465 1.1542475450265877
1.1631991759973357 0.33966165704867685 1.1491124296460684
1.1612325271762804 0.36750083150649554 1.153052226906679
1.1768786727275324 0.34900179443574 1.1605414842406672
1.1775351937504974 0.3483730493132972 1.1631034689547324
1.1767305039648277 0.34860565400349786 1.1553196627394375
1.177463664274053 0.3373603498892187 1.156047013419006
1.1702562553597613 0.35703199367325783 1.1641871869866818
1.1617126793870058 0.3623547096565871 1.1495671690314404
1.1770335457496524 0.34185857361446126 1.1546332943836644
1.1453631351498328 0.36967403342412974 1.1448635587072378
1.1701496890602212 0.35171659347405504 1.1515522089988794
1.169650597163692 0.35402570227313906 1.1522508230389956
1.1691216746224733 0.3465213888444875 1.1676086786138558
1.1533080081528377 0.34028873062510434 1.148249104519545
1.156453471182843 0.3686490405321582 1.1508159365662307
1.1723957115019035 0.3335585022959208 1.156936448407849
1.1504194661105525 0.345101022896055 1.1462384935178003
1.1721871241147548 0.3522449983841013 1.1642409645024836
1.1687253265117625 0.3562010102723392 1.1652978066786277
1.173680394142913 0.3352187179958943 1.156771601182521
1.1758435506723348 0.33909640337856994 1.156698236002677
1.1721584163750005 0.35239751440082406 1.15785067736258
1.1621163227123954 0.33027165156326865 1.1575890908562165
1.148049517418543 0.36956748641382625 1.1468598546058104
1.1525119389264145 0.3631138140584783 1.1464281364329203
1.1663399687006373 0.35890460221168424 1.1559392165333409
1.161991965161139 0.36072269152887204 1.1521268026787446
1.1556238386315236 0.36474942429138413 1.149540777739611
1.1604567324538606 0.331487168941962 1.1567411481330747
1.167447472642153 0.3532625800246267 1.1529689814764017
1.1522362543096618 0.3605134997547768 1.146586786554698
1.168988774160336 0.33631295927314975 1.155699915559311
1.171778962217505 0.33570780971678105 1.1616597702403382
1.1644749290295182 0.35670834009847924 1.1530766131931256
1.1725379534698863 0.34710737847649936 1.1623265506559053
1.1673451537939004 0.3549331001735595 1.157221217089248
1.166733498015502 0.35431092776338236 1.1545416776437303
1.1705500741095085 0.34410230456724084 1.1567275143630673
1.1671469381877746 0.3356601053315748 1.166527921198638
1.1525193555656494 0.34832267972179587 1.148283791112503
1.1502177662637236 0.36784071180371225 1.1497444962828016
1.1602864974777596 0.36041292985185247 1.1532464433638443
1.1584613111249888 0.34241726204170525 1.1515301652012355
1.167764138522142 0.3377636256133191 1.1590072204768038
1.1666912730354873 0.3411550992232381 1.1569339691881755
1.1668873844379528 0.35212035777789286 1.1600129284297376
1.156712363350831 0.36052444833905944 1.1521535946190062
1.164312055581517 0.33309584173124324 1.1623004558726073
1.1670248471205076 0.343282222014396 1.1586513950318422
1.1505708688240177 0.36498583558665487 1.1502996856209708
1.154601219830727 0.35820857384931293 1.1506129671536085
1.1573207334191082 0.35436359511666493 1.1518180301534686
1.155925236774143 0.3627113496278561 1.155134820985592
1.1628623428376694 0.3430090814492121 1.156896842013135
1.1571766289946526 0.35151787964537096 1.152406287135837
1.1583632306128815 0.34050569271954856 1.1548432414010672
1.1650931778293931 0.344279167615462 1.159874723422557
1.1603645981731066 0.34466072660844194 1.1556597856855708
1.1580365780945898 0.3570299790711387 1.1561060489464399
1.1535081569038597 0.35538696295583116 1.1522232776640988
1.1590546353703999 0.3479299160073781 1.1578678987632511
1.159525570411353 0.3513810318588215 1.1594764714901022
1.158398934378746 0.3472508564679811 1.1582328089764988
1.1552100402160603 0.34669932960620053 1.154482681020609
