mu sigma
1.1452440066627942 0.453320883063515
1.2823186202299341 0.26708771040460466
1.1905602475370953 0.41714117680233187
1.4914407014216868 0.3897008658662041
1.2291405042077517 0.41056204580726113
1.3273497872742932 0.4253266563078362
1.2753723380149204 0.41318545655047967
1.2830268638157065 0.4136072172728172
1.4273229775600154 0.18153485298774416
1.4026309795858847 0.1862840601461628
1.4731585454764344 0.37148725013664263
1.3122164865847186 0.41086458167450035
1.4574921079608378 0.18656449173799888
1.5176967570625672 0.32326552765744426
1.4973202771322596 0.34507599443612597
1.3846943386399149 0.3969099043904901
1.343842510562426 0.40025020238175046
1.3804803172573674 0.39628676381478656
1.3553017741404334 0.3987009142135735
1.4484460759625866 0.37169886388702195
1.3712769349186398 0.3954483421360394
1.4242124575038817 0.3778520815409154
1.5079595498546507 0.3218753034295802
1.455210510553166 0.3630058812704794
1.3569709329322945 0.3885394673857362
1.3143956497150326 0.37774764423878987
1.3107302413882795 0.3735972236633445
1.3135657574209678 0.3724132778472678
1.330909412829587 0.2630806700564361
1.316644921687831 0.29180584620002953
1.5131416634173225 0.3011334949940488
1.3189956210108946 0.2886013890111067
1.4504868375430076 0.3560257157967538
1.4443353240294912 0.3579563476457666
1.3132233819170644 0.3077228142599732
1.5199313731622386 0.2643194191560487
1.4916330819452743 0.3244132308534319
1.5112951100662877 0.2350302050544379
1.4857574147612267 0.3284718161847215
1.3195380900286395 0.2987191975543463
1.4433784676346364 0.3538372810317355
1.4330840587852258 0.357810690539988
1.3207845584888687 0.3473426051326775
1.50634765222143 0.2305471819978286
1.4216138102620948 0.36120177468162995
1.5136719893932578 0.2480211340466453
1.3336129087385546 0.35612491601759905
1.4854232911734395 0.3240483521784017
1.5149468343603916 0.2754138219783488
1.3706558015811003 0.3666755195939073
1.508066497805946 0.29447973988518833
1.3419143733931043 0.25910502816516967
1.3796754709530952 0.21552036070817115
1.3224943763672343 0.3064563828742874
1.368385553638722 0.3652280474783756
1.3719367068815083 0.36518893121802637
1.356305742812146 0.23915476587324994
1.5043635655215413 0.2992955626287637
1.48528154029154 0.32121983984523855
1.5033608134655005 0.23064803493640035
1.3324800591949013 0.34694619057796006
1.33718708036678 0.35029673030770425
1.4052724852190766 0.20252481811764178
1.4788793034602516 0.20917489461708366
1.3606083612373403 0.3581641080519588
1.3686476330444646 0.35903462051720186
1.329541072432592 0.2983537967339673
1.5094587819126417 0.24909855499498343
1.4975747352684476 0.22689189074897614
1.3545832407283975 0.24683196291547355
1.3873406108102204 0.35763296136836076
1.510509462287129 0.26138169434159375
1.4483301657077827 0.34076633981411913
1.4512487871284554 0.3390393248977877
1.3676260369342668 0.3556550932289131
1.362633872678019 0.3539237757771073
1.3359430442960134 0.28495002750334697
1.3760792296493176 0.22358923496963293
1.332491046542912 0.2993979632315331
1.4900264139713837 0.3072526176600613
1.5020599567151853 0.2890850732609966
1.332636328842027 0.3158318281836903
1.4551959035137125 0.3339562624997354
1.4500067487578945 0.3363465749431012
1.4724935076767234 0.20925478575903447
1.3531473185905167 0.3448773128145493
1.4838916826625614 0.311724805152756
1.335660906223085 0.32036388198969806
1.3432903794419884 0.27407065075999565
1.3816250984905165 0.3514214704200039
1.456217969239145 0.3317563822076408
1.3498125099978404 0.2610032664934028
1.3421279385788352 0.2789163679721314
1.3393574348245645 0.28798074167748233
1.4762104328209769 0.316933106086135
1.4759199572540562 0.21245063553880736
1.4023239844382587 0.348673640100152
1.4732445001429508 0.3188265644402659
1.4423217674388695 0.33659648328168146
1.367103678125288 0.23755402327917277
1.3406502755765577 0.3233603269842222
1.395976649275534 0.3479406419486355
1.5041206901568112 0.26894396867263554
1.5029376302422528 0.248838401226677
1.3392113293682049 0.3098527233697876
1.3900852719295644 0.21686792340022784
1.3712434218188367 0.3449272502247603
1.4246049577644824 0.20284268300915367
1.3469854356146582 0.27360073054948386
1.5012667797397299 0.27732051386636536
1.3486418511811906 0.33121175439535055
1.3951156600132943 0.3462092926962451
1.3942962805124481 0.2145880431148104
1.3408022171067056 0.3101466064998206
1.4337339629349795 0.3376089014779127
1.3573617885707017 0.3374771080187091
1.3412991325697154 0.30107194446772395
1.4994993404185721 0.24423725931171922
1.4947698624816186 0.2885065091202677
1.400498470548201 0.212070397051896
1.4981519250739694 0.28007998143060525
1.3536809218511903 0.2651938907711265
1.4793251805533565 0.3065934441985717
1.3513955500001371 0.2705424781490639
1.459682030868706 0.20821098874291977
1.4544395567582646 0.324557936976629
1.3510347651833188 0.2730515238197334
1.4830111814656384 0.3016903877517015
1.357669302850092 0.2587248355448569
1.43418596274315 0.33325010996872456
1.3729655511882557 0.33783009153914006
1.3462768477078892 0.29449196087300605
1.4446053662623326 0.32851762720510186
1.4373509166551037 0.20463398642230685
1.346290244630897 0.2966214981151816
1.3597387984693046 0.33083068943006927
1.3914946246620572 0.3402149800556274
1.4803278728118516 0.3032617640590524
1.3935114536896203 0.3398661394068483
1.4985137890194646 0.25130843032570815
1.3471557936741831 0.293982317144595
1.3471003102511467 0.2984638080778938
1.4571255191620107 0.20842970146940193
1.3534338574187998 0.3220515135963991
1.3674921446765882 0.33369016988908523
1.4662530046957953 0.31467490340908083
1.411807711378239 0.3373974126591368
1.3526510254742998 0.27402351070417763
1.4124996491222903 0.33702052858112735
1.365601427017591 0.2482916577771461
1.4020520109219539 0.3380426292416237
1.4069517945002543 0.3375088640401211
1.4175836801957824 0.3356039619085977
1.4689192151941461 0.31174519104493875
1.4950308275778894 0.24292958678184848
1.3633040705282267 0.3296173808659856
1.4134311972972968 0.20922051892509344
1.3520815420483865 0.3141076929477104
1.350001723788368 0.2886738087406076
1.361593191022872 0.25746156527574504
1.35320765928098 0.31362950816282603
1.4026999285408994 0.3358621467716039
1.3507626105314081 0.2915486106748558
1.3533939765549259 0.2783489833721358
1.3509759778180863 0.29113829421154935
1.487571038059642 0.2320697663133069
1.427093306126902 0.20715663367021597
1.4315362244159822 0.20678427463307103
1.3541709551146472 0.3129164904750362
1.3520434089726057 0.2873008048657527
1.3708476976267991 0.32981885683268775
1.3805160548612652 0.3331422037548649
1.4599401303428126 0.3152539148666896
1.3538927996639958 0.3099020145796767
1.4401125895790834 0.32540393926528705
1.4130165153945953 0.3332363664876995
1.4932798772912261 0.24445925155945705
1.4889138532030857 0.2356146631353083
1.4266062357578324 0.32959175961004916
1.412186981574903 0.33263097398629726
1.3623374103347823 0.3211415349436781
1.4896494853797904 0.28212157505567703
1.3553489998351078 0.2789504322295071
1.4379432114885464 0.20764638317898523
1.4883425220624678 0.23568463652922525
1.494803546427832 0.26454251487321073
1.487828652097952 0.23497494107829223
1.447339667211652 0.3208468303449914
1.489592560839881 0.23812404676394697
1.3592751562701422 0.2678456429892065
1.3561053131125949 0.27757082083663437
1.3659233817155192 0.32285506889357646
1.3767756605939887 0.3290254670842387
1.4128509062631593 0.21192382981480443
1.3957871273363331 0.22084884725269766
1.465504226440768 0.21542036208735849
1.4789244960618615 0.2963828382043184
1.3878008132638073 0.22747637808485566
1.49203120841392 0.24607263014967018
1.4911507826974915 0.24356895705035062
1.379436955361546 0.32876978654392414
1.4298426878859338 0.3265994407671719
1.4924280821839575 0.2711393530292244
1.4207382563561646 0.32902491435354764
1.396459742000334 0.3314715385584535
1.3556479407636886 0.30201679383305047
1.401731372101005 0.2176983621184052
1.3918389243897213 0.3308996028203024
1.3639823520215153 0.31834506810964946
1.4299608673191266 0.2088093695697045
1.474550405510691 0.29978178491163543
1.4681990199433859 0.30552575000108767
1.408875167300983 0.3303058461963852
1.3602873040034666 0.3124657166962766
1.478542117814614 0.22573726809750905
1.3825574543224246 0.2337015110631583
1.3563112084857867 0.2889171560689601
1.3681635656923952 0.2534185383646383
1.4919640117077906 0.24980484209462114
1.3570751799956071 0.3010604400956463
1.3742817831953933 0.24415838733044626
1.360673620822715 0.3104148021131309
1.4797128143467204 0.29230220774985327
1.4100906335781065 0.3287658104582537
1.4130174278587835 0.328385175298177
1.4326284765348727 0.20944722187836382
1.3609652464727864 0.30950383311149915
1.3713664878606813 0.3211990471162005
1.4920654008147243 0.26026113103718906
1.366989725637471 0.3171353642845982
1.3944122514403083 0.32840275017298076
1.474194786126398 0.2977367308179476
1.3844976292376658 0.2329569151942405
1.4836986436501034 0.23345378012186002
1.361729973884935 0.30914934488953816
1.4686271380512619 0.3027928143560489
1.358237358636345 0.29641777961764
1.4774910819468206 0.22642482076944673
1.4572640315387404 0.21380040765345648
1.3625507682911184 0.30935690576832464
1.4592994416132319 0.30939587411776504
1.4548814779432053 0.31214977867173466
1.4855804216266124 0.23718967802434496
1.4888677108254122 0.2735059554534445
1.4817572759039865 0.2873912585259082
1.4806451534509357 0.28884926599421346
1.4900625011816457 0.2494965064915997
1.382122956388426 0.32415039170590837
1.3846165459530317 0.3246221274204308
1.4573258092074772 0.3097362494585746
1.487242857676453 0.2420736150557264
1.4343576557419082 0.21061247587754345
1.3601386534107078 0.2870754335372769
1.361610470459342 0.3011606262313722
1.3798960256614023 0.3217276064506236
1.4742617756519514 0.2948108031606956
1.4227506563110701 0.32347949854235475
1.4679472607892774 0.3008171710063655
1.3607804949342464 0.2872247512187891
1.4088818753507037 0.21709005406873003
1.379097865644207 0.24186495155891882
1.4342271573600331 0.21126383893379438
1.4004587871315146 0.3245124956635697
1.3922770940925164 0.3236073282171252
1.375161604476662 0.31687834953738747
1.3787090921232539 0.3190663655905857
1.3696942289340268 0.31189585723898705
1.3800983762093793 0.31969394391159134
1.393499191504827 0.32372635168470754
1.4488457263486438 0.31246649830689965
1.3623056596275345 0.29088899455976697
1.454326420564781 0.30894750902856344
1.3792291397923502 0.24340423098671551
1.4177569417990987 0.32215314225858316
1.3910620449567026 0.23041872581315856
1.4118656113107653 0.2169654388883206
1.3643987337708563 0.275695666772145
1.461745866430772 0.21836973006597082
1.40924311650046 0.2182996134029632
1.4814787292406817 0.23612321248820742
1.4084749569025536 0.3227652545198014
1.371416679308663 0.31073168077409374
1.4549607332463301 0.3072636208629825
1.4687459209970894 0.2965286194347679
1.4108220145016306 0.3221079750050413
1.483192719631623 0.23995025685118476
1.3662418949365756 0.2714781969431078
1.48503447555319 0.24446083702065918
1.4554936979653692 0.21624912078353747
1.3679436253083552 0.2665940990136374
1.3752543674097604 0.3130093990955236
1.3644333705473546 0.2845283595473604
1.3723399069734386 0.25709286167129797
1.4213043482637622 0.3197605817565952
1.3975554390650702 0.2265237438775359
1.365588770726649 0.2911195113773269
1.3827540689318836 0.2413605164713624
1.3654096777222309 0.28436687473233074
1.4399033273129014 0.21353475344062925
1.3912711676656222 0.318781310230935
1.4218579107203198 0.2151704330235143
1.3985375612935322 0.22629461429499945
1.3659657742448792 0.2834014992579501
1.4267660489657636 0.31729657828210256
1.3666618805114925 0.29264510621008616
1.3663029142137648 0.2895969179614025
1.4789699030254733 0.2809252367272307
1.3787922411256788 0.24797541024281117
1.3883223680294274 0.31685849616144945
1.47641195439617 0.28453584445587415
1.4499664981520053 0.21589103109125107
1.4185180139905795 0.21662694454474268
1.3713022218040194 0.3022392416971505
1.4183609066593275 0.21690200917747882
1.3826084898309905 0.3131694472912812
1.483429172531266 0.24694921319286176
1.4836750834519354 0.26713534534197464
1.3757253531852596 0.3072029193633779
1.397224456799182 0.3176867832028301
1.3728267072093745 0.26133430355032256
1.3915876100438371 0.3163391504950076
1.3751398629260805 0.25636298876443575
1.4052791483759117 0.22308805651951624
1.4733564339369751 0.28695694705453767
1.466325212898989 0.2944922319458888
1.3873882417050802 0.23818683011281788
1.3865904299667133 0.3140265357970116
1.4658627487013196 0.2944908123470659
1.386574143766791 0.31372057714938273
1.4788488200619072 0.277540236817057
1.4811079818789512 0.2725489828159913
1.372798955673745 0.30097476875942814
1.373476928694621 0.3019346085263793
1.3699301657282035 0.2928050941068217
1.4423911077137428 0.21560203253894072
1.4781594331765135 0.27809625819383055
1.4073127554034979 0.31699567814595564
1.4015014021325247 0.3166301016393106
1.3737485158047023 0.2619862211108244
1.4821226429940526 0.26777502268914405
1.3717565210916778 0.29687284713737067
1.4821922010979849 0.267271295403007
1.4403377642998716 0.2156317807293313
1.3745029220724796 0.2605657689942726
1.480649402718305 0.27162992569698746
1.3979307265588918 0.2293559864881899
1.473713217703025 0.23229059487274617
1.4614400315346243 0.29684892468076357
1.4787000458356356 0.23974069733501505
1.481761537200445 0.2674302193192557
1.4680391110579278 0.2906325089625649
1.375359968009422 0.25937590364445967
1.3736855696971926 0.2635520076383
1.3860668636110112 0.24181547551290963
1.386095664994594 0.3111104262600776
1.3723305947781461 0.268587910353439
1.404252237501514 0.31565449167105963
1.376959582881265 0.2565969706536339
1.4523992516363262 0.3024797407530584
1.4788521093322662 0.2413656450153763
1.4719549105291663 0.28504485880919095
1.4255002279647542 0.2170308012164703
1.4071412919307202 0.31523418797904634
1.406542284009723 0.31514631492610085
1.4600531089813562 0.22232018882631266
1.4817915315373726 0.2611601428324943
1.3969228556000095 0.23143953677364176
1.460719909836584 0.22297801513776008
1.472666352095739 0.2832720730628172
1.462812047419352 0.2938542584396064
1.374146110031779 0.2958024919030554
1.4269503146484137 0.3120219023922545
1.4112534757646964 0.2222782378663246
1.3842728642148732 0.2460054339680808
1.3854032263923302 0.30829365463996716
1.446827264053966 0.21797645344561456
1.454922814437834 0.2993656528041063
1.4597827123038898 0.2957216182233984
1.3888459045459463 0.30979559304642745
1.4717716227534723 0.28344621955119714
1.3724567149290152 0.28455845929734896
1.4741642951832103 0.27967589511560925
1.3888557114880549 0.2407202240972212
1.4760230705682864 0.2761729260935854
1.3775948081975107 0.2993717222355225
1.3750225157958216 0.29387790923533036
1.434540923908001 0.3087572738074325
1.3736481318294658 0.2891811893032985
1.3730141797659459 0.2838099201959943
1.45160578093803 0.3005871248280226
1.4558511445155022 0.29775573008315387
1.37389192689034 0.2725644839136073
1.3756029022048442 0.29392804096578806
1.4097421858963153 0.22394121866158434
1.3783463127077615 0.29886130828722585
1.4323801130442693 0.30899129478553
1.406128293570469 0.31248248519991373
1.4190450119976208 0.2202344195151586
1.3872886059656526 0.30677707607083843
1.3737819096085884 0.2832328580985669
1.391878817401384 0.23838221306056873
1.3766931954978607 0.29445552409882675
1.3933689138598457 0.30929517439953685
1.374067230479896 0.28313349709043595
1.43719733981983 0.3066659550619948
1.3797409926709854 0.2572462499652373
1.3924800168626623 0.30852297900191683
1.3744809202911745 0.2841245781238413
1.3845133939046483 0.30378738591740895
1.430731784735125 0.21820512324120186
1.3901010536204317 0.30735196776901985
1.4044369464982083 0.3112201825192406
1.431238882584559 0.3082901035912466
1.4514997881376013 0.2990944991650203
1.4694155385391787 0.23219456949898942
1.3753666246608676 0.28689359942064036
1.4386834476879153 0.3054176085315454
1.3988238726243392 0.30985021728419826
1.46169666108021 0.2260629785016221
1.3853179949362608 0.2482189322838192
1.4728335225891727 0.27775043327362475
1.3944771741534128 0.3082734558610245
1.4777985146760204 0.24761017178806363
1.4732361708028558 0.23775139714325919
1.4222096748025566 0.2202724002067824
1.3755589271541098 0.276841691261452
1.3801677994361845 0.2967354333735059
1.418326934484507 0.3100277719384197
1.4782181375427643 0.25207417757873174
1.4380721805226486 0.3046252239597105
1.4678346481686244 0.2835941873779203
1.4723114135445468 0.23754361025049428
1.4222283850402149 0.2207977737283158
1.3842251611593712 0.2516912787496508
1.4350617518000823 0.3052433266416232
1.3804143698715092 0.25997238909152526
1.4778842956979112 0.25747166103074115
1.4769573338026771 0.2641368951679833
1.3819273471690057 0.2962435844379416
1.418802632850312 0.22218343750580852
1.3809302223660582 0.29450031925880044
1.4667650878084575 0.23171537294593486
1.3906208462660494 0.24294215987064036
1.4176140047193853 0.22270118931344113
1.4506388061486388 0.29711730160298194
1.4073866589476638 0.22789590047084327
1.431213868904639 0.3057334997246042
1.3901934104712839 0.3032834054480097
1.4574648387923526 0.22514478727193524
1.4175006642973798 0.3083349194615612
1.3991111105818774 0.3069356696707317
1.457558932653566 0.29200252388840614
1.4185543410670733 0.3081418295249608
1.3775397649796761 0.278937276133187
1.3794070964656693 0.2894196786688439
1.3882543008861101 0.24708370089496737
1.3939710064983328 0.304538954341902
1.4551880230186107 0.2933402520313762
1.3792550140152475 0.2872681022630299
1.3883153562384662 0.24730261922566749
1.4596985575266306 0.28950300514829674
1.4597912752871023 0.28936731925888015
1.4482615303934199 0.29758228604396436
1.439762463057483 0.22037509256014814
1.3899390228338138 0.30151940806822725
1.381897652551498 0.2924749953878128
1.393711702555347 0.24077942358031645
1.3873094967299164 0.29902905139427405
1.3966563401935965 0.30450940928657333
1.4223181562368705 0.30586037428862123
1.4393607346068245 0.3008812848395612
1.4609807764988756 0.28687468481596207
1.3820006520682369 0.2897999531306772
1.381211834141778 0.2876232021440232
1.3965547318094298 0.23853969445028603
1.4749300671313743 0.26183610265623997
1.404696365837074 0.3052002371309323
1.3912303321850068 0.29985281852599793
1.3802013822869204 0.2801831573597661
1.382482258427931 0.28919193313106095
1.3801591052260522 0.27667722641203113
1.4393484439351911 0.2214513045275609
1.41778755932824 0.22456153109364704
1.380474807432436 0.2807094073365035
1.469024135104315 0.23784264099051342
1.4610736056495592 0.22972329455418827
1.4571972437546488 0.28914643096667875
1.4009484922538058 0.23514858953073664
1.4528997536123671 0.22511156648669833
1.3959901243690593 0.24012725174032
1.451234786037978 0.22452016145920717
1.4741070227960136 0.2504894695212211
1.3807581777067142 0.2743606170003246
1.3819886976115128 0.26648967946625035
1.4298463024448702 0.3027632453606742
1.4712079700014895 0.27079694334391496
1.4680789264019012 0.276468532329224
1.382988581343881 0.2876667585713839
1.4653019792849018 0.23404196336878105
1.4094314912744783 0.30465432115261637
1.4427759897474486 0.29772398774973247
1.4285054890174402 0.30281925905391743
1.3933649644673767 0.2995188779135292
1.3877588031194679 0.2947681044644078
1.3886253809766111 0.2956340843457038
1.3973155256407706 0.2393708718675635
1.3962505789970296 0.3009138395732878
1.472307588249976 0.2669020027894635
1.3858263837458344 0.2568171908533318
1.4336450412288901 0.3010649606122355
1.3999790235103176 0.2368259749239346
1.3952595870862856 0.2997658796399571
1.398945437190093 0.301451257188996
1.4732483143211543 0.25133635305188545
1.4089762850715495 0.23026896872195585
1.3981528003680608 0.3007035849419002
1.391887403297908 0.2968974738178443
1.4230612975016936 0.22422125128688222
1.3949310195181408 0.29862600057152144
1.3826514353625405 0.27853872911391664
1.3885482659570865 0.2932524833034878
1.390530845758367 0.2952960465744326
1.4148037179596387 0.2273348889492477
1.3826255797028462 0.27490845973833344
1.384444318934919 0.2633177107231661
1.4351880171638483 0.22272472468412513
1.3857134764928203 0.2885396195401739
1.4727215597210195 0.2593522677688677
1.4048600429196738 0.30202468886095873
1.4436191855165914 0.2955705700734854
1.427292603866559 0.2235793545085043
1.384738410684415 0.2634778836592396
1.3840323487818138 0.2830953624777448
1.469993561092271 0.2438159529707092
1.435368688821521 0.298794190192873
1.4233009490924076 0.224682281795323
1.4005601228881017 0.237902498261589
1.3929381890353536 0.29580878106814484
1.4136570818457648 0.3022132263165479
1.4627947674929107 0.23410048764008753
1.4190318051600133 0.3019911134087494
1.4346990092364507 0.22352432376502931
1.4178446628745687 0.2270383189894239
1.388544978182388 0.2558523505253663
1.4454863565699587 0.22500644902604305
1.437707644398315 0.2969228323790398
1.4204824229161368 0.30121214242841027
1.4291895807067359 0.29960318639394784
1.470870350615808 0.26189730853341037
1.4112788548819348 0.30089120240123607
1.4360013898034607 0.29702960347138574
1.3853066402610115 0.2786438824864384
1.461763858049686 0.23440963648937402
1.449178207291972 0.22665029986035495
1.468781243690516 0.24461991159210236
1.4542504687374354 0.2290011562796474
1.3951709025487706 0.24597357214172594
1.424258577693938 0.29973260625558296
1.3877515049743914 0.28543125145130493
1.4117912236905084 0.30018114804783946
1.4412368112816238 0.22488889366351603
1.4049768154958315 0.23581461427191874
1.424247445417942 0.2259194026942947
1.4591345059850818 0.2813330507733176
1.4252750573320196 0.225796618783319
1.3908429474455342 0.28932920752409325
1.4579566116684455 0.23207778845753088
1.4073090670990318 0.2988598629630034
1.4464769893697325 0.2909350495007259
1.4288749735754953 0.29801961793192455
1.436506713525647 0.2249109577890119
1.4325134568563216 0.2966631478594396
1.4488145832414046 0.2275591601046708
1.415618747849916 0.22968169406424807
1.4095587179239235 0.29855445675330733
1.453591395063571 0.22991694929614948
1.4181039670430895 0.29894884979780045
1.3945659255840988 0.2916640236539955
1.4536572142714137 0.23012282771669024
1.4692688022428637 0.2576876887613732
1.4388323396788811 0.293776847726867
1.468254138414395 0.24813557997923372
1.4475774982422143 0.22754752033439832
1.4625611210572003 0.27516207004566373
1.4487530831163968 0.22807934901617205
1.4219481809087153 0.22772728676698806
1.4336449060842025 0.2953708001112204
1.4079617389130084 0.23509416768658437
1.4079617389130084 0.23509416768658437
1.4666779545950541 0.2670636990240748
1.4297144203248646 0.2963795760971729
1.4686857619259754 0.2589236146423463
1.4184134707774634 0.22920844529198184
1.4680443816740034 0.2620438697589352
1.4595835516094668 0.23520230321161495
1.4386326312320667 0.2930236573247851
1.3887942036004188 0.265597849742088
1.3886397396393 0.26737237158517096
1.4606462162225071 0.2764072469972128
1.4045158484294769 0.23859027267804472
1.467078377958884 0.247571204734533
1.4148550814192178 0.2972108952666638
1.4183997558332113 0.22972100521008335
1.4232096323243497 0.29678633148596817
1.394219440166589 0.2880370210478419
1.4144332467440761 0.29697723992981234
1.3906311272103347 0.2810265622718208
1.4025977737350903 0.24122425679428608
1.4032320015875406 0.29385652068660256
1.4026434286467102 0.2413180188384936
1.4232244173448412 0.29612823224401374
1.4675076126157638 0.25411269565276634
1.449807282080462 0.2854286841518051
1.3976216170132059 0.2900667680997895
1.4395327359344574 0.2912747686920088
1.4636797841695013 0.2697870740162491
1.428329457689932 0.2949530215412225
1.4534942104921202 0.2823235839520287
1.4378985609946304 0.2918598349644769
1.4375993499599127 0.2919586426327906
1.3926026596547683 0.2573661655436931
1.462606072536735 0.271124228756834
1.3957799783419957 0.2875621572716689
1.4651606743924668 0.24593411691143965
1.4196183999159682 0.2956281575484024
1.406350063477022 0.2939135220450649
1.460953994975581 0.23909345635097887
1.408169118588709 0.2943720214638437
1.427923203951723 0.29441477633662344
1.4542042734093 0.2808993722357019
1.4188207335716485 0.23075197910730366
1.3995931746109866 0.2902928689235886
1.391778670115045 0.27980856084779115
1.4059761162511466 0.2391518592974596
1.3906362147939786 0.2742081571375354
1.4627868034785356 0.26983350622694197
1.449335421342938 0.23057987535354513
1.4106083255420068 0.29452185968869365
1.401846973783722 0.2913424916390346
1.4183117343691518 0.2949570447367803
1.3910187536925651 0.2735288282860831
1.4656567211723748 0.25048942622648424
1.3937270391265537 0.257425262504976
1.3918758960328437 0.26363194903526005
1.4607334636394063 0.23988255623571592
1.4216069144195647 0.29456469656316303
1.4147020729068696 0.29455881537691636
1.4518354559298197 0.2820775709053793
1.3924064837458543 0.26191567495130635
1.3941826948531468 0.2566994821560548
1.420224374615806 0.29443241876531506
1.4123590366407783 0.29386501049008334
1.4477331568998375 0.2847838295494854
1.463438267770959 0.2663329968409047
1.4452177064360936 0.2862556093791651
1.454361617948893 0.2791714478661375
1.3958484427262834 0.25403541555971954
1.4573702363852061 0.27578306432020694
1.4210787689576256 0.23091523534517885
1.4631826015182603 0.2659996985119909
1.4538029807624093 0.2793514852778272
1.4479807301605059 0.23114682204185322
1.4610791281103497 0.2699405767617356
1.4177239591249777 0.23263241485454694
1.3927611547748346 0.2651009550338778
1.4536217150302577 0.2789860273143127
1.4645602592652 0.25160345173142395
1.441501286138305 0.2874264640858826
1.4536306499599132 0.23466409140297598
1.4234744536576 0.23062786282239534
1.4634495030828276 0.2476946395734123
1.4244487270965782 0.23034591509010685
1.404819269182273 0.29015561032591586
1.4132975969365846 0.23539314958299942
1.4216233862443755 0.2929734277224674
1.4621774475749862 0.2666946991501136
1.4421062539261404 0.22982922422741486
1.4381858942292234 0.22923467538813266
1.413056055049809 0.23570375385060963
1.420203654227635 0.2928199218078028
1.4611981470910114 0.24330467650179521
1.4453779638425277 0.28476987732775455
1.3966521674893806 0.2825291801243916
1.4005237453320047 0.24810853605073274
1.456837932377423 0.23804630016268966
1.457689601611807 0.27328002014678787
1.4097056475545098 0.29105596640967857
1.3964055882517379 0.28115762212981554
1.4638603487124229 0.2573292577568595
1.4608656925555734 0.2439563454477312
1.4619780233040345 0.24641095570973645
1.3938885870771305 0.27034093051304897
1.4543402132247794 0.2765494843084355
1.4005330081169913 0.28530428873389
1.401769420664368 0.2863402220937556
1.4247826337813674 0.2311989484326442
1.460731901716179 0.2445333938374839
1.4623446866800935 0.2485474299408267
1.3943205620768664 0.2703447341646942
1.406201624886608 0.24256088359436276
1.4505752162602816 0.27966369708420247
1.43999332566179 0.2864919042855568
1.4624904098397256 0.249388339347724
1.4075687468598488 0.28922314983792813
1.4102627274474457 0.29002568421357
1.4542649011220101 0.2370290858400362
1.4082246848471898 0.24100116255169748
1.4516202261253146 0.2782053740652091
1.4628659587788855 0.2547570249255012
1.4017827195606976 0.248577390211846
1.4379529392836026 0.23055233639348788
1.3951987206906946 0.2725452864471526
1.4620854021704508 0.2605086188826307
1.4003993004800623 0.2510873512999592
1.451102278927265 0.2782351236275567
1.462454909103211 0.25687550768907863
1.4462297568187459 0.28194313941209787
1.4230203751229626 0.23259308798009462
1.4517847881412784 0.23587628961396617
1.4370944728530821 0.2867728329350961
1.4274376262224742 0.23147622951579513
1.4170738232574682 0.23547484895075282
1.399251428248783 0.2806648439867261
1.4339869274812451 0.28756615201523866
1.403075380263643 0.24798877664390342
1.445130693077811 0.28209028011083476
1.3988348863701465 0.25553536505508406
1.4613615941467049 0.26030081906444935
1.45730225688129 0.2698903375383969
1.4107905466510844 0.2884147478625228
1.4289551551531456 0.2886862750663713
1.4607933854506308 0.2619755205069118
1.4306486318827796 0.23146280303824335
1.4314475824490875 0.23141342815706575
1.3993577630108158 0.27968460234269626
1.4141300714757357 0.28892364818419086
1.3969655204321656 0.27317751572652277
1.4223559271776223 0.28926986042579034
1.4332691006177785 0.28711491824924157
1.4596610662937417 0.2641183539767301
1.4118315080625987 0.23971625904746774
1.4031839874318979 0.24899074662582973
1.406253560880978 0.28522164522342575
1.4168768311217916 0.2885674865704528
1.4076758224547437 0.24380339071403792
1.4303139805726572 0.2874324961648836
1.4113663461004227 0.2873000045846232
1.4177358910481117 0.23623400142868364
1.4239408589768388 0.28842919356220814
1.4019246547793065 0.25179383395174937
1.3975287952540314 0.26559517264835864
1.415195214798759 0.28794280273281925
1.4014628772160918 0.2529135627278755
1.410665753006883 0.286669071909735
1.4378608358099418 0.23237280629634957
1.4413273719567665 0.282603183586115
1.4006694480334323 0.2551439668760885
1.4571068462373509 0.24409023342309408
1.398435704939389 0.2622664858471672
1.4185067655831234 0.2363464814007333
1.4462342528855663 0.2792103115765072
1.41661539391445 0.23747114030927194
1.4047711101277078 0.28271672235506623
1.4225812662203352 0.23461059636866988
1.4128403226725972 0.2867838571434901
1.399892913543038 0.2763257145424089
1.455228131659972 0.2696743424034027
1.4207782981836985 0.23552612930850983
1.4257307102723358 0.2872247128188176
1.3983216790780781 0.2664626217784377
1.403878889545103 0.2813943845039053
1.4397508401102148 0.23318342658274982
1.398838826170825 0.26306159779105126
1.4228945077163677 0.2872967785635449
1.4549884978791212 0.26954979573914234
1.4276323326643847 0.2866793870372938
1.4596030994363893 0.2554022772147659
1.41044571171666 0.2852849408696898
1.4071610056027821 0.2834752288707176
1.4577560675453403 0.24694180163313514
1.43203428172197 0.2330944710817098
1.3997910872622104 0.2604719528391715
1.3997360579127005 0.27293600332102974
1.4129228982230795 0.24082429361747548
1.449453343183134 0.2375361284453411
1.3990554372848014 0.26828337847348993
1.4565445867586957 0.24522009557479463
1.4581296276822049 0.26182221464536026
1.4084167462714605 0.28356132523804534
1.4477028281704614 0.2366815438093968
1.4276625873217212 0.2340221365591226
1.4566661966622199 0.2650419308578098
1.441448390286981 0.2808542653939853
1.453643183507947 0.24163619632742697
1.4353892223020162 0.23348001949922154
1.402082628361096 0.2555163303529884
1.4532549603002178 0.24157827173074473
1.4570545834711908 0.2477087482678097
1.4422876380918956 0.27994060056003073
1.4498504631133464 0.2385956256248702
1.400468045542232 0.26124295401580105
1.445573427740242 0.27770415246426516
1.4562749722913493 0.246088315119037
1.4025185116682648 0.2553405057103448
1.4346207807460267 0.2834548816485973
1.41218505690476 0.2842734056784578
1.436200004748474 0.2828199945936117
1.4321500672077006 0.28422531558638797
1.4005069139215442 0.27019754105916555
1.4006522364093297 0.27093992946964573
1.440183283136275 0.2346473466818086
1.4023350709283815 0.2753539276449348
1.4360614964244394 0.2825793533083159
1.4092642682829 0.2825067850526927
1.4003645227381103 0.26579652577697493
1.4013767483294033 0.2598481618566373
1.4255588834345754 0.2851467006511765
1.4102915366049873 0.24464844865417557
1.4126591690123966 0.2424695378867443
1.4571224491351034 0.24993239759921423
1.4048990342548802 0.2518867289835836
1.4398015242563413 0.28051103378044534
1.438562244722152 0.23465536254976826
1.4569655485217687 0.26084843285741105
1.456213047413239 0.26262218394092735
1.4573457711344648 0.25263409350264526
1.4508529559481091 0.24059186882181258
1.4023238276104155 0.2585900566621256
1.4560140637071934 0.2481470783969629
1.4225920148463786 0.23688189615400962
1.4144682413132603 0.28363278385360546
1.455544800159438 0.26354994944726406
1.4422334918275634 0.27854784672337335
1.4568977362340783 0.2587314086150323
1.4253125029669507 0.28434995995755613
1.423393445063302 0.2844747500274064
1.4425905590500534 0.2781488366389054
1.402489740081517 0.2723193361591025
1.403026033933544 0.273524530881236
1.4552139298422633 0.2634971149234296
1.451569606087964 0.24202419302267675
1.4423966724841615 0.23630671200099285
1.4330239820779962 0.2824307130171489
1.4459457109994251 0.2754458586179639
1.4064516072052795 0.2782215202854119
1.4123769843169989 0.24392582008458719
1.4067584262828645 0.2505831802562357
1.4239904608801521 0.2839432640849672
1.4565274589132764 0.2536272311149123
1.4257577680388664 0.23640340230595974
1.4020723898924796 0.2656733914877968
1.4486519694719813 0.2399704221821116
1.4563817714023455 0.2543748846942308
1.4079648281801147 0.24932935487956087
1.424815542536149 0.23687833507980696
1.4138783202597178 0.282056980259931
1.4027044356092664 0.264339428882529
1.4105366130039012 0.2801496115549286
1.4504707958261747 0.26966790412610897
1.4189925993222436 0.2829284012915947
1.405318029990457 0.2749221178472947
1.4110275218420703 0.24628793168178725
1.4118234641950036 0.2455120937324448
1.441766522860011 0.23705523303866666
1.4502093173236883 0.26972440434451517
1.4041748468134871 0.27208604625171817
1.4035524397349044 0.26999757375423233
1.4070132806236901 0.2520241758293659
1.4145768888401706 0.2815344757702618
1.446729905397719 0.2731908805366305
1.4204109243481173 0.28262573631429355
1.4520040588037455 0.2445471460035237
1.4411699983718012 0.2772194509660476
1.4135804883490737 0.2809176188964706
1.4539716569513481 0.24818268758976933
1.4173680318154673 0.2413737307987012
1.4100621148465629 0.2480524561034794
1.4330861618721609 0.23621920515830472
1.426139557993467 0.23734006717601522
1.4455267362660682 0.2738406675650509
1.410620581303201 0.2474931332060721
1.4044968224255905 0.2600622816557988
1.4287632508711035 0.28140844497584383
1.4048876983324758 0.270800093694057
1.406152732401794 0.2555592778482771
1.4327978063927191 0.23677616862868145
1.4341041081410015 0.2367722831713948
1.4044318369444184 0.26204415858616087
1.451491635540144 0.24551536200465054
1.4106655000026374 0.24848608390077226
1.4475476725888248 0.27073965895980534
1.4357188508651388 0.23721292410267694
1.4470708908790348 0.24134498413027652
1.4144486200153241 0.2795151867312766
1.4520707864995188 0.2636356527135305
1.4242264191601008 0.28107135579670683
1.4339372919086333 0.23726297401241178
1.453234811137293 0.25025203924417994
1.409408996385733 0.2509235887384523
1.42866444913981 0.237809923400637
1.4093560764949642 0.27588185502261797
1.4070912405435352 0.2553844207978344
1.449793069058263 0.2671879324715214
1.4082814815395999 0.27442549178211917
1.4528399975639257 0.261119998897146
1.405914925587183 0.2591300077481749
1.4350169791190015 0.23755558058044465
1.4312929333187374 0.23767598679407131
1.4075007814681288 0.2550516862649932
1.4463329843634516 0.2414609520847789
1.4145660688982864 0.27885287118222335
1.4513059468592966 0.24698512398488864
1.4457312336111163 0.271388360589862
1.4377793699887345 0.27685463014039857
1.4059653377985217 0.26050382486203344
1.4532417828489086 0.2571170956428104
1.451148454062758 0.2640265206226958
1.4467552448233842 0.24205721647471404
1.4344698475597077 0.27823910601102675
1.4237424368523433 0.28031757698326426
1.4106489379956466 0.2759624563054872
1.408981198127754 0.25279172289282753
1.412293944429413 0.24825862920548375
1.411542040663887 0.27631049931168783
1.4126448575981363 0.2770599038136324
1.4283785267719153 0.23866312296294515
1.4091017757495106 0.27362047449827526
1.419971007308587 0.2795405713943639
1.4527829779839811 0.25600250479939074
1.4429629556959291 0.2729291566958387
1.4526628856631187 0.25604667503314543
1.4064729587506046 0.2627772035180848
1.422238910261682 0.2793623801887917
1.445780048943353 0.2424599824305014
1.4155985317733766 0.27758112884318764
1.4093718728220825 0.27255863989811135
1.412109386341155 0.2754723609361789
1.4351864964027237 0.27678102079693495
1.4491227912248403 0.26534532727281707
1.4321794859966093 0.2778178256497536
1.4309584758005596 0.2781475807459959
1.4070309586660135 0.2637097581436599
1.4216381252759835 0.24190778914343472
1.445932561194288 0.24304779055333994
1.4080383252270225 0.26850241847307094
1.4245900704815382 0.27869881816886993
1.4158783232535008 0.24618393460336782
1.450598841121193 0.24952884484612822
1.4514074481836854 0.2583160601215548
1.414087508348342 0.27598659460259745
1.4133138795966478 0.248961425248639
1.450800250836009 0.26055652162635956
1.410381524096239 0.25330184777265136
1.425281379467778 0.2406598276519162
1.4513275261886296 0.2528326578141082
1.4348939321640728 0.2393498015615371
1.4217188943908767 0.2782403865041507
1.4101418294169714 0.2541556422046105
1.4306986777961364 0.2774759326717413
1.436209482720637 0.2755280421269783
1.433712682238142 0.2764980048857373
1.438100355153891 0.2744951213193482
1.4287849223182159 0.23991796652176758
1.436887534265515 0.27496807259466177
1.4198147741524834 0.24388105162845142
1.447003319995595 0.26651640618759376
1.4400205708659732 0.27289459377009334
1.441961614690086 0.24172612560079532
1.4491491424732186 0.24858553142217035
1.4467560116745886 0.24524338487179995
1.416285490428061 0.2758732700773106
1.4135858158783392 0.24990047811803923
1.4489317108804332 0.26253255194389674
1.4401674858706515 0.24125893562172288
1.4484338046749912 0.2633043322926673
1.416198748885634 0.2755122480969118
1.4105188715394832 0.2701040765286472
1.4289477677032285 0.27679833926412234
1.4435135194921638 0.2694784566493761
1.4089591890058357 0.2632256180237136
1.4488534484288456 0.2491567543806071
1.4114220139585298 0.27083220840543587
1.4115073474449427 0.2708709968962923
1.410340091741623 0.2686622746500735
1.4390969798618392 0.27253185947488834
1.4327350253132118 0.27545293745838423
1.4099118967471376 0.2586683290685017
1.4341155376770531 0.27492640790712286
1.4094659420661557 0.26463751021944515
1.4234106448389228 0.27667427264050065
1.4372359199507443 0.2411179822985252
1.4098516762276991 0.26515995046505186
1.4495437646361715 0.25612703006896526
1.4352640254264903 0.2739777811211106
1.41403135824807 0.27255146768627897
1.4479339177876143 0.24909276371035174
1.4446511168499852 0.26681542485241283
1.4267688267522243 0.24212568951405086
1.4180660397735432 0.2747350120062002
1.4128609016295348 0.25324608412748933
1.4102981025354295 0.26433032836131853
1.4269739776439725 0.27580875016164574
1.4177485823746028 0.2744295938216026
1.413458730025351 0.25285502031831625
1.4179756793667884 0.2742070017133639
1.439327887152033 0.24256408431240536
1.4272586539659193 0.2753001154695635
1.4109645118094476 0.26013456379848016
1.4155924243985072 0.27246671503414316
1.4109768442710426 0.2603789944403548
1.4427396549032836 0.24451161318800432
1.446969062084373 0.26207643145192633
1.4476785511843373 0.2602299044761047
1.4149249618720077 0.27177879094133556
1.4299257621573034 0.27473959535968007
1.4109349612954794 0.2625891203867233
1.4347962308795728 0.24185596299758824
1.4480531016699376 0.2586559445011148
1.411339550017528 0.2654179204380989
1.4384992007499857 0.27102351233188077
1.448245429771387 0.2553623971013143
1.4478280238140178 0.25221739444984104
1.438031806459667 0.27124161557463383
1.4472548360539306 0.25059793159442717
1.4183871474287026 0.2735118228119032
1.4418379570000845 0.24439091265867974
1.4116042423337603 0.2609310018354843
1.4468916516510522 0.2606100331787523
1.4234262934599875 0.2742795038800795
1.4474225789327648 0.2577210338528574
1.4130069877998666 0.2673400985676452
1.4174485656004714 0.27221047715216684
1.4463827758851915 0.26070028532790257
1.4137363897135424 0.2677268934197944
1.4166424681340055 0.27109237271269726
1.4150215883666883 0.2695247459350666
1.412468679950241 0.2628036564399579
1.4126177458010956 0.26356595916441555
1.4134655288399458 0.26658330150193177
1.440255602004672 0.24476814961472065
1.4359901888011084 0.2710011701538842
1.4467826139868492 0.2568499433852127
1.4242000885926123 0.2734493185826439
1.4231105335271996 0.2459094815880198
1.4135018946293592 0.26559291463265544
1.4452170644984341 0.25006631849197575
1.4238858849801912 0.2455940428992416
1.4149639495149366 0.2682812056483863
1.4174554854717036 0.2509560245913102
1.4437199729488288 0.26362435884198454
1.4452719650277048 0.26071125809945156
1.4137440391826588 0.2641285674428999
1.4150253548748732 0.2673282369204463
1.4142419820299215 0.25908634411572257
1.4267128386896801 0.2722988675173979
1.4452695674935825 0.2583609723836884
1.4179279712940926 0.2514341047744953
1.4221105736558037 0.24762313673072114
1.4254449121194508 0.2722248306744366
1.4454259926244504 0.2565330545943139
1.417074913897098 0.2687585241149331
1.4340372539248696 0.2702907681933389
1.4209627713656308 0.2709933425072952
1.4390399740979432 0.2671313506042143
1.4433468858629173 0.24973576755483556
1.418991975017567 0.2509738780896054
1.4148751126122368 0.262591354015013
1.4360543625260132 0.2688329970005959
1.4359222212740625 0.24526711281684888
1.4287515377172766 0.2453848780530514
1.4157029195408661 0.25714643653877156
1.4246411651656814 0.24698967066688796
1.415849123149259 0.2645407753927466
1.4219650579408967 0.2703688120031748
1.4432816209425197 0.260220696065042
1.440059834680126 0.24759422613833668
1.440059444085422 0.26502348526009645
1.420722714045802 0.2695820657694244
1.4173860348589127 0.25446737885635845
1.417315515591771 0.2548373525731235
1.4221223885593197 0.24939036843848403
1.4407782341199074 0.24880689753814533
1.4206739435245208 0.25094463362328223
1.4433486435490803 0.2551852485965537
1.4410806704176562 0.24963059873987953
1.4285431860108562 0.26997431279304324
1.4244287646700533 0.24823014392888515
1.442839172830881 0.25269791059919505
1.4198426851061878 0.26776329792372056
1.439721895185779 0.24858275526537582
1.4425600807780428 0.25906161173298126
1.433634840128385 0.26828274967246163
1.4245122709843556 0.2484845402232145
1.4420979712602175 0.2518401823554213
1.4175712462541372 0.26432742818016747
1.4250538278246254 0.2694306110261004
1.442786052814134 0.2567947798183984
1.4199602530780626 0.2670136679438398
1.43703599894152 0.26583888570213166
1.4269418297838818 0.26898590643278214
1.417642367997268 0.2613048057041007
1.4260983155756928 0.26887101770473687
1.440286855308675 0.26160484451247634
1.436931495792918 0.265244304128373
1.4182922395291042 0.2632315152862763
1.4378729475706504 0.26437532117381946
1.435712306876568 0.2657912818930084
1.4193645998717925 0.2645950062376167
1.43213122928395 0.24750384012330362
1.4247870529410962 0.24972703347092942
1.4368568803669612 0.24878576421250562
1.4306923165031775 0.24784847381726002
1.4219163446861551 0.2661644533778133
1.428191147221253 0.2486193154911288
1.4285815588814792 0.24877347771985325
1.438502098572494 0.25094285570539404
1.420788786915744 0.2550746084424872
1.4397948567102299 0.2592302902574941
1.419578167996095 0.26045807904206897
1.4331058194318067 0.2487559242332339
1.4203302381669913 0.25687053212784006
1.4347912349089649 0.2492077784231689
1.4355772115825403 0.2639277206103345
1.4327829494924496 0.26554158677719514
1.4219368615289731 0.25428679156082123
1.4361087446778242 0.26335236296398473
1.438583655667524 0.25292221939814724
1.4226713934841475 0.2540066673889049
1.4288571472679714 0.25001338570540915
1.4363355070463597 0.25108962147872127
1.4385552677976632 0.25393086165019113
1.4214820445775525 0.26162280703291135
1.4217014953527172 0.2569537357545275
1.4379120087835695 0.2537223648564507
1.421874357790331 0.2614808577070664
1.4255698794562217 0.2646502771371778
1.4381394708671589 0.2554072343462743
1.423880958037313 0.254126175094387
1.436411517848782 0.2608979705438869
1.4296201747829995 0.26473107205704416
1.4372628007319734 0.2537261464042384
1.4233960132878332 0.25538361395358
1.4346865092519558 0.2622455675687205
1.4303176812654814 0.25101035998241455
1.4227279159299855 0.2601380802088678
1.4255525344859272 0.25344151247232866
1.4306437423814136 0.2512049469576906
1.4272467283604318 0.2525458207629406
1.4340713925995305 0.261500989800395
1.4264644007335419 0.26315766074492636
1.425131026384117 0.26224650514288234
1.4260115980007133 0.2626698179266209
1.434594178163052 0.260454082540078
1.430980001107084 0.26270031218343187
1.4317255210187647 0.2523852637630156
1.424978422183782 0.2609945167907636
1.433723839524196 0.2532139366167921
1.4244705196722312 0.25894993276837114
1.4336646974672158 0.2604306071978899
1.4301178742312932 0.2529938080381947
1.4319730487952151 0.261504414175311
1.4249519228424388 0.25797867748679043
1.4347512271601401 0.2584562431111353
1.4281588477814045 0.2620478592392962
1.4254198797884887 0.25744186782817446
1.425663724623886 0.25777213281186406
1.4312496487008088 0.26109055133193076
1.4310377666129606 0.26095968249088647
1.4338325028240737 0.2559133543529758
1.4312740688062608 0.260243812088131
1.432802097377456 0.2551830761984795
1.427374831255136 0.25990926446906537
1.429701223037823 0.2547231563370709
1.4297874723086916 0.26001224462342143
1.4326205419922535 0.25653475237100243
1.4324477731779277 0.2577137691208454
1.4311815477277934 0.25843162324216123
1.428822135051716 0.258491357647775
1.4312527222316804 0.2574367849150958
1.4296144356434843 0.25712000142598596
