mu sigma nu tau
1.5616125922376467 0.48531412207116587 6.919975255966465 2.344389032097367
1.6277020122534558 0.329611263992784 3.4825639462107443 4.767708032139485
1.40029624979538 0.3310644062657412 7.463025366181505 5.569488094184126
1.442680213139969 0.3297341214592188 7.871628874330231 13.647545729057699
1.431918964926333 0.3110036079971964 3.755656101903207 13.596590630490622
1.365440898392419 0.18054881927905547 3.2130131883123982 8.777726071731637
1.6180749505161471 0.3902388590112303 5.909731596130734 10.013394742624882
1.5555500394425033 0.2914451656245947 5.503920342115995 3.655574250651296
1.366517649755719 0.20555413671746445 5.25384817959929 10.049564802210194
1.6022610611006782 0.3815971486522435 4.04474287909019 10.569585481849053
1.5687554242423736 0.30586521354374047 1.6977450260609068 6.442239709609785
1.4638254242393116 0.32157608120513237 3.914646079444829 16.359537860593658
1.3746005748807548 0.23533124256288018 6.146598607923023 8.09315662941516
1.4585833293727752 0.4290440495037119 6.063104342342082 3.190540808062212
1.5809016108246063 0.39665380595879846 4.150676749214954 6.61440191151843
1.4453540293935045 0.32096631507293316 6.3125464850996895 7.552915301178114
1.387307513735033 0.18089921639990003 5.407195770417002 19.30902361817988
1.6102627225217132 0.31049619639156883 5.478024457645856 16.078645302947553
1.3901087216932098 0.2415152964484086 5.6048979134883625 12.545536887333279
1.596943023553194 0.3494162798886903 4.881139987948755 14.233596378762085
1.6122862679183725 0.3861711643591071 5.787806680494043 6.172151215044108
1.568658373007207 0.2572403679688221 6.284194653271327 11.846810868045598
1.592110561886001 0.755162530531575 5.046251594300289 2.1920582675477243
1.637650413383934 0.4716214714041435 4.886148949400523 3.199163507687093
1.607612331203386 0.3193489700181895 6.140595695150823 12.569206992758765
1.459047510620948 0.5961103560041421 7.6356968193818435 2.088417278304433
1.4080210547574248 0.33455720809173495 1.2641625899647306 2.3361617408112387
1.6097422204274756 0.3571143757788913 5.051200671894284 7.019704790990415
1.5506791924609034 0.35538472772115615 4.051582083117303 9.016419717083663
1.5811025487022374 0.29216100566378855 2.558117598469214 10.120269887581161
1.599218931453906 0.33043875235251063 7.954309671562958 16.407563879356893
1.472600409829867 0.31219896677306236 6.30341194240062 14.04883524351858
1.4967015327084183 0.39249147521897954 6.200180276418524 4.138259270692784
1.602371502496036 0.32570162871396646 7.564909937313261 11.291450677186448
1.4802817381655262 0.1988124524854115 2.154578255095612 4.330629158357931
1.4111941865530613 0.25993761670268384 7.166327334941337 12.153275670792718
1.3794829241491735 0.2114006940685617 4.521779835133991 5.954875388157575
1.3779138799740112 0.17118619664418558 7.357764013102875 3.4914683090554783
1.4297566982874552 0.2817145192637699 6.6475956192344 10.783297486100592
1.3870455282785055 0.2173853431825597 7.625260372552115 9.066763596801461
1.5671338085225313 0.3857109627642535 2.197539318690805 4.026292774367363
1.462769309614436 0.33332407723147733 3.584149970379758 5.1237412314492445
1.395846002000774 0.20571420721332215 5.376951298079627 16.86620441716953
1.4356598902009114 0.17152273818349387 2.723213260248014 18.777766665045263
1.4011680619979832 0.22583933659285735 6.66655189738748 18.45077468947176
1.401373156931092 0.23895640803103307 5.786956230823868 10.327420519726935
1.4373692106971059 0.3565718715554317 5.677500596149594 3.4173215103667363
1.5461771702951723 0.30581717828035704 6.5777870706264165 3.4673690026663557
1.4921974274877585 0.1950726787139109 2.1280736448127344 17.76233206297347
1.5539818238978034 0.41848514739242787 7.838745882369049 4.119484259237836
1.447631877677857 0.17051952403581305 2.850887561240021 12.966510253728599
1.436810835388202 0.2685519127994135 1.6468935787336183 6.288602824126544
1.5800023181756209 0.6795846204426091 3.8057413263611943 2.226998763706334
1.5438490336071338 0.326356390253568 6.095835059963642 17.941101623582714
1.5687690372826668 0.26852392703773825 3.5527875803095754 16.517954426303778
1.482219075541325 0.30516364139144186 2.439934495829853 9.562692798340313
1.4442228778760176 0.2928099490762646 6.022527707212566 8.075973080460434
1.4029352060514348 0.26409101355899 1.4728976087144008 3.0083798333335796
1.504033398307893 0.31343596854119865 2.1664046933637833 8.007270632816272
1.6249842013888627 0.53678447985498 5.914997459756044 2.878727139806817
1.3818632903719712 0.20270583737980633 4.751451572243901 4.4064298150144054
1.593582547330798 0.3612729360178502 4.953690175871594 4.00360453699896
1.509071065675906 0.2715299198952141 1.6896622701546486 11.909414835494989
1.5766072664139905 0.2817732239022886 4.491285918571953 18.89533993837135
1.5624007914281965 0.27321981320862637 3.0488125969692597 8.128855785779308
1.4947240819079397 0.3109439271284017 6.754286287462037 15.149645610073549
1.5330637039847579 0.22633850769883868 4.898239697440118 15.350236133874068
1.4656290077431255 0.2913851890163408 5.175206451514619 16.340535567238167
1.3978550328479162 0.22818600363961403 2.0676686641037563 4.974620699169236
1.4939221408747825 0.2510475203049348 1.605298612219839 11.97940913923185
1.5842773118730538 0.31374434006745316 7.595249541583195 10.295407103615455
1.459431621291046 0.18177172040659187 5.838963428603512 5.302184261526763
1.5490561712049278 0.35750586007172275 7.15995159312551 6.432342623400086
1.5650683692216982 0.31796654585049444 4.731924992926665 15.17253841607768
1.3924816283446386 0.19659194169189295 7.729774672800822 7.359416426619962
1.5623152928280768 0.3353163490967993 7.076425597803845 9.594883621370155
1.420104734133308 0.24469847775298262 2.5967024974095407 11.2141337242679
1.4504089155482183 0.2081859891398621 1.6791833023160592 15.087104626753518
1.4736622912203856 0.45962063228786804 5.967487879881913 2.7887954542169835
1.4232739152848866 0.24939558722826066 4.719896982317136 16.832441550085182
1.4191048409963138 0.2408164183922822 4.140574768064882 18.280737971366943
1.5855797980903468 0.5874699335624387 2.579262806350612 2.554991304529047
1.5520816194326048 0.31174395677585953 7.365131889818869 3.6413573033890696
1.5464066143766404 0.24261690011459847 7.016329937050477 15.562714386156724
1.572392492294899 0.28261258787658544 5.052820254642111 13.571891994606844
1.470237744178315 0.29887460849136016 7.311372075933188 10.820552824221242
1.4807870668253895 0.24562660186282714 1.57682324759819 8.299651639103223
1.5648579657234793 0.2901746688358595 2.900770679011969 12.48164506810609
1.4184798343521168 0.179045161360933 3.9023054807573274 14.74982916945635
1.4597384675343128 0.28569810702771337 4.553312458137524 13.080626006315567
1.4234326881742345 0.20743216868143283 1.6286106388742692 5.640037401385008
1.6295339714644959 0.9306991853396797 6.9670655068654765 2.2581030096645462
1.4996799846647155 0.28422418961918267 1.7557339568428496 7.1128244733532995
1.4153593989967779 0.2387968387219058 5.705691977737147 13.52349652886609
1.5090102200787396 0.3783104829514503 6.867645277011198 2.472119428437907
1.3986835978240277 0.2131940778407854 6.051342646125645 8.152656511760876
1.5545620661351744 0.3141109274850026 7.080131864991713 19.293982932629113
1.432514682879669 0.2596288969373961 3.2817918755712583 11.682217515550871
1.5511241828178148 0.3177394041540496 4.381506208437754 13.31325701565278
1.5784535319795863 0.49101932487334227 5.573926064975478 2.5358749639784035
1.4971581019868865 0.3035507381382883 5.07733138990734 16.194550834593276
1.5596750842558151 0.3187962914289469 2.956420565462911 8.163103269429842
1.4974344849597618 0.36044718570047685 2.3186532436522262 3.8720922391254997
1.438301041896437 0.17084532449048628 6.3408530626632515 5.573230507327038
1.5149584416809012 1.1752166154809942 6.093898839723342 2.1054178605663463
1.5293727104609565 0.47101376355891394 4.305527552361887 2.338077528264648
1.4926830064234569 0.20319813418825117 2.665182512212379 7.257739988327682
1.566042855807535 0.48592380559732357 5.027691873772131 3.0781803823256215
1.4033646090868706 0.19708519287592996 7.89091800522567 10.830785895607336
1.5670847547151747 0.30658741299920195 3.1468228942610197 5.923097545962607
1.4717899735198319 0.28487123370539186 2.8850782228528833 12.804016107175608
1.547142749922982 0.26477362151631223 4.865285972121932 6.283552566326454
1.565559077520672 0.3014674834562147 6.187395425248987 18.036945806699133
1.3987032441937135 0.20636868214991638 7.90323062304143 7.429574128756213
1.400196834712456 0.20438219585167997 3.5239945834225077 7.0496457432433015
1.572666956462039 0.303353144554274 5.776738187955696 9.668945213790886
1.4550647207693967 0.2797535981392505 2.1181706032587675 6.7348246353496375
1.5638849023566834 0.30030568234903776 5.374224614544536 16.822938498044824
1.513360659812888 0.24461876470035787 1.900868139466828 19.474836130579423
1.504830427786032 0.31037831476287436 6.118178087438939 11.14838334834743
1.5712108923159944 0.2954580200452915 7.262224925830743 8.925457663641668
1.4201404429790472 0.22367965356315714 2.6520427720483974 13.471655392348211
1.4864456978500633 0.3275446833955672 3.961639133626476 5.452205751429711
1.5881408165938375 0.37887986370484067 6.033908350453366 4.0424508090348965
1.5400870830751094 0.2821364774690471 2.287498464777644 9.989526070942853
1.4239697600098271 0.18086103157928946 2.1666629335157825 4.656565444360362
1.529183485251706 0.30854471282592183 7.779330829616262 16.90910808954088
1.4544306749280431 0.2687300296685974 4.002781660648995 17.883787051468783
1.414861678305125 0.1855282153713474 3.3111762539924987 9.732224021911678
1.5229941444012796 0.3314337439996369 7.581536067938632 7.232635273484846
1.575501050961324 0.3358794677283826 5.4365037495877475 5.6351626019997205
1.434159489420066 0.25754972191241626 5.925740388117296 11.739016087509183
1.4370724763937628 0.18078418468225962 3.3744850481485136 16.13456172466735
1.5035600341289816 0.3194797602555601 6.884873827337375 7.769285424904979
1.5706495629689132 0.7012846304851034 6.691066335695694 2.409463313006354
1.50393865274189 0.3393295960582744 6.091074038698547 5.453731417565226
1.4148451097551744 0.26279908241838484 5.40191921847962 4.875461217720124
1.4268490295304113 0.18402641865916156 6.334426389752526 3.637954639223258
1.5961401593473497 0.5279564043430431 5.606727893464692 2.578556592116818
1.3988850176912506 0.2344886704245754 2.113852219710529 3.4140630135835712
1.4631283474032366 0.1835188603639706 3.609828448616039 16.167945377879846
1.5305175910474988 0.3664880687506864 2.355433801137064 3.7969230840231294
1.486830361231653 0.7063601397218207 5.8991890893473045 2.0936198416963543
1.4739434014470383 0.19635712982594206 5.765615147635531 5.665935149558374
1.405090328330598 0.26288986537596465 5.2155011290176585 3.786136943471793
1.4122943631403189 0.1964575370811058 4.30072439633709 10.710573685262528
1.5270152722322337 0.312336027236412 6.284943351048867 11.148218252298951
1.4070941406752886 0.33464849822893716 2.1020139570775216 2.5610397629741866
1.4971883139206654 0.20644732173356742 7.749542936767618 9.133422853073464
1.5251946203624955 0.24204487121964083 6.310017072915352 6.346114276968649
1.445577831946889 0.4007954591588669 1.7777261829791953 2.559868624146913
1.435707730472901 0.2515326831916172 2.8326952299402017 10.06463601598923
1.442896582438186 0.46882936342214115 6.900855958932997 2.4802698869034483
1.5596001836358493 0.3342321398431604 3.652032419123451 5.681015552942705
1.4730057209104732 0.2941293002120995 3.096657795017434 7.327984804212349
1.4113626361331564 0.4455230553766158 4.709536910387229 2.3217130065219638
1.5578167166915065 0.289487611837308 3.5532047758568464 7.758478464426252
1.5265926374778436 0.23510917730600517 2.7357875486925316 17.99165766954354
1.4435652132084003 0.18023661258355914 2.7668794804406898 7.958533815601729
1.5185796731449366 0.2776770480892026 2.182989051586131 11.591045258706195
1.4031370022402319 0.1994492241249328 4.289213421970345 6.400276547919811
1.5652885848489062 0.3332384237138883 4.786812261913715 5.842243876545513
1.3980405199982022 0.27525447094156513 4.227536092278658 2.937087911854747
1.5317736670359663 0.2426849131426532 2.8813019159875544 14.49607812008625
1.545152063809181 0.6275512777417843 2.83461972762895 2.4126837759109097
1.4148258869745534 0.2834426998423728 1.6550946175665757 2.5924056605327275
1.4036305583698843 0.1938307144276375 5.707520801387327 6.395848401940933
1.5507795715720065 0.2976013044309582 5.921624222891608 15.460716983787778
1.4922064838849993 0.294590866752708 2.6184541569507624 8.092135839261283
1.5664221539684409 0.33682687929774796 7.454283471437399 5.69416012361792
1.5590918937486782 0.28912755748149205 5.464662985118776 6.732469143310043
1.465651975044211 0.3417190345642073 3.5379130262862883 3.7374072591567202
1.5411547139472423 0.3611159786239894 6.571910000526359 4.769439031085561
1.5414204787579906 0.5034339882237173 7.67362553145404 2.829314977490092
1.504297150424212 0.2960608370692997 3.9454046122146553 12.44376444661187
1.4611912870990116 0.2724168239380786 5.791884588377167 14.433821673152224
1.5275221363687983 0.35550998920689025 5.375842203558431 4.759426627041807
1.5307561478782628 0.24919818379671255 3.108144007109794 7.336655807039596
1.5749220718071073 0.8012624395525713 7.678880038501851 2.29546312564016
1.4998153436956339 0.3875455077453921 6.508823655276197 3.5401729133624005
1.4567738964261236 0.18333401855954007 4.4398906856489075 16.633883325330423
1.4170045426851368 0.18831376888408496 3.298174660718523 8.043238921572112
1.4720308215973714 1.4309786846106138 5.295865029000763 2.048707407773837
1.4720980515751365 0.19586506500636047 2.5533210329301097 8.645919387214416
1.5677051819600705 0.4081784549619424 5.066884929733487 3.5819370389757466
1.546407162622695 0.33919633716009545 2.437510410029234 3.7595521064942288
1.4161836941429393 0.5258808621263359 3.7544053274648883 2.2175380298050005
1.4726031343144912 0.21051501557720498 2.0479702972861373 16.714575137135913
1.5355252067638248 0.24910583730094 7.478337638000879 8.664613553152876
1.4777151280211154 0.26635656205011166 2.289426688988529 13.123561538999901
1.5963550328849494 0.8425333409352385 5.920717135178138 2.18841565031595
1.5585280470845753 0.3067274662924436 3.8102555264435134 5.895632907499642
1.43978799875067 0.3627096828135257 2.3333250633248963 2.8018675947538245
1.4798868620285237 0.28521578858346053 7.588001404206584 12.848408269370498
1.4196300642772663 0.21060164804722709 4.740437220979144 12.351174402394781
1.438943109215101 0.41604911853114845 2.831165077884784 2.5500462894095017
1.460821026358823 0.3226546624633969 3.868464345524103 4.080970536607124
1.5539111075864762 0.28928297024683425 3.9300401861356447 7.625659518868256
1.4344444905478329 0.35255310406169815 7.701069299424954 2.967917414228015
1.5064326054644535 0.2900096324578056 3.5234127756780924 13.14306131789427
1.5426108065523012 0.4932566074797302 2.2187822574830696 2.5715962716707637
1.4247301939231565 0.24659001333926375 7.240040891683499 7.416021695292745
1.4897007559105964 0.21906300842000892 3.1506766490143443 4.8843919702185445
1.5351613108393407 0.38150375268695175 6.4950519330432055 3.9609795578111733
1.5378308639328675 0.30379390810964624 3.127341119999243 7.687501579420154
1.5250948776627384 0.3010564800196477 7.218073681892555 12.091605223173415
1.5352134910259745 0.28111707123186513 3.4074017240910486 19.575096608056757
1.5254075448457143 0.23531575167074534 6.853633106709501 10.786969041490481
1.5467759648066697 0.28553528885324564 6.5038266225534915 18.88867984864048
1.504129426748264 0.6938234398331824 7.5761160319307 2.2910015385096396
1.5019745596840564 0.3015090169407652 7.74315221881243 9.501034203597515
1.4248488504307892 0.25349359444584674 4.8876596480529155 5.91624845739722
1.4940202762554144 0.28496448177323125 6.59477861427583 17.56155745856909
1.5633828984260378 0.3570497891359916 4.225228231747769 4.241185295047819
1.5031054585950132 0.2330340065106958 2.1443224643468692 8.84719229854015
1.4866515738740196 0.19973267500003716 3.9534450979182365 19.236439789296774
1.4284337670029394 0.19828033062575964 2.871397470462447 11.24786937661754
1.4229866783178169 0.2345013222007932 4.254163536797087 8.161579674764011
1.5000867512137541 0.2837980418580134 3.4939779134878837 15.073446919304617
1.477533800917411 0.31000718305686403 7.484065061891863 5.694180852641519
1.5057064722973346 0.2723657963109725 2.443964561557539 15.144124938253452
1.4508961335625299 0.18428281433294155 4.934504768872068 15.534102304528965
1.515554326254084 0.32564244975641354 3.478340374264823 5.482089601512687
1.420844206673599 0.1953077818187438 6.97855066190993 11.489279938879873
1.4678238797208858 0.23732812446055485 2.022670449982258 16.32137164224301
1.4648913850296805 0.19218269503647226 3.1095959453581163 16.54882029475476
1.520785399970047 0.2850065208854453 3.8197500700599667 19.698088914945608
1.5490994612192694 0.3217848469412154 4.092070546455376 6.015647198777062
1.519161266916889 0.5434778919877155 6.521126789089413 2.5737538056950813
1.4515288485461433 0.27346044454422214 5.555129498562845 7.666852344046282
1.4406186518613942 0.24256631572519388 3.272310989569336 12.92543008242697
1.5016447073123185 0.3069816404215537 1.8866937250789264 3.6883796090491323
1.4077473844807797 0.33419897263327325 2.690377325163593 2.5262457536070153
1.5492437155531025 0.3016865806964877 4.802455303047301 8.431131863700932
1.424306474275944 0.23031120480622042 2.8745004889728305 7.486505028480169
1.4118245479319171 0.2902741432961995 7.218720876603193 3.141353886414283
1.4276875761131596 0.21688312754002523 4.020191453275915 14.32487463034269
1.4498586821043706 0.23530046466699955 2.416568230830618 16.856473431743915
1.5379441063345531 0.2891975344855102 7.726907215001701 17.892002912583816
1.489648517257474 0.30270519089984127 4.695560986014755 6.940801287220864
1.4717322305105582 0.26991260123748595 4.761155905105073 16.492260964634987
1.4295515416010858 0.20202989697210205 2.53028828195378 3.362783822779998
1.4616985508319478 0.4076805309678965 6.151931008355529 2.8265728713985636
1.445501233739182 0.3806108912754856 5.916281206331065 2.8388093446986296
1.443804166565732 0.27332061400089674 3.237403780688703 5.559806458686149
1.4860826994579406 0.27649055435671543 4.212509022989346 16.987618035114934
1.4379721056235453 0.2292607582147282 2.4047975696098005 10.302623933061158
1.489734203743616 0.28296668607423686 4.22235369880398 12.569517014842747
1.4281557807967604 0.18728246303419058 4.226567796402724 9.774469206771775
1.5032876461906148 0.21721696221122913 5.043953260602249 9.137407715890228
1.5506861477608878 0.282429648055455 7.66026974702978 10.605919435061908
1.5352568137376372 0.27189034699872205 2.824878451730382 8.386269738017209
1.4455892958192935 0.2503800330320072 5.798797556340688 14.14318213738439
1.4091559963993583 0.218957091168797 3.799093229546666 5.155668512089404
1.5467303460862705 0.5167414043826578 7.281226866299017 2.737358619484122
1.5464714713050927 0.33021443131896994 6.235549253721925 5.70327916782238
1.4828242336644348 0.2965747987766404 6.253223997350138 7.378938286068118
1.543521930736966 0.30971706872825855 5.050873328544089 7.365975322855304
1.419454764842767 0.42351498243603136 6.208868783642131 2.3872195998447365
1.5670890537981443 0.35541856858938176 7.128144419454613 3.806588249991006
1.4119614818327522 0.3220336441025372 3.958572185127894 2.7005526911619544
1.5469258563149917 0.3117621233054818 3.089627553807821 4.833923822612855
1.5212025728402492 0.3337145797551259 7.903662904409385 2.8966010062580674
1.4242796907060584 0.21480173973571534 5.949516108394743 11.481741145368087
1.4555167220766294 0.1915812960909457 2.913565425791806 6.066488115260169
1.5787014387639826 0.43267398613518737 7.046754606222755 3.010675399407055
1.5460793594471873 0.32656719553667646 7.846328264625802 5.887825758611793
1.594379491020884 0.6655148993038137 7.1626818529597305 2.4160947355081266
1.4516058305072104 0.21936862249744177 2.153560054347894 12.0599790025813
1.4710293707623001 0.30893885995940135 5.893147321236583 4.986868851152651
1.4062645943044338 0.19912687705602222 5.255766791269947 4.764698779618131
1.436291324233225 0.20693776154138546 2.618574259072977 11.452842861064305
1.5489592156574385 0.3053927707126598 5.899598348749284 7.1136011911722825
1.419768646733775 0.18454444944662496 5.987099006132007 6.612581036568084
1.5635591873679755 0.5200327646038091 5.931820024957314 2.4404135714463755
1.4994837518184028 0.2860181821723729 4.135127050609585 11.41681630831407
1.5040964895348823 0.27138887192228756 2.3432655399114335 9.521064706678263
1.4225707619040806 0.22448179231130178 2.817321433205362 6.4875703084423915
1.4128186606864932 0.18426597560641808 7.16144884079432 4.318627524260695
1.4858478827677173 0.27618280729557315 5.954782065741098 15.972879972561767
1.5440772088691646 0.2738160674417968 6.596453381004249 13.720937646985526
1.501627327800302 0.2808207757220409 5.414714798207026 17.35835342969364
1.4310192388711858 0.21378972530600854 7.847574139878741 17.701092410769405
1.4419682293648792 0.18373776886267926 6.356188757087371 10.578340861371034
1.4367548243942192 0.2974318924410778 5.532474885858266 3.8266595974755377
1.4217857962779439 0.24012829105785352 2.0982349311043444 4.050580015462852
1.4283804311975137 0.25600852756647713 7.110140765100605 5.558985147178374
1.5152194777318826 0.2820042856708154 4.352506960685643 16.90074773398178
1.4346386776449305 0.22457254473336138 5.202733584316251 16.33770182680525
1.5276911858879194 0.2997323971445092 5.4898894194600185 9.140190866191274
1.4845045377168913 0.3065888934572255 6.519641855743848 5.860741782150041
1.5373187045209988 0.2946455995909988 6.4176389529250955 10.098272066858899
1.4613123231196123 0.2090268324759155 2.4240464945224574 18.89875584910078
1.428142976637618 0.35507427732613456 1.768470047556376 2.339809077521726
1.4627148451310772 0.2289397606451419 1.9277875767651624 3.8911792015059645
1.4782131472751678 0.21480442765583654 2.350428468349688 18.99356788995018
1.5400475443370085 0.2825182783711509 6.62721040414607 13.238135871223614
1.4667591745037551 0.193558288829149 4.203301027388552 16.994182433020356
1.4573164763484026 0.29369042805842244 3.6983047843036747 4.810081491214131
1.495228515686649 0.2077891004719066 7.940253197296537 18.913630306083025
1.4687277337259634 0.19228695146883096 6.743033267714056 11.20986324334057
1.4579725172043079 0.19264768291399428 4.317902897111448 19.93460477338899
1.5067820373668601 0.23744942835428867 6.1735510972085885 5.2612799462187825
1.4759617650190615 0.19599761482728095 6.377530294529509 15.729223439736787
1.4557616908536142 0.20657742007024243 2.2780315973191407 10.499865654588628
1.4656578435546228 0.24516065046820548 1.840730835640719 4.909340754639656
1.5505493782383415 0.3069771351943681 5.080371312418871 5.742145035503963
1.5341804056240727 0.2526730660134127 5.245527955033353 13.721317661667323
1.500261674157843 0.3649020193827303 7.6173186925944325 3.723311997066487
1.5069369291251675 0.3663188299244978 7.890429046309252 3.787066548032329
1.4335376745033703 0.20630824734951747 3.953505416055012 13.715222060500611
1.4321334395464211 0.2990825078125763 5.51394070827334 3.531670006417877
1.4400813791621547 0.6310732668281078 2.7352144704158032 2.078563122764771
1.5330908997126929 0.2790655195711116 6.797841305417394 17.6929183065451
1.4576792896078197 0.5727694320858268 4.214988593695198 2.289980789048338
1.5234953272630998 0.25483197749627384 2.8542931915127685 7.972283032208718
1.4591721067667818 0.2606238024808632 6.237741984324924 12.20459487522613
1.536395136394416 0.2826144850145671 6.985639023704096 13.616665284346485
1.4010690284587213 0.26270133134507384 6.083742572419202 2.6000451424264757
1.5549941657625865 0.3162326591870115 7.174338033975866 4.739446683189566
1.5512948757688898 0.31202248793176723 6.366004927063184 4.432972163495188
1.4820205298513756 0.2937479525957252 5.724202966474472 6.831445268898969
1.5077206061818251 0.28573913529861744 2.6533891761607924 7.363607259809209
1.4434279900466365 0.338112636399145 7.83445002062992 3.1564140705161217
1.4936151207432706 0.21660374186214343 3.031056168038897 8.384320564367108
1.4637144338604848 0.1992316304221675 3.1396972519495536 18.37031580947321
1.4694055907816126 0.26328595884518063 7.929702491528823 16.520633942866006
1.4567250655820825 0.24258873083426852 2.6954444745525032 13.112603883751733
1.4861249859893988 0.27749992496214754 4.517652739903984 11.19413544732599
1.550058633746374 0.39698230129466117 5.47272795666242 3.486981697741297
1.4797811661304956 0.29564706082867553 3.3465862663131976 5.67275486408227
1.4749354210561947 0.31437645055906577 5.500124019707002 4.597557890194354
1.4312717167887343 0.2932343569470701 7.0347317250452335 3.623263547198686
1.43533024235597 0.1991871917896559 3.9010951572306514 12.02461068259281
1.4314741145065106 0.22903290113256466 6.595881411304795 10.054932576233831
1.4238754412493968 0.22521733966272267 6.079010336991187 7.554826966086772
1.510026888844584 0.8689465383347857 2.1806736002620104 2.0798608132654937
1.445199573690772 0.1966715068072925 3.6658866839591786 14.429677689149475
1.4192316663718596 0.50488522833676 4.194143998415863 2.119144618788808
1.5235477493060134 0.2518042229718109 3.186136976015044 16.999090947521076
1.424373710977023 0.20972505182041906 7.5195649603490216 9.36805092406196
1.4855620057619383 0.25493739548499694 2.085407556910298 7.142007443465722
1.524497662287558 0.2622398062462302 3.1888491423751293 15.441883974211292
1.5263488810906685 0.2651054631071085 3.329592401184644 5.463815894910676
1.4970896501972204 0.2738179001481163 3.9985633205227478 14.892342856920658
1.5558242563687197 0.3506067919582771 7.378671128018014 4.202579467559303
1.5096845556989367 0.24799288948967974 2.61408139435705 18.618992783650405
1.5284655324398746 0.3170662787988944 2.615735627528565 4.360171882880466
1.4359229643434543 0.20284717662422902 6.097057720966525 15.504714492255733
1.4673046554912572 0.3253407145105007 4.4677207913732975 3.862247982512562
1.5357818002805947 0.27611294264320624 7.398558786180215 5.238482053296664
1.4402104114582914 0.7322933326002734 3.5008752570965704 2.1293460428413953
1.4124768591601198 0.4048459160550066 3.8744832774347433 2.319118598500072
1.5112726206995868 0.24594696482506653 7.639222984286613 5.103090429065411
1.4751899639333033 0.23095069841849794 2.328418104449362 19.28223202490816
1.5017962465240202 0.4998881037821868 2.1496359026152403 2.445458616109683
1.4787752805925858 0.19993906465347488 5.455292085123866 18.562756907237123
1.5296939351835848 0.24638859625442408 7.639616550177336 16.395515475293003
1.5112746753988593 0.22416154046779252 7.419321923134811 16.920027727411206
1.4376604664408736 0.22589807906413426 4.692254930654042 13.19950131229468
1.5208269792278488 0.24634792970610161 3.8508601261153963 7.445136145202431
1.4492549968469342 0.36235256415844824 5.65142337539098 2.944468899359927
1.4243848052575272 0.2004887782260456 7.411647505523051 8.636013320851744
1.4028527272340439 0.25908784758174874 7.635479654128071 2.7970481452237017
1.4355858154431391 0.203417768608583 3.2641956032084374 10.210452834352731
1.461966629615914 0.28654174387995685 3.8006708200628765 5.308513732390184
1.5127635574318083 0.27868727250153597 5.761300472502979 15.507735130810591
1.489938015477962 0.27828126518608903 6.945606414670246 11.703334796913298
1.4452987326955755 0.23030942328882756 4.515821388151222 17.302547314986366
1.5281354430587197 0.31683018938996865 4.097525319329696 5.4932466834939735
1.424688272040305 0.19783627641152055 4.219643220602023 7.3467997587712635
1.4898556925218185 0.23169510420105024 6.857712351460893 4.408793858595882
1.4882127402030225 0.20647905819782866 5.197295273992853 19.28526057029125
1.473741344252147 0.261046579083339 4.756397482909483 15.889685857272216
1.411884544114494 0.19934189427477994 4.179971458523697 3.7020950831436608
1.478130144392904 0.27290245218461406 3.18494983530948 8.374865700552787
1.5594196422549387 0.6477720086694669 4.6026554752634095 2.391983236783007
1.4847851380874513 0.22952612361964725 2.349659356554908 15.698269909057371
1.4638626393246326 0.19682936280105987 4.374545653549003 18.219207631835513
1.4625074559894142 0.23278543909310148 2.560330525533901 16.582075140294307
1.5096625793166876 0.28109010065611456 4.396947124598025 11.541394806465897
1.4717042644848388 0.19683483151331008 7.337537010324044 18.48284777701333
1.499732692781023 0.26081402546551274 2.9636183392423563 18.096714323549396
1.4404430958789245 0.22207841139557588 6.6897898674517515 17.707634501210883
1.4897214345926435 0.21147535739617848 5.360639995727349 8.398111201820017
1.4173254665718784 0.3307080835548559 4.402296788633029 2.655114091916863
1.510710767238575 0.23764443855898926 2.9172866911803257 13.306854728767922
1.4976776899862518 0.2830200037826778 4.424095641172025 9.480116547657925
1.4551132640594462 0.2496734153204016 5.381645561365373 12.84510867102368
1.531659410867084 0.26296220847202867 5.358210924292927 15.799336747230253
1.427448711807678 0.18969972462232546 3.7789312116370164 5.785525285344264
1.4983717420670901 0.32270500889067827 4.551797234411053 4.703588496703915
1.4683017770697417 0.19751646645818066 5.386576223691526 19.82279007685149
1.594455302728571 0.9868757506724886 6.133306840941646 2.144477072038267
1.4749356294965215 0.22541668663343933 2.38342616305612 16.118152293758836
1.4453644875946803 0.2883669728716046 3.2410266244562087 4.034815641199396
1.5246878848097976 0.31405433178227254 7.650398299196353 6.033468351018261
1.4538411976687269 0.24216525172293493 4.816468032124878 16.115070535953844
1.4963039382977854 0.21281993430226556 5.706077458157683 19.49504300181109
1.481223784531855 0.2636779724364351 5.2372011583751785 17.143409856854444
1.4456183157089053 0.9640651976420233 7.2172965041171135 2.0784056649469203
1.4885335446529186 0.21385141073143074 3.430893377963855 8.052622903671667
1.4720863858742559 0.27114627552693393 5.4374621223364965 9.256412207560835
1.4838329314562209 0.9365750583840802 7.168996399428413 2.1197033448871925
1.529100199247881 0.27936767200953505 6.1118380995543715 11.606294869633059
1.5729445040679126 1.6747712056227235 3.223658564977633 2.0385342956412904
1.4895848945366934 0.37120899160861975 2.0383122822966717 2.4874726842155988
1.4424589021721708 0.3349509500171278 7.479917347445042 2.35412327057549
1.5450417772073481 0.31511965485371674 4.177431379638391 4.493956797965165
1.4573250083350302 0.30624652803457253 3.417663700318847 3.901035099646261
1.5143721331480768 0.2572701799444349 2.8019169605927123 5.383051950646571
1.4265767543533356 0.6579762601152656 5.987291322943813 2.1346207721145998
1.4080566660521718 0.23125698710036965 3.402247619038368 3.182530691997152
1.5473141701239084 0.6003573357962214 4.4308017027450886 2.2678001131558556
1.5290256413496548 0.26464251817023293 5.070230011812989 14.960496223161682
1.4635298387977564 0.2048902341155963 2.7515168685695155 11.26220607444781
1.4934077680310607 0.27788133308235946 2.3279774015589028 5.752689649222413
1.4714463024775677 0.25998204334097536 5.00392487391863 13.526916389635286
1.439339020263339 0.1884651055709426 4.812420612688212 7.351842841608944
1.5297675899438392 0.2695236602872699 6.110847323100455 14.24276628538396
1.4790830177384389 0.2604903636060334 5.585096657371536 18.291877133624077
1.5276859633720243 0.25417858332512444 5.053941814262492 9.171851570979483
1.4556499288609492 0.199156868934403 3.2911045539086112 12.148870937824123
1.4636159390373291 0.25003828104930176 3.133920216662857 11.488681630139324
1.5119004036568495 0.31758846405492946 7.828721243750812 5.433184386502271
1.4347620988578167 0.20755258704112192 6.28493947508537 11.840754430479132
1.466132653207429 0.25858233376596523 4.145956569620515 10.85855737653864
1.5337171875894708 0.26607396914081266 7.39214448144138 7.294595536833125
1.5139644872735438 0.2900784028278847 4.996427116550856 8.363785475685544
1.5199278252057176 0.24756389387052616 4.389219039574838 7.443422173101004
1.4884330952520857 0.31769665962815985 4.46407127515202 4.551764914637971
1.4490869510044657 0.24479655191674282 6.7840765903868085 11.024279435968293
1.4943151320893557 0.24198166325251064 2.6413551195271867 19.518627491670173
1.5343865625509907 0.27153809403352813 7.864650167397206 6.21059630118148
1.4717357060388412 0.34831658105539154 2.9197864632194817 3.236180960567964
1.5678694994012088 0.4709640193806613 5.919502037988481 2.803311741553326
1.4621118824586752 0.25410900387979535 6.262789642475101 12.70220713677258
1.5298753602892492 0.29107252343479145 6.76581454898451 8.168176749542514
1.521884693373182 0.2712293948303603 3.6947443629481813 4.552743695865747
1.5003299736578004 0.3219343528368666 4.6399624024874555 4.675383367705794
1.5469340784470687 0.38048490494210685 4.146740672858008 2.9583895462962864
1.4716248033690849 0.2300365640955268 2.5595271232635923 17.2524792860974
1.5165933096730444 0.26326055059265663 2.735393749262327 6.2450978301799545
1.5432058600405323 0.568798911355095 6.864502941876632 2.5138369344224296
1.4440685723750506 0.33545212211213976 6.462334735291648 2.361068499406711
1.5309250156690384 0.28743047573107106 5.4159752488144965 8.037328485118824
1.4784509838407267 0.20228766261637265 6.784562783213353 15.13890415384964
1.4958249212211816 0.22040698327108443 3.337622699776791 11.417830121165341
1.4814628233227367 0.26394293103456257 4.535570852165892 13.291706847522269
1.482711238552169 0.3709133460860057 5.616353767566167 3.237037426955802
1.5282411449279494 0.25868844438597133 5.502370117156446 13.279866691821939
1.466045525824042 0.2346130633402858 4.446712391436127 3.370151068227054
1.5302831192991813 0.35521390794300534 5.611454598580672 3.9932584091085737
1.48049744368971 0.20341359538898607 7.405774942983986 13.671035539954135
1.4265084697188015 0.2702905030446378 5.1970915443326335 3.7819384064897434
1.5778058691317103 0.7745240265731992 4.448558295413495 2.2568138641076265
1.4166861213085307 0.21626937007344754 3.0654824463259134 4.219542892559412
1.4459393841709463 0.21661864077388818 5.615947331998406 19.351359513180267
1.5235214074775656 0.24814581090952315 5.516924184803876 18.25251134626451
1.446828024036459 0.19195946979241857 7.29898944411105 10.444709567735302
1.5301467115950649 0.9621969796947522 6.86239982526722 2.0825081828339127
1.5170302797414754 0.23515549717016726 7.857530690740996 16.19527983669099
1.4825491330853646 0.20655172513886041 4.916031517123479 10.88151446781208
1.4730862302121053 0.2780928699066437 5.640874771009889 7.124337552912229
1.4869288741801423 0.5975881151055674 2.8000151651060845 2.29475033007511
1.4648149951455585 0.21786385552810542 2.6748435939704347 15.554865981817967
1.4907979563399256 0.21260162684756756 4.446765146655298 15.135865139565775
1.5243740369327932 0.2621867242871212 5.25374097778288 16.493375898723905
1.5060070338034208 0.3340583385408316 5.913828107990585 4.3485279951799285
1.4145983769641375 0.2146693725546237 5.746930204118641 3.1522801027965075
1.4185472655156601 0.20419923104964227 7.049020544341742 5.564063779643425
1.4286742803243149 0.2221164546126776 5.990081085481737 3.0404028812137547
1.47502736849005 0.2565799604448914 3.3605584997657525 11.957338020505448
1.4391623301578882 0.231638397434623 3.5998697965608617 8.176542818523016
1.4162973341048064 0.27897571732752197 7.886818402809176 3.1058723392898946
1.5248187065864638 0.2643097691003759 4.994681315366992 14.013639887794515
1.4665153655837337 0.24027927491238454 3.4511404128133973 19.422883746145796
1.539490901788798 0.3331033930012043 5.855335847459177 3.3797608597164146
1.456711808807496 0.26088483649749383 4.983606563454337 7.554929988079447
1.4867310940457685 0.4205612780052018 5.129017780703652 2.828260600567653
1.5903965280462993 0.9634081985685716 5.831814113312287 2.1523172081973643
1.5546346531402682 0.4129198579540623 4.8521900132869185 2.84498553228683
1.497421059092707 1.2307643071475398 7.017534033840079 2.0368114324565467
1.4423670975665157 0.1953997695230059 7.617735009341209 4.505825216357982
1.4573678470962599 0.27012756546867067 5.128443930279738 6.213162367582003
1.4306369484460695 0.2086823415434068 7.62519735406145 8.973255746821385
1.5217439694055188 0.24453060545438193 6.443610654887047 12.973521807727604
1.5699494375087824 0.4839966779074538 7.59573408831491 2.675350946371513
1.4328574894629624 0.19527338747911088 3.7638961898022654 6.54837870749213
1.4757354548539268 0.25563279385685955 2.365170808553455 7.217361859789005
1.4136707789028202 0.22269142296434877 5.621539749461743 4.184905235148107
1.4350979726586492 0.18955725628168527 5.726318592173696 6.250863250064812
1.4622648120802693 0.525975998298409 4.016600773243131 2.347137893492027
1.4532422698819047 0.6075826000771652 2.9892914824921504 2.101089260602541
1.5018650315567212 0.2772765489239733 7.484677851937791 11.143224974234814
1.4178748124003935 0.6123075666904908 2.8229157232061035 2.0952009168949104
1.4372006172157363 0.2649876990054948 4.223119474848259 4.531167951214606
1.4478898456111553 0.2220529537578674 6.786812794916324 18.850286770882573
1.4997525997321064 0.2197812938769292 5.7238429288907104 14.108802133530677
1.4199637902638074 0.21523225403069035 2.8993725933534176 4.25453010451533
1.5061088066485477 0.23713886747649218 3.1874751184429337 15.378188258630942
1.4992127461719025 0.22035626224071814 6.638626735827144 10.74799101586679
1.5047717614685725 0.28373432515307895 2.977682787021135 6.5428450506509215
1.423558879635947 0.19150022615396975 7.916152681630842 4.692873855332767
1.5519227932708883 0.3579353069601069 6.1159859719625835 3.473019505729613
1.4879603058246267 0.2880632270835512 6.630488460743955 6.832200098956378
1.523679678040399 0.2499907617277782 6.919249523218928 13.724544771366775
1.4821171566379976 0.21349123807717907 3.4077302345674467 7.253491292747864
1.4695535687812475 0.204928641157428 3.599606240575544 6.59331905706992
1.5167093722546805 0.26137056648303275 5.05008335828542 18.07567081874997
1.422538590325657 0.19792579349766007 5.24582935683185 3.9216933765757895
1.4919592038226916 0.2620818824787285 6.476790275554929 18.680733354377608
1.4256356918790793 0.2652797243159765 5.744021067693881 3.784473918598928
1.5209939859003776 0.24493065116356835 7.841719040013129 11.572024513309012
1.5214313144985594 0.3191326599702407 5.282461435750193 5.0062489886469965
1.4713609155149818 0.7824028380409771 5.2943250404661955 2.0730513524948315
1.4972931600632573 0.3050706879497855 6.238094416257846 5.470654542865639
1.4806546328348664 0.2085578805824416 6.321931450601775 7.860626129177277
1.5068337980909985 0.2708365254368716 5.059873845816269 12.50475463445406
1.5275937017087884 0.26376628333279095 6.957100915028004 10.520514485201865
1.4907236598916835 0.2195523546894036 3.497664459999974 19.046222329710535
1.4523081353626999 0.20634717325444366 7.0174049758909245 19.4719907006556
1.4983103644688853 0.22733216866214953 3.323670604591758 9.15882791777326
1.510190314121921 0.30275663590034924 4.005161329324755 5.587122218406497
1.5211841059624343 0.2529469415115843 7.610230446714717 19.850641284662974
1.4897820035810319 0.2129801721721352 5.668504415469565 19.663345600511207
1.4532975719345211 0.26326665510383296 7.578854546894009 6.453374135229817
1.440764940973883 0.25392505068466376 6.31886215116549 5.745566223206934
1.4236966663491417 0.44083794386261255 2.438397747331175 2.1902812453161244
1.4360566279002258 0.2566769452355586 6.952723691384863 4.989190562671353
1.5245838514350418 0.2673675955736407 4.993518878867334 9.78510198146582
1.4302430871891492 0.226193131964656 5.276301330717626 6.505084614638587
1.528690221718359 0.5558140756009098 6.354155598532122 2.4950961089197636
1.4819488344939173 0.22590517429986479 2.927008012621738 19.31322125703893
1.4414318787764973 0.22952013780164593 3.0433524999428245 7.116547812447713
1.4554018493602427 0.2246371092004529 3.792653341546249 15.692905790230283
1.4698455936075285 0.28368836718260604 5.164074325845279 5.579104570852474
1.4448062416505014 0.19708857104110653 3.6748515211296424 5.19641546247512
1.4997845161019612 0.2503427736297189 2.532569074161726 5.919199523155102
1.4680448932559882 0.3647148984964564 2.8881545415518732 2.9403947377140436
1.459835609695129 0.2525260522857566 7.617090991536075 9.873948092514222
1.4367956458166422 0.3555147639356254 7.856476307605996 2.7454901994497325
1.5326390949606914 0.30523462454899297 3.646206538515726 4.228088689346536
1.5114992473931106 0.2724259740078805 5.676387011310364 11.266468478992548
1.523534154685811 0.3020819503423918 6.676831806634563 3.5450293414348097
1.4871288277352654 0.21412339649073198 4.700477188553909 9.170512668840978
1.4899001780212164 0.32293051721430105 5.428876624903255 2.6902364969681667
1.457210489495865 0.6402677435866484 2.8130141329436396 2.18766161457037
1.52979402107851 0.2774438205681329 7.664533311734795 5.217751144357955
1.5123907766067464 0.2434765664265191 4.4067693044427445 17.416880086341944
1.5160293083398 0.4177221686029285 5.449689313711873 2.997633771917239
1.4930101018783795 0.2164760986753019 7.91734084897686 11.318075490089072
1.5160756592390308 0.24785119945243386 5.237516639374984 16.426634713900587
1.464642442492993 0.24607210694895068 3.003270967031034 9.164929801963076
1.4834520506471418 0.2539182042279154 5.468115892701547 18.17421344400296
1.5162589622840303 0.2743676040779372 7.604257238658678 10.62695158086741
1.424576286918343 0.37407511024574347 7.515637611121618 2.486962672223942
1.463490218077343 0.24806246789613567 5.75723506145983 12.06709213249386
1.5200699223186023 0.27331206758907817 6.491373354727271 10.031153032397835
1.4970183629642846 0.2601893463507029 6.66516945304883 18.303194448491652
1.4417430872298436 0.23316456234165708 3.770442195807782 7.405862324720992
1.5045061666716593 0.22765275286201522 7.864878953696096 11.250865676038478
1.4302815249647347 0.21679329627079813 3.675031005653547 6.051019405664631
1.4521997227927654 0.1958433195115398 5.269751332069937 6.496217169691596
1.5412038421623984 0.6974688987835428 3.3759031594858104 2.185601488200952
1.5061388421314925 0.3562612489452841 4.071591367650859 3.5483265153717083
1.5262773651258101 0.2697753226985718 7.708846832630115 8.877452998730803
1.5074039830885941 0.23454030426870512 4.45936535536255 13.4577822283522
1.470721469493654 0.6240264925353732 5.304734978342947 2.2478856253856945
1.4790190500886515 0.20933725558482233 4.349415207656229 10.644113786139872
1.4636099578968245 0.2042836780858799 5.8624469866585605 16.24738243351195
1.427992448373084 0.19702612354964058 4.853706736276266 4.486260047922796
1.4924289457762057 0.25209940117402774 3.579705898751939 15.336532926410792
1.4933541589770547 0.2197695452859871 4.575102489997292 15.732018373561907
1.5063819477551057 0.23863537057702447 3.969439153397659 16.861706335413963
1.4981448624261384 0.22272075864418128 5.330071118307524 13.419729530782899
1.4708536651275121 0.21777914043731758 2.918533693190221 12.232462673524203
1.5033253201350738 0.2637435459811542 7.335059103575086 3.886564194985594
1.4324751734926027 0.2141031345384191 7.995370818196507 7.643749693101309
1.5430411227408662 0.3337322958923926 7.00324562971226 3.9726965658305087
1.4655964228637297 0.20275906164557456 7.804221723020969 14.900810841948603
1.5370956499059478 0.3178425576392274 4.686900212915466 4.278978567251757
1.4282314318908083 0.19792670601060713 4.4563684892695505 4.763592619291934
1.530490557047395 0.3715840350656703 3.544187558810833 3.346457186391839
1.4538155006711206 0.22884337399501137 4.993034068405845 13.693552934980648
1.4515318762209988 0.2713940437666785 7.1410419467956086 5.107467828794544
1.467996125888288 0.22991753666493206 3.1834101693169283 14.860061982305446
1.4288587461785651 0.20929624777624442 3.1538922124775897 4.937995905154676
1.508924339527472 0.31618019954210425 2.4181815363944072 3.3976520176000746
1.4443856037149778 0.26513831082552264 2.4971273333817434 3.997445914637585
1.5053959894427869 0.38523159411910085 6.727391230440611 3.218378230854076
1.536451315732195 0.34336756081666725 5.938929681264355 3.9643432913018515
1.4402551616877886 0.2088802073891721 7.09744553306014 9.747437588588312
1.531256988611113 0.6883847793114227 7.646943456429802 2.2978668030398275
1.489780222430657 0.21775590674105538 6.431898622479138 8.374458046891364
1.522421251773785 0.2692928469076439 5.689844147938663 8.69441244440349
1.4982482792542 0.2881864707082597 2.459047728765733 4.446092394377308
1.4786271525869983 0.21092843907888617 5.186492074456528 17.67176039941581
1.521090543365784 0.2561556560406576 6.393298824076788 7.857461012657863
1.4208350983624465 0.36574683543195474 2.835248562179303 2.303991045542808
1.4349491821984408 0.21359124564175086 5.157973008882016 7.507558995925541
1.413589312593137 0.2443300789955896 5.933611202995056 2.858733318763714
1.4415616482254472 0.34055177424020744 5.596103509480398 2.886345532257941
1.521032841392269 0.29501652999978345 5.326696222627808 6.014218715289305
1.5230957140238113 0.2773528366768625 4.877095399678945 7.133117761449942
1.4496321284730636 0.20295171228203568 5.268499103399538 10.44479225509005
1.4672020057215203 0.3182775241088381 7.540476356455816 3.766211092394303
1.5098449967840597 0.25515480908649785 5.951799648773708 16.962636959493754
1.4714638889473526 0.24473545241622555 7.87893187305914 17.898676354734025
1.4377174593242787 0.20898341595865202 7.75045924982124 8.72649138592288
1.4373093535680832 0.20750937138530856 7.963956387292464 8.531758952799724
1.4187800418322327 0.22965820961285147 5.221733418884149 3.9629772668997783
1.465984129870559 0.2072664025143219 5.891673465022309 16.871791199494417
1.4692088398203467 0.20494018649158002 7.047987942150718 14.32836288891336
1.5330286408908953 0.38115623681762467 5.600623923886971 3.3657468128206682
1.516304490525612 0.3989927020807063 4.28770415426018 3.0833450717383286
1.4881855620054547 0.23935043173218162 3.155370570760434 14.861613554045084
1.524125483463017 0.2886562611508468 5.983159285797402 6.421098762676769
1.4364679088395387 0.22672868050579997 4.8806583323640975 6.819775283805846
1.5041634884086958 0.2343671733415133 4.730291380593252 16.589104840278786
1.4642249836743226 0.24311886477708977 7.858983589347445 13.74108244581246
1.4938858432193736 0.2207820677874055 5.657931251854727 16.167128848274455
1.5158655633535936 0.3935747284041274 4.478574572432301 3.135366966613251
1.4935144754143355 0.26781381989228925 5.735314183643896 10.086914489209656
1.5100110018710917 0.26550326533814783 5.426072813693613 11.088935589682485
1.50110816442925 0.25298063462987275 2.812628723620807 7.122372000915199
1.4500666849237744 0.30224657310841685 4.790741028203392 3.5900391619297567
1.426608590171552 0.3584696507332509 5.124673976103159 2.5389420797168887
1.483356216866107 0.21214250020300848 7.438401976860527 15.563443178092008
1.41629886618 0.3895252131652458 4.7219982911430085 2.281782594688976
1.4678080902189616 0.28032239884381016 2.272366304866485 3.9483481870232424
1.4437535673146709 0.2375864393200819 7.241607756875373 7.5239417638464055
1.49107167741395 0.5019851743595583 3.3429366025100755 2.2300340738793696
1.5022198904925685 0.22909855604927665 6.898186640819904 16.86018221010102
1.474330857148116 0.2162605500206208 3.4532623127285627 13.301491956568253
1.4889764561062375 0.2390842532300508 2.74479311750495 8.721065320798914
1.417225389599291 0.24682629344681647 5.744592737763683 3.360779879709276
1.4631554357955858 0.3489317468616614 6.771609930268104 3.1309242962633412
1.491415372464732 0.2553599511726021 7.937730922094972 16.581754984847397
1.44638250199848 0.24391454252149256 5.408863887825085 6.808778754838844
1.4584618117785493 0.20126307817604872 7.951851844891581 5.96105470013852
1.5206582301328446 0.3723148211177563 7.432667428004877 3.4516243157329365
1.4897969472718593 0.25180010182453605 4.573365763432051 15.000835079290471
1.560114416585217 0.48260638296890984 7.171309144852821 2.6403701646348208
1.5100926400993369 0.24418444527121513 5.374328295290122 7.122806956726576
1.510047124811571 0.25118190831488546 7.071579775938766 16.62222654540157
1.4855584332545007 0.2584245806606978 6.726653912826351 3.451951711071536
1.4174576111504864 0.29374136036410964 5.260333588033078 2.5019981805606037
1.5112149757921851 0.252423885833047 3.9460106795109215 9.113403162571137
1.4878533144753328 0.21821137130562987 5.911010093313707 17.670110956844393
1.5235088270955164 0.37870694672799887 4.846908987123555 3.314362439711287
1.5509405540549657 0.43134196075559844 7.6507334333553265 2.925429688576113
1.5011394065212877 0.23741305177246094 4.684590427762401 18.29062096031191
1.4256187323792961 0.21296091786970506 6.796109399175611 5.190119447256627
1.5077108698913193 0.2673042015610584 7.844626183521205 10.695201766956377
1.5282550432309727 0.4078884099198056 2.9039889620741652 2.8426115331635478
1.444176863015696 0.3214381899582347 4.990281069612056 3.0926416203584877
1.4693796708954436 0.20836409088426994 7.982259888680374 15.80445238308981
1.4695833787467816 0.23593502120280116 7.011358353222004 19.440106452213353
1.4896441980411455 0.2539179280901392 4.380004778755556 12.62253138876717
1.4790763955816448 0.21341178770977487 7.596102751522875 19.08033828354962
1.4691934374787499 0.20608273123228624 5.802830323326232 7.319975382914224
1.4935333459170852 0.25345009096173504 6.378073297715708 16.01280088564086
1.5056428325860522 0.23645465068178417 6.831148350702822 15.602475545768883
1.5388688496007443 0.35034166586096166 5.506803967777649 3.282153640595079
1.5108421217889902 0.9677103075023743 7.071444263941654 2.1242389763423035
1.467709065678167 0.24820037710879594 4.116204770953814 9.459215579939308
1.5280350751522511 0.34166398293112527 4.886287002482334 3.8564679944089204
1.4890255173074083 0.2568889324537043 6.291633415655806 12.817759937302112
1.4976397770748617 0.5950924933981495 6.0676975484924816 2.336159689660652
1.5041212114031666 0.27737462539715824 4.660905999749835 3.5739565326590625
1.4602968075999745 0.21498996375029378 6.863009548082618 16.631156391555486
1.4583131275263277 0.20330294321483297 6.854963282654967 5.610137710985689
1.4800212948481564 0.22542766916852627 4.113083004782503 19.892797832286053
1.460843248925191 0.2529177589762318 4.897246204742384 7.517791029757138
1.511098557952127 0.244654492293104 5.742443043372473 8.576407649507555
1.4536950383030343 0.2829887769646602 4.175909582941571 4.174772690359695
1.444550596802416 0.2034907468861219 4.973259038008361 7.706188154821268
1.5150062309889334 0.2546262026652049 7.66220879209005 6.13853742504506
1.4348904049308802 0.22305706068547945 5.908738787607274 6.383123356644038
1.493682555639143 0.25795834730599293 5.619077581187417 12.220560551848
1.5085887734061274 0.2668160683414505 5.223147210186736 4.178836288438644
1.4505988178885953 0.21383955563412585 3.1201574976506983 7.416043895864679
1.4720980371135433 0.22531397658523467 2.8609981812730183 4.730570815602514
1.4247374501279486 0.20865016867122166 7.55968876175899 4.754658713518925
1.444531631013932 0.20368989518280406 4.232867909507531 6.963487079723418
1.4379824707954105 0.2152476586037759 3.0068126839169946 5.3215880692956965
1.5013499408047486 0.23684326373441864 5.099617092092567 15.605711025500236
1.4688864195179707 0.23177875346758303 2.8961447129431708 9.127759245377385
1.4938559565165495 0.24637842157743495 3.1048389985532037 9.27475559199372
1.429154572747942 0.21634245846527214 5.878485549371438 5.421096984818021
1.4544633173758699 0.26542119831613004 7.437888954075068 5.418979392785683
1.4482460401081458 0.20311046813787415 4.282452608524634 7.110648277278772
1.4924709756258552 0.28483783706726507 3.47147105444883 5.432663230421559
1.5253904001541927 0.29038138662495044 4.609775281796257 4.630455461077528
1.5076626249657816 0.24769118195908016 7.871070066986585 15.00778542821676
1.50771199526696 0.24403245197312373 7.485249296429429 14.338244886644551
1.4658071568208864 0.311344373299713 2.984577316192734 3.5002650655499594
1.491156059273696 0.23307776391144097 3.8104969891432403 14.25157759851053
1.45576916694456 0.2908414443541894 4.453416872531504 2.6331422469593027
1.471133055830241 0.285016657768492 6.417021732381767 5.04781358088753
1.4217022949493012 0.42086676144436 6.45105620731569 2.2230035570646787
1.4809584325268124 0.2662864923836791 4.020201254008681 7.09669817845975
1.4296487224433123 0.2343984322549391 6.784172392619407 4.776835705016669
1.4894525507753773 0.24023647609532323 3.0249025100701745 8.970089876232663
1.5254279134827704 0.7439773335435145 6.244748246706146 2.2335292969108163
1.4795205875513018 0.22191713954312964 6.451736867179543 5.251423293584207
1.469797647481838 0.2080154495865445 6.78675902466622 11.138737785693683
1.4944975368690598 0.26473967606236043 6.414635706619458 9.52694147342198
1.474700631903942 1.202852202855745 7.874728686318989 2.0331091470256952
1.494442337530777 0.23641024521652457 5.5128511988730535 19.79743470272362
1.44308837843705 0.22061624514889125 3.6809784317083443 6.782485997251747
1.420064006138131 0.25732984179837565 4.089952062822519 3.082678517288282
1.4530221044077678 0.21312386053305266 2.881767723217913 5.327196318693414
1.483837271212229 0.22642846491383498 4.951663581113061 19.22620772942033
1.4665880319610962 0.25399672800250667 7.38443385228459 8.352958090142153
1.4402179993613262 0.20627401358920422 7.581431266711688 7.336109228567484
1.4823078501642573 0.2232439718931892 3.8324759343830572 12.4194512900685
1.528219514448864 0.3163395386514375 7.944900508441838 3.566859826777809
1.4790868451473667 0.21642788035955857 5.4068428735193415 13.979293617749878
1.4806022550222466 0.2166268427102626 4.640212111713624 10.959261437213279
1.4987853131381539 0.23677940702902955 5.551227142621124 15.79712198166357
1.5333957463994614 0.7031732118345008 5.648099570642505 2.2710385923368
1.4846958834139352 0.22051104705099173 6.839105904510276 6.633690089371308
1.4964860312431547 0.23320622687245332 5.2318219402724635 15.253605729249006
1.4911243994795158 0.24125544608932878 5.859052851011008 4.511597144387324
1.4877547810394631 0.2196755011360596 6.498679901483858 12.13649544573118
1.4291197956007455 0.3329382066024888 7.0113224217822125 2.684859579992543
1.4682143399223093 0.24065313307674893 2.369337596648393 4.707753937182252
1.494274288854665 0.2561006008420784 4.849685941839301 10.803551763590043
1.4972796229817233 0.3400523935997846 7.453821791756296 3.70792563281354
1.5245733687953138 0.3525106132517404 4.293458659263003 2.9509286623967887
1.4798531893794797 0.22151541981062162 5.887691440004673 18.90928895572053
1.4827180942059848 0.25099132662499524 6.667432970648834 12.353964854923065
1.4497621447743552 0.21801437153877604 7.103265198725196 10.108021056751575
1.4776137959118674 0.2685217728697316 5.008369532659689 6.722546960285035
1.4585717930098014 0.22569030469462215 4.595460282953754 11.021829465890937
1.4854652472225092 0.3201028581690256 6.52323305939985 3.9676216037638534
1.4787146490910517 0.33767235265657 4.458781928370737 2.55251371790085
1.4854935213868248 0.21929324538300451 6.861194349483116 13.68008231637634
1.459115019149352 0.22218378841897377 5.839277868743548 12.56923536547001
1.4351092474784364 0.3941837986708534 2.348750605074831 2.3031418267012183
1.4561056387379585 0.24714623953418158 7.747315995297698 7.513630908898216
1.4559526300462533 0.2263892364546304 3.358496293133628 8.12577252905131
1.4689179785602544 0.21141435645086218 4.353772439262109 9.503540999745686
1.4631966697087917 0.32052500515820037 2.162961060262176 2.635110350630899
1.5314362545236682 0.8848845401725415 6.914456796616999 2.105358343825137
1.4816719385006607 0.24600664975467637 6.233091423031175 13.767967730483143
1.4369812049596042 0.2379332579676884 6.0876470013689765 5.289459247994909
1.4543999850728402 0.21195336838178372 7.384890984707781 4.299589168098375
1.5399843816780732 1.115949116321315 3.9751424538829334 2.06960370647885
1.511696162824269 0.2606474853149227 6.301850268104033 5.062599291023713
1.4992076228091502 0.254547179952439 5.607853270442893 11.373703919452009
1.4671279273714217 0.227424171025006 2.661427851957604 4.798620765314514
1.4723058314468445 0.22028070017338178 6.204070310440919 16.91990030489125
1.5023426581719832 0.26150192696785884 4.140871520084788 8.263955978709715
1.5005730910967883 0.25438762037767365 5.044379653816151 10.736714871832008
1.4929819872692698 0.3122511504429313 2.374395781268256 3.292659587767
1.424338860440217 0.7048822318307669 6.594706940646459 2.081628777678359
1.4255285523116181 0.22958059728267421 7.196284255930255 4.254723595754104
1.4601860075475068 0.21600328201029145 5.675928487294817 11.966668087178386
1.4406783341261877 0.2528610315390807 2.449371400679248 3.6129783852941064
1.4387189055415455 0.20115568032132564 6.82900812407669 5.106557612744766
1.5362439389638087 0.45173922906266 5.997482210323747 2.779553737453602
1.4634653498948693 0.24432369382503855 5.513781764174713 8.830293716914847
1.5039339738684292 0.625379633259708 2.71551886291763 2.1687910976136378
1.4832971462523252 0.24407076690113638 6.08734996730466 14.167285765356047
1.4692629650844342 0.21639353414909404 3.9042617399933675 5.358011394096381
1.4593905592785503 0.3966514267955771 6.321767769162098 2.667335200269119
1.4456277785898526 0.3154982088882831 4.48229256044645 3.1080593979551554
1.4628619015065842 0.22822957587884554 7.331027893878632 3.7718955603060076
1.459538996826832 0.24596682798602149 2.363400663493301 4.388869899436971
1.4641916860160484 0.21188681631888437 5.566591542344066 11.037929111493096
1.5108621863140965 0.28812940591876085 5.081067360304196 3.6270862218721494
1.514948618899418 0.2741741740805343 5.556105426435554 6.557059884859754
1.4288276166883649 0.2923385969981318 3.5513057909490624 2.914486511762732
1.4620757963928965 0.21113998188494112 4.604402120344847 9.492893074640184
1.4523635502883372 0.2179895400948576 4.520485360058181 8.818396843585639
1.506158860642853 0.29424235921486597 4.273283230206657 3.3405404778719223
1.4331486231523782 0.500945716655372 3.7603704480132114 2.225861793843194
1.4765736921269894 0.23630252392457068 5.241571248067148 14.154527583912854
1.5228950579718559 0.43318525522145934 2.8013722668026686 2.5667829756695877
1.4947264656066999 0.23667100855843204 5.03770620261919 13.435847279360555
1.437135728740858 0.2981773727079371 7.13106050420228 3.1854354147850907
1.4283901416154892 0.7402369747105172 6.285433386540278 2.0700831572092295
1.5030819716399781 0.29039274799728326 6.399629738820472 5.632042259843897
1.496810763833687 0.9169671710166863 2.8569450907635328 2.0689581087366635
1.4859129027135674 0.22535595164941363 6.288186536865363 15.512556413175329
1.4622734756856222 0.279290883896909 2.6846252036835714 3.9648022624976287
1.4703335069940193 0.24298596001180967 7.920044118464981 11.103314114212099
1.5109311828527474 0.2867721243756973 5.245897023396156 3.684025173686189
1.4748266667743848 0.24715505255913275 6.328359636265686 10.468714503509359
1.4537441171507326 0.2151188167095282 3.469591330659501 7.130297905278887
1.433782575634282 0.4378704557376533 2.7324116977923936 2.219274289301319
1.4880305289594555 0.22664143286721714 6.0114515434304 13.98026013267851
1.5622539568236902 0.6808189855629927 5.79456390312466 2.277436155579493
1.4615650234900546 0.20939621108693915 7.198030753298706 5.362065472684108
1.5103046260769022 0.2843847732150755 3.813365352016061 5.269800606248028
1.4895694957699526 0.4849601661550629 5.361024500222817 2.5047335495153042
1.5132776462985724 0.2611489850309168 5.392977027451358 6.313702946543044
1.5198757092614754 0.3180570499149548 5.398107317601958 4.247727754300868
1.4798210796974567 0.23569584064792756 6.646195767117516 15.639588746733931
1.492975446085761 0.22755013878866454 6.844369883886645 8.248298154906037
1.4350777807417996 0.23929816451497402 6.595155515620632 4.7947423110753515
1.4624254073979746 1.0738989016739784 4.354154423465013 2.0642485346863153
1.4356866620952795 0.3195028924837941 2.807515043714794 2.4551881152601815
1.4936422529315194 0.2460085003419553 4.805224077808206 11.386338017212111
1.5187435008507852 0.3332681961699527 6.463889208416335 3.0636370896983047
1.4630287183701636 0.21071155232468555 4.135837340125053 7.103257653238739
1.486425311888811 0.2266683099265299 6.960213943701819 15.08277523488798
1.4782664416709337 0.2184891217142508 4.8121591033765165 9.915156129482764
1.5294268939479405 0.40448447561843137 4.6046404931959435 2.9803862183284116
1.5141337223054099 0.2809866552257597 3.79738146816149 4.832522796766979
1.4886446792036745 0.2253079193964752 6.059957708084278 11.118935157283188
1.476019974996945 0.2233314682573706 5.020257287117576 12.905811857145707
1.5014311718718985 0.2400772800041705 7.0948199260425255 10.37078250790137
1.5153454801754842 0.26478801732485246 7.233197070332261 5.907103591194037
1.5213429978301392 0.6589785848342532 4.888703359118376 2.2864846227391564
1.5221847730884015 0.31012309213296757 4.039107959067083 3.933022656688421
1.4705959660196748 0.2683172209862336 4.92134439253969 5.70836179132932
1.4958425375765407 0.24201041478214566 4.072392996881467 9.03007290158202
1.4526930858731235 0.25805903698814175 4.535957064140026 5.05421948804845
1.487604976445275 0.2758940863980932 6.121766690293999 6.1783335788399025
1.4873113396547377 0.3935206956441399 7.024535003042497 2.8999727686001076
1.5400762923999085 0.8396494383946518 6.104310221502112 2.1842754059503835
1.4660524506843373 0.23729360074297481 4.500636568030887 3.6013337960633036
1.4341256850188882 0.24720933298278608 3.4976447169096248 3.8733105709523645
1.4607878981796885 0.2183662899266782 5.157963643965204 9.866599097823306
1.5244720812818149 0.5487197960627039 6.929775680407675 2.455603794057951
1.423940495713153 0.27685794450174245 3.970802816345362 2.849949155434155
1.5601507224696454 0.9637651620769496 6.899263747506819 2.1446552038321025
1.4549806159120364 0.22293944077650374 6.5112723821915335 9.20895981131385
1.446038327024294 0.671117731489041 4.994642987688634 2.144602847613621
1.4753704186590182 0.2572799713787069 4.741114018080616 3.32247989948248
1.4393215446529992 0.23354791715424175 6.384118590821638 5.407605482751174
1.4651874789248458 0.2189047777334376 3.6125443871944665 7.834096909559422
1.4519716652400767 0.30460023909811046 3.483336095770617 2.5609810275840514
1.4440436514481463 0.27987801221048453 3.8752635764908545 3.570954008181694
1.4438722935309214 0.20963015510968397 4.8337432426398035 5.941707246607919
1.4837068640810718 0.23758681454263325 6.062336554722827 12.874337249090015
1.4779032494386168 0.2489908275452371 4.3564167129927265 8.38873406992042
1.4709284117199073 0.21601858795726833 7.453864891916316 10.87389253086249
1.5044250103086654 0.4708504563426374 3.8849524203711567 2.566330843722376
1.4536154620731052 0.211268223357171 7.7006854008899515 8.393999759963549
1.4773259359059763 0.23774219874641012 2.8429131677823465 5.776955880481156
1.4977894268619205 0.25605898725265946 3.970193747868005 7.373132122329235
1.4472769674355643 0.208473711349602 4.6057555647551975 5.780584390735353
1.4666407014318774 0.28540084159163304 7.525767526337484 4.480523361785277
1.517513050554386 0.2911403886704939 7.188859995631992 3.955512113651939
1.476478255560954 0.374198732872389 5.03485228252855 2.918165713270122
1.470783051532299 0.22209046349922543 4.002791114588856 5.049134355801257
1.4945728115127879 0.23272281990305302 6.993518410508896 9.075069887229725
1.4324406442045068 0.2825960023208743 7.77264343208459 3.1967034683038182
1.4332951310507278 0.4243836399085249 5.322601457455993 2.2298265949280736
1.5001790085716555 0.3423591270685291 5.489783955533204 3.5309426842777913
1.4873416427161796 0.25825641187799736 7.688527194488323 8.390530034319617
1.523868740588402 0.5861967126212143 3.0247196616877914 2.2553874024703298
1.4674904463161047 0.22294589050688984 3.2459767563204434 6.294782561098545
1.4605051598970076 0.22380200668627562 4.773153901895307 4.051508247659626
1.4733087269802858 0.22433935308331104 4.182057708241869 9.212040165109972
1.4941261924031193 0.23672097884985263 5.785871416793353 6.151120510336259
1.5081170769263226 0.5327925051039701 3.6639220040402494 2.413754615149225
1.5135068745722406 0.37011477600729814 3.0090038319628203 2.9832407083923886
1.4562182558677046 0.2620819333490897 5.234454082957107 2.9411422464640595
1.5121279461092456 0.3965999645536255 4.647347988808831 2.9680121471966503
1.5017787389877384 0.2579960831779632 5.284850540658702 7.555122982243866
1.5146832084470363 0.3416042890207666 7.699792176077055 3.6725601297482093
1.49981342566611 0.24721918243407018 5.158173518260909 5.614895828818431
1.4228928430702268 0.31034879927468423 6.309705721300213 2.5157974543911847
1.4274594963036535 0.3645736288881073 6.913024450090289 2.4373182300470195
1.4381190431533561 0.2233689239344972 7.48656280218227 5.449421986152242
1.534569266692024 0.566692039008195 6.347327853667245 2.3035916037469826
1.4827768766138167 0.24541981571050817 5.615159671104766 9.653548048630858
1.4605733416958804 0.22624238891124984 5.358773849222668 8.756833352389997
1.482640763504918 0.24671504463315197 3.506016113354961 7.259941907066578
1.520335282797653 0.7840769320392249 6.98915615283175 2.194592535118733
1.4460085585234672 0.22417502731784228 7.466350702814553 6.645049932825142
1.4289859791139752 0.32845812638208627 7.43204613838108 2.6292804728707626
1.4861753094563805 0.23865236291111822 3.3866587167812066 6.3154978010618645
1.4933342894165738 0.23497916544173486 6.352499888046772 8.909772383481508
1.4921587016528555 1.0976667644960345 3.709025799138236 2.046916302455001
1.5601726961285542 0.7679829733704806 7.60241375750794 2.2210551964099547
1.4780264892285198 0.23732715902386986 4.167067075247166 8.945657618019768
1.4909652659402215 0.9800698501553182 2.608598573340259 2.0846845690701774
1.5196195410076512 0.5036250772502856 4.125134932648095 2.5080125433151284
1.5029663859327322 0.24922613520091164 6.278166136011949 7.117378867683355
1.4428297242375339 0.4497321148224269 7.091631159172402 2.3525640688088547
1.53137380103566 0.47501536893848156 4.3698100236417154 2.6061339469323754
1.4889191688026788 0.24902558839545777 7.4314224699433264 4.168724594410202
1.4865968426043372 0.6453686358688028 6.7424153189865805 2.138348673410663
1.4906811178811057 0.27733155145900473 3.718361668648136 5.143233259169757
1.4406056951019433 0.4565970945680673 5.062392666176425 2.2033391983255974
1.4751309211784946 0.37989442047719235 7.583210758308138 2.86687350745719
1.444349066750608 0.26009588556663243 7.973276051688584 4.281254287816479
1.5622808011679963 0.8512872748681429 7.500018316146075 2.1717792785778305
1.5464272105138699 0.5638479723260202 5.331913939327819 2.414308751041947
1.483068214956512 0.365364747991082 2.9846744577736084 2.89635410689765
1.5147975028843161 0.5087399705700629 6.375989910378968 2.508361081660459
1.4881569972303885 0.23504938722996585 7.263660480392894 10.573999986304095
1.5411690552158426 0.5757886078016635 7.581614443913701 2.4144821462948434
1.4711522819761984 0.22786501669771872 4.120188724918775 8.307648136939433
1.4252145449584521 0.31427244564086765 5.552204591374435 2.5016070020736745
1.48706815379484 0.24495745043319364 5.639350235137833 9.228253157868213
1.4996766555153247 0.2560762834584984 5.409471562968115 7.303442508277797
1.4658698036932398 0.38704989872654305 6.95816535006082 2.7321659248646912
1.4834326021972133 0.2735098657635399 7.097153374192977 5.761747656263264
1.4982354405508505 0.25127901077082165 7.077789122485917 8.336691819782176
1.4586322779326966 0.24058347356139645 3.8443762812059474 3.4180438661656867
1.4823683193416741 0.22359957480438253 7.5162255011583 7.627102209501183
1.5457203904363603 0.5705919401447821 4.575930662701176 2.377786918765011
1.4838860587945704 0.32063030380125085 5.93466925671081 3.684152192538706
1.4416988747534347 0.2397115562078645 7.48277455420323 4.9553736642015735
1.5286587024852665 0.399257031062019 3.8928452232540804 2.8277000707775297
1.4772650133792005 0.27755913051944475 6.529538447078951 3.0619325433746107
1.4690091127314622 0.24473069273728668 4.6624404668903665 7.225093735001398
1.4659352617826324 0.22001514246791337 3.889664826218209 6.408146677669405
1.5075875472831672 0.6386785277375074 4.62606206296609 2.1729206985776233
1.4330234039544032 0.27972666012323005 3.966362455723785 2.670371209578101
1.472692710174205 0.2997315713141377 5.900794878042551 2.7705835988335705
1.4659558369496501 0.24475506750126313 7.64437024832276 7.475806783258731
1.5440018485544678 0.8391394975810131 3.942983486252298 2.1426071020434603
1.4683277454876213 0.23187273984971368 4.454801881532698 8.131567564668684
1.489243970175028 0.2344568230256627 6.850847161011105 9.11445328436905
1.4861559672517943 0.2570508044234367 4.208829394640996 6.6870615958108
1.4657756559031516 0.2222710485828432 3.7143962549099 5.176734871559917
1.455753156144084 0.22859466865538267 4.3201558282301615 6.644321532415939
1.547095437886292 0.7446746822979361 7.481507011378471 2.2347862308200805
1.489396884622451 0.23664612211895542 6.787090560959768 5.545518857958681
1.4876753962214173 0.24772565574578337 3.331070394502515 5.156586146784292
1.4506017791063812 0.25085920824641067 2.7590292663431724 3.26942368778077
1.4658255161567704 0.2582221011601116 4.670939459411501 5.479845003335591
1.4841781157322742 0.25890391299140697 6.535347782288469 6.980906664711519
1.4958676415690269 0.24758716134577824 4.563779661295814 6.300989386557564
1.5276669784855375 0.6728878928618176 3.3769097149485496 2.245134237488101
1.4966801737975082 0.29066976499444686 3.804342049212838 4.441294400077988
1.444374895041912 0.2707290031581555 5.40380331026966 3.733772333997047
1.5139669310832318 0.6389099137456381 3.585684754466356 2.1864310832021605
1.465200974242601 0.36269970232840754 2.3454157258947443 2.5667193911585025
1.5080952047388183 0.3923082961510623 4.293615489717484 2.5717433811248434
1.5083708997773884 0.3100172381951895 6.07217282180774 4.164961929675245
1.4755078136185864 0.4206353073428374 7.574587739367756 2.628567346189408
1.4724687806131815 0.22262251184208767 7.755459950215984 8.718267607236582
1.4456500721466476 0.2277023490359459 4.119873026735041 5.067825486601581
1.4993574472548026 0.2501770172360361 7.083936990550339 6.802547398375594
1.4504946426510625 0.23868645632184712 4.092830854231296 5.175228794975918
1.447408867498793 1.837581015744008 6.295279682032287 2.0170369289249517
1.4632804296491375 0.21457267403555805 7.238008605536197 6.382640666714543
1.4947393550938668 0.2942124042488888 2.9737775014312313 3.375711752910342
1.45079850650971 0.21295178204581897 6.6145081678033915 4.895175320585732
1.4729030618630903 0.22804844723918496 5.791103718954587 8.436514922463184
1.4562444423833045 0.22486111109791967 4.471207124510775 6.318703708206776
1.5201809278849145 0.620041895579598 6.632861965454008 2.2151853524266394
1.518843699646749 0.3880366388844634 3.934337739788708 2.9307898136770536
1.4578121496061522 0.23692831699199665 3.1580421123966946 5.015833240702964
1.4710191544073434 0.21881525755410247 7.92326128833756 7.05346724107198
1.5046830458082159 1.309865833599288 2.6609753303706936 2.0392714665397533
1.4916801409563707 0.3548240206491004 4.270643321301679 3.1395104579232753
1.434903783939101 0.30779405068484106 3.317330895241797 2.7071414519550725
1.5196528380495744 0.44811923082050786 3.320163119722865 2.4997845221574213
1.4685678499017498 0.236013192003133 7.949005806794629 8.13406708200208
1.5202312814423355 0.929522110314952 5.691397307867262 2.089335100255651
1.5325033151373113 0.44289230317756256 4.6085166619939315 2.6583173229171684
1.494180115539952 0.31124235821632523 2.8030587409396346 3.2565910331304817
1.4850648172026828 0.2504110365333055 5.160599790392263 7.083842428335457
1.4873729354561234 0.6136128132804417 7.1633792949539465 2.265760694287141
1.4989279027981839 0.25367850926348995 5.696679517004483 5.353351157120086
1.454314293066263 0.3242539841479491 7.177692305450943 3.0574471002252444
1.5227863523995508 0.4027710000760621 4.115992978309921 2.692146319118205
1.4286668024685163 0.25739089890119526 6.862407691507864 3.1065171917582104
1.4847097379615626 0.26059585534211965 3.0578025219960465 4.131560013886364
1.463936951973817 0.26435355476308964 6.51277080748046 4.961672409790657
1.4463847524782967 0.23402178676126426 7.016273778849495 5.245810384468442
1.4661136118185616 0.23990362262100762 3.8951566902352903 6.03063980839724
1.4395181654565699 0.27100659320460735 3.8602480364971212 2.7973440313045246
1.497169703999949 0.27663165361711245 3.4342559275784885 4.07318056786051
1.4411817653703405 0.3952097431308553 4.043123055563024 2.4244237785609846
1.4555572556137473 0.4909688279147039 6.069780110263486 2.1971838249210034
1.4501223014174411 0.35888960910503864 3.6725525125262504 2.3897977248143354
1.5248446692072943 0.8847974155553184 4.428592968826084 2.1042947705347097
1.4603415604500576 0.2689947253618927 3.135585121723706 3.0241572525918436
1.4797580570210347 0.2616965322572478 5.095480334242188 5.722191065363644
1.4654007174109944 0.2713638116063866 4.37028058637559 4.404542857453894
1.4721927567261686 0.2516814323287592 3.0958715402229684 4.793822990800848
1.5109229493786054 0.31260435188255975 4.36080606365106 3.7226615075039997
1.4746075269179446 0.29499445945919933 3.0516525011529554 3.5978231202043824
1.4809983420184039 0.2362608637355718 6.200567352416783 7.557962267856473
1.4741955520909387 0.41205774062887784 7.369664735917047 2.63807204451691
1.4946676951794329 0.3289876559033819 2.952906570961883 3.165924277135729
1.5063575421888065 0.4539277265357141 3.303671191148177 2.545355831809773
1.4888658881195131 0.24497883992653055 6.510046753976196 4.877208257465949
1.4657574379547507 0.22187431320168094 5.976180173510881 6.230611703538223
1.4837654498778767 0.23669518373733295 6.394219045093699 5.282845693555192
1.4337057611156818 0.31050261229164544 6.708932566385414 2.733004268162281
1.5105840656737235 0.4084808584556375 4.430576592584912 2.7975021538484697
1.5230142422097208 0.36646610563953647 5.231258410967741 3.001587066015987
1.4781617308451296 0.3798290458104632 2.538412820355548 2.5121782735566223
1.4549489853129112 0.6243711731208952 3.0209743837301457 2.1206012820613496
1.515453577090719 0.33486305789328513 4.770435431288925 3.3690169802648593
1.4717179034084784 0.2597208292883435 2.8923044721396374 3.770634086176319
1.4411904182216198 0.2833479569918073 6.563439513392099 2.7016426758925514
1.4937245625502422 0.25498128833078726 5.669696323843651 5.798637092873292
1.4555021829513186 0.220617603739781 5.292796519290543 4.947524381738782
1.5073528707289507 0.29960463268239346 4.4078362876141375 3.827846657532419
1.4934612968254548 0.3788895531660278 6.967042467272344 2.5391728882893663
1.4653076168184282 0.2979637401516281 5.913474325615985 3.6226243160970575
1.4616824816320442 0.37850619577948674 6.946678284477802 2.3837329535160925
1.4472475147098331 0.2222923826754678 7.216304619140205 4.9654997694863585
1.4567951803101267 0.2489375890722243 3.3232486336725784 3.4097864523461645
1.4681017308615483 0.23590525231635748 3.757920766453982 5.31592232707572
1.4402009882100741 0.2271570329182081 6.781055365747598 4.076892845183046
1.4854098515050533 0.3150426264535755 2.801404752935793 3.0073228594876715
1.527947494265351 1.9270007821790505 4.521923061312048 2.0283589108384126
1.439548549357699 0.23528387842287196 7.873837395126463 4.137504330339933
1.482912436608057 0.2528512637321699 5.784018639453075 6.107438874508837
1.5217811042796443 0.3968858596991061 6.256317929643976 2.7195639970076226
1.451702969367208 0.24524031583835465 5.300198700402451 3.294392217902021
1.456849971074388 0.2790104073567474 3.415766157784279 3.5416240616196815
1.475939930688995 0.23792931501656067 7.492718953877361 6.989267756978805
1.4955171666716949 0.362930772524623 5.788658660874301 3.0693815802073985
1.5052418857159424 0.5855566046266854 7.679542282516222 2.325902024432618
1.4993012383645798 0.27453655484764405 7.66028974601959 3.9316998769324107
1.5280062890514485 1.7717214886819395 4.103278401777304 2.0329240258806327
1.5118811857620162 0.3831674592249065 4.837728603927607 2.941053356625082
1.4970188353398444 0.2978668552481165 3.8324098490356024 3.325457260429891
1.4406212109901921 0.5672026644941737 6.484511743603946 2.1694809749242205
1.5198051959251981 0.3601740754718586 6.471627247611042 2.986751616465603
1.4349694976778142 0.25793873468479783 6.145858716218967 3.2205339774015282
1.4750993327902764 0.2850913250928873 6.030523108341516 4.175153303806466
1.501667251837262 0.3128587629303087 4.734774802135361 3.148421316186125
1.4729419549737373 0.24904321561663653 6.757570481643792 5.973432145318268
1.4884832896628817 0.24792113891757048 6.386550541251294 5.787738434282201
1.4522743440808585 0.2897814289688425 3.9402475369682755 3.2786881787711994
1.4516970466228034 0.48063142037657597 6.971119523716114 2.3102141623322865
1.4868855698057908 0.26345830361562667 7.015557986926603 5.5005259896417
1.4946568472006323 0.3657171505031451 7.36118049251242 2.6132487275896965
1.4475766496386018 0.28338962152806846 4.160995411407556 3.2589818824829058
1.5443431749602294 0.7688519511266959 7.774241244128345 2.1848969255778763
1.5116199429542498 0.33021947735728013 7.0720054956155165 3.4828461221185405
1.4977790892918543 0.7022114093938548 7.159765284290369 2.135222263504829
1.546499158552891 1.1525670537336699 5.690117564021758 2.078868420527038
1.4937394245597186 0.5625133046701197 3.196384061334765 2.2129064056764514
1.4672930813062481 0.23037171618424684 6.153408672045287 5.917793072713854
1.5201990569425714 0.9020427323405205 3.2746489173312927 2.116107209828867
1.5259757267546092 0.6932777709727086 3.542759566276955 2.2025525135066837
1.4684309688368509 0.24536396824935935 5.172780486749876 5.510832928040376
1.501765207666137 0.4365688900978542 4.157241493548783 2.606720164218749
1.5250745031926842 0.43277182011040793 6.239799448768943 2.6811507188177446
1.4872726430609795 0.2787724424445141 3.377085427527061 3.7093936470545845
1.4990469336605412 0.7757439074295394 4.0383435427114875 2.110057004995664
1.5143444092496081 0.36633273308704406 4.859304527819111 2.8616795090012905
1.447573059787584 0.2548576868438931 3.5357908901678545 3.5280472168142687
1.4973505129473548 0.28551349526316655 5.944272635041531 4.360590070741873
1.5216324907279768 0.5745060149623644 4.264102439002299 2.2771326589956375
1.498754873380304 0.27746803490645794 7.7655589641239535 3.89114822386085
1.4844534709123238 0.36314299048884136 7.18596990239822 2.968736135355252
1.4787158350308514 0.25087998583565707 4.290826876115787 5.075877739729726
1.464674596677669 0.5989645094741466 3.1244476950368467 2.190914017588475
1.4579534289344531 0.9179313653341018 4.199651707032895 2.0742241475170156
1.4432160367384794 0.23236156346694875 7.703173960349361 4.0162505399284765
1.4878302170263369 0.4916687624360907 3.4057353101017864 2.3884172660933434
1.444182854285271 0.6789613447331814 4.349758937801742 2.106818995165356
1.4719039819080297 0.47143345939531167 2.9368954148858655 2.2656443693269246
1.4567190905342222 0.3225078448352122 2.982770494718364 2.8051900517645874
1.5040839391608658 0.2879977090914292 6.813758872224485 3.9779450193017034
1.4982959811251102 0.270420257875739 7.058343560627545 4.515685764594247
1.453458408356938 0.22809058111971933 6.804339900908233 4.772787293577043
1.4588827139178515 0.2506344314434689 7.037936564023306 3.348031113055742
1.441094606242466 0.3711945937736245 5.471981871681275 2.4663317290557254
1.513071913219668 0.3783737826745192 4.5647990760368184 2.8965147785276035
1.5006178381859736 0.36895289473489534 6.253389121656607 3.009453018891013
1.525513920123436 0.7188589510555841 4.313251392368296 2.206240217949175
1.448609516379948 0.4309085923308474 7.952740487778769 2.267744264023373
1.509765663722738 0.33764179137248473 6.010493608381352 3.3015487362458016
1.5001076148437633 0.2930395972412131 7.522139141386276 4.155936098871703
1.4724825846834735 0.23482625274214702 6.515086493046844 5.443591181773018
1.4861269383684261 0.25924408625661194 4.920984274908089 4.886855766900683
1.4845705265535167 0.27842980475841894 5.475444129367596 4.4137687771195795
1.4647722084274148 0.23148317972416 6.180106803090657 5.213570931327617
1.4515957765972014 0.23814084925456486 4.560440228894683 3.7362522383802945
1.4973813497706627 0.3030780619681942 7.593213539780346 3.9166159252617287
1.5085817014670768 0.38183766149407794 4.663256836136777 2.8780194796405034
1.5148031110056874 0.7358080227548282 7.6847821332664745 2.199246574845401
1.5093260535493531 0.39186823962054446 4.515449083335266 2.6475899513815033
1.4893564065425333 0.28113299455363394 7.173472409113914 3.4298300091847005
1.4625047983369843 0.3262046995163569 3.5199650134913543 2.9166551764883017
1.4762322428419035 0.6767035249539459 7.2550906512086 2.122856763252247
1.4699793602257858 0.25781091485830937 6.072123453605203 3.454876158861619
1.4508051213474737 0.2695651489648547 4.38623581944574 3.4992225359944014
1.483440855080845 0.3010599207674957 4.219719689007867 3.605510554795419
1.468271430852341 0.3624079739431469 3.506297074725885 2.7146590640408794
1.5075535398527915 0.5814927008369094 6.036360288377909 2.318660828279822
1.4430748589068676 0.24760762139431092 6.311943515864916 3.5662761986922535
1.4709232563055215 0.25487055842297973 3.8312596449151517 4.2893742389450145
1.4524141199863687 0.25406925562472893 5.016519647083076 3.937080120830937
1.4728489347864717 0.25633271775500227 5.82529476323738 4.84407282217145
1.486569605314156 0.3345455705710478 3.3864300117006647 2.791790981437174
1.4691056825802296 0.24433962702862788 4.434910630092209 4.365375070488399
1.4728804745778903 0.24290629841529168 5.304382446409511 4.807332358568543
1.4695952339535767 0.23926957679028632 6.636864856972482 4.982562187542753
1.4549389803163713 0.2814713454432038 4.4494893743398585 3.361078760162745
1.4912923375696856 0.270365094886902 7.749563156793956 3.941365700605483
1.4823943744374333 0.2907985172009888 4.430162320543278 3.754913904495486
1.4974812286045207 0.3029507727753966 5.04952342206146 3.341013483482417
1.516628147260589 0.4242944050018994 6.889847553015981 2.6799322297604284
1.4831745654482398 0.47833763852810895 5.833320795949802 2.2833657462450456
1.4572333527048564 0.9215463311813258 7.121762509700146 2.0579280156375783
1.4947107931294212 0.31918318211256014 6.645445306681623 3.471553297739467
1.4677445590192968 1.275326072933594 6.18283699606934 2.031703252448708
1.4612785128879562 0.2516834434049396 7.393161142983885 4.509353132623142
1.459028054097074 0.3252589232000871 6.226866206859279 2.9478070486743775
1.455501292172508 0.49933838272679976 6.459603179583365 2.2763941576115276
1.4485388143041462 0.34874176936525847 3.8515598923197363 2.561088320419266
1.5185738877951345 0.4495434675683868 5.385596153808001 2.538599029411483
1.486674674473341 0.26986828844673905 7.9855518505318575 4.5189586696592485
1.4752346794612 0.255972599070074 7.836666271162946 4.817634382893098
1.4966513173384257 0.3936459822275203 7.629196516197255 2.5397506182310448
1.4581005840134704 0.26980231363143664 6.91877178429934 3.7753270947584987
1.4900119963136929 0.3136356438192112 4.012969344357057 3.061120017740782
1.485893618478864 0.31779989867409414 3.7057351407282715 2.9558061924897947
1.5184383871629772 1.0741084185859142 7.383792718185441 2.087678261054906
1.4695832514516427 0.4515368371193107 3.194060226896043 2.3055476764326124
1.4501974370695794 0.5526704592141914 6.41956041470395 2.1942744390199787
1.4901880470715303 0.9679752221736314 6.650159749237822 2.0670172544080985
1.456725946901299 0.26235798437037355 4.666714992030065 3.241161130296379
1.4966058994898472 0.47071733633854074 5.373788065555639 2.3445399967235985
1.4728232423072447 0.30780623871610446 6.918289843782191 2.8201559143766852
1.5162998745713945 0.5027328709496323 4.818464460932158 2.3908433911177798
1.4678682030621437 0.5444625350007614 4.622979193995702 2.1889988873762425
1.4858033610433719 0.5832174680984366 4.243126922118678 2.2527648976219905
1.4581927578579021 0.2456592495447876 6.299949127861137 3.748229656223585
1.4618992146757934 0.353197776412827 3.3177484072997268 2.545818020490036
1.519032265300624 0.7988464069156106 4.846833194843779 2.1546228771953593
1.4637435073999114 0.48820488100315623 3.3103817861069227 2.250340077741998
1.4653318757120426 0.49701926688310893 5.298925087138164 2.227971078718948
1.478384992745735 0.4395225286532881 7.445127537515605 2.494619241747756
1.4926707754519488 0.3775194664111483 7.7589405075250735 2.5881893070000443
1.476918142152119 0.270192218058428 7.22850699832331 4.162278016597549
1.4471375430330689 0.2616048988130148 7.2822367394159375 3.2403880068511413
1.4898528214618088 0.6693158204139805 4.9961163148490275 2.1940108468362634
1.506959562228531 0.7478991249791245 5.464445659684014 2.171191507502493
1.4943804485317367 0.49193593926631357 4.370203935160891 2.3975002048056173
1.5065337252535518 0.39970602408502415 5.927355223028116 2.6211274441446992
1.5036914884043888 0.36795967584607736 6.128107598419312 2.763883873179458
1.4823615110192132 0.3063193090674408 4.592073455068162 3.3342175498770605
1.4664999369288965 0.34295205743769736 3.9868056520972357 2.7739679429868964
1.5195952433396118 0.9638960155458611 7.619101005713225 2.0907886233313193
1.4954251287458618 0.35693248538005284 4.554620522419993 2.897199751667962
1.4563821188617363 0.3882429127234609 4.445392894384908 2.3920937074666644
1.4899200897332925 0.5986678026954648 4.568376572963695 2.18858629176504
1.4791270654492032 0.3282417346112711 4.286248069532343 2.7695161934501344
1.451589924822565 0.2740211904297246 5.621068351330922 3.05235566022097
1.481218564464766 0.6671707085286506 3.890670562655095 2.1724053458833117
1.508919309856425 0.6260364768927416 7.975166653112705 2.207653460416725
1.4862648816466237 0.2799202648978163 7.374257339727898 3.596120608052308
1.507119299832924 0.4110072017408347 5.156019169775242 2.621575001564129
1.504205749614783 0.4607760054435187 5.918817369640411 2.502046446350841
1.465396205318074 0.2583050406135579 5.5576648079376145 3.6629971364087686
1.4478992678177205 0.30681684832804795 5.847917289385755 2.741478698304543
1.4844121691088583 0.6858218745261006 3.689714012768972 2.162043002866057
1.469942232258699 0.43471689924643453 3.926193686544806 2.3368419130432345
1.5030194813213071 0.35389606169780446 7.812796316961248 2.9439781215449767
1.4498076151766321 0.2970936779566204 5.7355806462703525 2.848042143541705
1.4545119337019385 0.4684751292454905 6.779094961115794 2.2937424159341586
1.4914998215393407 0.3038476890275017 6.930531929200928 3.4048968661965278
1.4642257552335556 0.7191332955335513 4.239331063080111 2.1089174211397412
1.510688967354355 0.5709681324348854 4.855241721150496 2.2732704323303876
1.461441411090743 0.41550035893383763 4.97548896518505 2.3474687702872674
1.4795219388620668 0.3099325009531862 4.33993261131381 2.9900414057664246
1.5059674041925972 0.4039325091050838 6.900791303919693 2.678611741850237
1.4744120337573974 1.487775676348752 7.354912133940189 2.031347436036813
1.4557964413329794 0.5624397075162963 6.030893729011401 2.178023879066448
1.4863966920636642 0.3371620010447874 6.097782713345252 3.027155699547746
1.475618585420081 0.3022269162844621 6.198978148663505 3.3107477986334253
1.4548646741004476 0.3213899968883138 7.539615428726746 2.648542358841987
1.4893705329961895 0.7729630748971033 5.492790223309461 2.1375948201778323
1.4943623039656098 1.085800425850442 7.966989909306325 2.0710266474725247
1.4718462395806244 0.5406035940769214 6.817776806636031 2.2623743491164254
1.4644132466079327 0.31166315122213184 7.449052866921711 3.0418814427032155
1.4702769429104077 0.2661318831972099 7.584066138560069 3.6104580679157383
1.482856461296501 1.34820776134864 3.682408167471653 2.0357926907045414
1.458091257230483 0.41982546784255464 5.145117165574163 2.3843780348267782
1.4842863217724704 0.3049338683573932 5.580785487359328 3.2442100926785074
1.4839692235981992 0.6895202264153365 7.640406323869476 2.1710390055988222
1.4912424043990793 0.6269272997232571 3.981134757461845 2.182955282714903
1.468085300540523 0.371497424789367 4.93210309710987 2.610709385333614
1.4618629216164796 0.36160901121715505 5.094031674178614 2.600115550324665
1.493353240789094 0.5688529524047639 4.026943268583212 2.249236811186274
1.485391978446705 0.37678959058731365 7.864359223512837 2.5718096687221035
1.4722281305270675 0.30972510108048545 4.782045778235734 3.019030655532945
1.4943322946644315 0.4523776795878611 5.91034047961757 2.470994779492371
1.476097337207816 0.4525078020100045 6.082265050203593 2.3272329645268846
1.4775165048062124 0.30460151524025125 6.247483944733856 3.1974060729576568
1.5053788240789383 0.6007598495919808 5.068665892677549 2.2475270267706926
1.4830065110372868 0.3525261633607091 7.404488379211345 2.844723447263086
1.4896007481590234 0.3423590471995698 5.978598251133112 2.88818172328716
1.4744725414859627 0.3426483935402499 5.305723872514613 2.807347691863943
1.483956438226323 0.3298976738422138 5.467849876130422 2.9371290556079575
1.4627835296172504 0.4527962446716603 5.169863080750802 2.3244247245930714
1.4627007319274221 0.374886316377346 7.441146375529903 2.4726122424476653
1.495286475808581 0.4509856815673907 5.692747706982014 2.4646257687555213
1.4635402077212663 0.3103782973828268 7.169248120745655 2.8162927227294006
1.4890655685402834 0.3325045436854696 7.867076282798332 2.925290269639192
1.4954359234579937 1.5044007172341658 5.985403884868283 2.0305107394133226
1.4763806643896316 0.7968406914807113 5.625743344519362 2.1101524714644087
1.480869972829199 0.5400156155135929 6.675242722828429 2.2310635597482023
1.466615176864372 0.37499286065586007 5.623918483882449 2.502867345385866
1.4663007292849424 0.3144007730446837 5.9268015340365725 2.8695116072405558
1.4675203872944504 0.40302035095990285 7.202113083672557 2.4837092838314168
1.480228988853078 0.3474600700767226 7.189554249053218 2.708362480209817
1.4845116578468562 0.3327717063008936 7.475472164041284 2.9252668962588912
1.4764949301122112 0.6549751125224378 5.23119800284275 2.153420145097873
1.487863594020073 0.36567374752574006 7.684995733198619 2.7369416837302176
1.4855752852947686 0.7890034621285146 6.21788490396594 2.108624049283444
1.4745069241656725 0.6191959789436859 5.486416234649949 2.1718214413990564
1.4843705294000693 1.495953095722031 5.435697503196358 2.0308875473189616
1.4773871399389784 0.45662606668839223 7.257812022605006 2.3481357289802283
1.4683894244677127 0.4169051865288954 7.965973218536093 2.419803138126437
1.4969468005316564 0.836757491796122 6.74607270566107 2.111303392886845
