mu sigma
1.696465656901442 0.45110863514012495
1.2591727370461085 0.5398524322023219
1.7410005748170794 0.37352029736196285
1.3158051047003059 0.5458463068289047
1.3385047437910553 0.43524360143844143
1.530697370509494 0.4901621316824921
1.3522675566711952 0.45197418884060037
1.607015342623873 0.4571246084361521
1.4969323991943515 0.4898848034597127
1.4187392654413347 0.4884062864662821
1.6455919405912582 0.21225006598093588
1.5817458761233865 0.45884714321035147
1.7099030342401744 0.32595133432410445
1.574798562872222 0.4535200377506555
1.6154746081139566 0.43311889327555625
1.3873929646290173 0.4208023906643789
1.390509856437754 0.41722578789316284
1.3931030512520952 0.3532445162853747
1.5765911008441527 0.199316352498485
1.3931529105970872 0.40153531524791003
1.4011592503628014 0.354379297905601
1.6105659733779762 0.4159166751827017
1.5899751919033014 0.42164640504385503
1.520265744574731 0.43948122131386813
1.60288347112841 0.20705239552980542
1.4190403476576234 0.4004141882844175
1.422654849113811 0.31955958477538254
1.6788288021887885 0.34213768315325976
1.604419906432892 0.4073906158068451
1.4562301999820522 0.423476235079787
1.4158987426472862 0.35618234004548627
1.473408228017052 0.2449803464503684
1.659601606472934 0.3668748009221194
1.4179295596424635 0.3588155377665647
1.6602207265207976 0.24252513553449614
1.4839833552174113 0.4244845805471264
1.588272343832824 0.40846818734017576
1.6835358608726225 0.3139980023653564
1.4252901152307715 0.37680216746999534
1.4304309516275981 0.3889856558357749
1.470753632614167 0.41748225845839193
1.4644375626560435 0.41526412555323183
1.614049238749003 0.39424330401438096
1.564212248685342 0.4133950434002597
1.521392825321948 0.4203301518609852
1.5505834777214687 0.41610051268426723
1.5713456877671468 0.41029523974565385
1.4352456418949515 0.3100134234044867
1.567554918320651 0.41138652323215463
1.4277155828778119 0.36426587339780114
1.679139017031099 0.31465765638295295
1.5750904274000332 0.4067939083065035
1.4357297998498557 0.3817671526714833
1.5396588664159903 0.41471353687021356
1.4782777485906222 0.24736006311575753
1.4879198987322955 0.41416002903408505
1.4305640944997564 0.34411399772270745
1.6502230315256563 0.23969475629256146
1.5987970399811489 0.39561562756897184
1.5097969756314757 0.41476119268188766
1.6739172453085138 0.2747358439265742
1.4322046022646369 0.35035567203447215
1.6634314750286738 0.2554703263392864
1.4984053795375902 0.41028260884210277
1.661539126238683 0.3431050425458113
1.4383376269322254 0.32171557502352754
1.4625266929019518 0.3974406181723623
1.6757372354103803 0.2978042726289664
1.4447608958256546 0.37654813137559745
1.6477833097185373 0.24108845009413724
1.4936370433011184 0.23829230078118416
1.4745962766292993 0.4000707445069978
1.613218407394335 0.3817102938593157
1.4711995616074058 0.260720996427954
1.4487304812716308 0.2976197125978178
1.5403729170440614 0.40555927925700674
1.6566568449133445 0.2513906729590238
1.6427551783622327 0.35954494863856673
1.5401864096589009 0.4039668839522839
1.6008416397058753 0.3861468868588759
1.475228326590135 0.39662887868671476
1.6310262468069059 0.367654122940283
1.6716285243602393 0.30659149492432514
1.6511118623375036 0.34824093715899707
1.6580670540956008 0.2552334945076662
1.5197793615392645 0.4028774247845455
1.670801535047403 0.3040211193695438
1.4597006778438397 0.2821015033949916
1.6212375782422055 0.22569481257484456
1.4483807263470454 0.3107548171723858
1.6643328891275033 0.2693711956030922
1.4791237890963593 0.3919426918320446
1.5495339258401093 0.3977104626888684
1.4472521467357093 0.35587312131243715
1.6508659574060989 0.34289936669866083
1.507683996382291 0.39827089115831926
1.6648203668914032 0.31823888926072286
1.5829055161188772 0.3878892916077166
1.635161772472241 0.35828032068353843
1.6685321506526631 0.2961406327926458
1.5000739257903588 0.39619567325816435
1.4662735484578735 0.3799902535198375
1.6331877135550994 0.35854077098629716
1.5341957171770986 0.3964888977011426
1.5808554379283661 0.38688816780309415
1.4845891353878673 0.38976825104527424
1.5548480692799438 0.39364999980347154
1.4773241414894218 0.3856979979834415
1.633752204187966 0.23581301863357615
1.6654246013595686 0.2807596339034974
1.6642433656917626 0.2768424342109746
1.492893801509656 0.3910074897640349
1.4816065668256684 0.3855859312661962
1.5072969685404436 0.3932088955088352
1.4527298362148242 0.3126823788765289
1.4623437610363268 0.3701706570539184
1.4851990681253913 0.25390040263179275
1.4512724973585545 0.3235454260543956
1.452770992458378 0.3491850398597581
1.4813620292617777 0.3835676058662363
1.4801626224186744 0.2603061963481157
1.4516394095589409 0.3357055187955659
1.6119737519480357 0.22506858897673085
1.453973020541126 0.31425600829401845
1.4936816215305684 0.24666389057997248
1.6117558135199603 0.368396580966584
1.4908004574832734 0.3859633922679234
1.4709514346118024 0.374381722483555
1.66171343897232 0.3075593202546434
1.5695728710602337 0.3844768404787363
1.455283151102254 0.3381077358528828
1.6489118004659788 0.3331298526006433
1.4578525969714629 0.3490904039676665
1.6554621579396758 0.32118620644254153
1.4638957050714294 0.3603039234491395
1.4628446256357355 0.35849777841042946
1.6278640054448998 0.35421760315922607
1.4902212248941824 0.3813814075715478
1.6562352142994547 0.26835921821188297
1.4624979065773251 0.29683564038239985
1.4900860378467298 0.3801965615584783
1.4973930462300167 0.24661804985177277
1.4586210463081015 0.31701538550400343
1.5729995968514823 0.3797127274641799
1.6409981241339497 0.3388712110675996
1.494442163930548 0.2501194312893447
1.6205652391975676 0.23252264767375527
1.4756288981917407 0.36769930149044144
1.4688174082476597 0.28653297052807625
1.493480959667846 0.37790922397513055
1.6289302976816784 0.3493875894894618
1.55918154418702 0.3815908787754233
1.657675106086169 0.30432902319959226
1.4821951237744961 0.3709268780625236
1.5297413984221246 0.38384938083412357
1.470137927471224 0.28547661442597405
1.470137927471224 0.28547661442597405
1.5065702940480414 0.38054830351363444
1.4855473935344097 0.2616062352572896
1.6524081293984518 0.2672217389809969
1.6572089415710645 0.3010177963743188
1.6467969267416303 0.2578362774584198
1.5418638524445165 0.38181177343267386
1.6535898380795353 0.27122265547163016
1.5866013035191018 0.3715027273682902
1.4648844908013117 0.3035174032273859
1.4708030775700247 0.2869283507379998
1.5144731711313937 0.2363818371893692
1.6445846563031568 0.32901733741434236
1.470279495392934 0.3532575960575354
1.6291041475775354 0.34533970516823653
1.5816654106934096 0.3718235319100862
1.4748059426204168 0.3576313551037465
1.5865141229719393 0.3699079490337736
1.5545614628410145 0.37818281957731187
1.631582678973952 0.34179202371489553
1.5666259736821608 0.3754655665962455
1.5298737686576986 0.3787219594538587
1.5445549914829828 0.2247443893026062
1.4670082362872052 0.305224857486765
1.501052811150953 0.3732018998810818
1.4699246504051309 0.34590709124069186
1.5956418114360211 0.36430134241624623
1.6055749008623108 0.3592298074175472
1.5590914675578498 0.3755864393620215
1.487764140113973 0.365298153401504
1.5473066547963263 0.3770544418566554
1.4745541372373268 0.352130239585082
1.6237034547413431 0.23835539852634535
1.5061724778700176 0.3731662582604275
1.6464198781531219 0.3191936261029771
1.6331221631707304 0.33701956469856986
1.611682972825582 0.3542453048458239
1.532469118924391 0.22953104598287627
1.4673005178877587 0.3219226449195223
1.5843955708845099 0.2237321881023079
1.6462593694592353 0.31751463681083414
1.47032274703691 0.33809843421042346
1.6514573585566037 0.27787086636190134
1.4871430481736305 0.3616996537923885
1.482219910467762 0.2734648926538304
1.4683795668046966 0.3274295875917335
1.468055707852999 0.3217841285307878
1.6134827052591372 0.35167907854211106
1.6385793020952772 0.32872230508474154
1.4859569690720273 0.26812561598093615
1.4682861001107534 0.32051839074138794
1.5046158822957196 0.37028803212259276
1.5057685901035365 0.370659680167157
1.4696376699662128 0.30671735494441293
1.469328173980251 0.33060761240702413
1.6468637945832763 0.2664590436319427
1.4695132642298763 0.31095260990019835
1.4987299072281384 0.3664065618603987
1.4954357521278379 0.2571843562072831
1.62734403664772 0.3393528096661953
1.6514583508550837 0.2881782469343328
1.504771131487289 0.24816796661056847
1.6457530511535419 0.3146790362295246
1.574892585719181 0.3675014191857579
1.6509995747799484 0.2905527093718752
1.5050624687498275 0.36760952517336215
1.4950487801322017 0.2586869507773803
1.499870455006973 0.2536058117903587
1.5001369026556985 0.2534854837478337
1.5392591253583818 0.3721352044355749
1.555458617446964 0.37073610262946705
1.6099531690937265 0.35034341057247287
1.6497003836855488 0.29464063070060914
1.5377886209138478 0.37141611344599884
1.624023341215378 0.2421539410218401
1.5706489921411046 0.3669238571945484
1.6001578643023482 0.35562436623139526
1.623698765202601 0.3397205430067915
1.5639473944347146 0.3682687846458245
1.4981942944576887 0.36213465164378705
1.6124324894220194 0.23508425094377697
1.594506645467542 0.22804781886929062
1.5911530884956364 0.3591587803632861
1.5153976351173566 0.24186763584632068
1.6371943688678514 0.25591543592475224
1.6448147841632017 0.3099426089897228
1.6123807656111033 0.34692832629409887
1.5563891301326236 0.36827711929370677
1.4739022136858686 0.32278701247892816
1.5525225939639467 0.36868120937435367
1.495947367011971 0.3585100719427404
1.522807472652234 0.36787284443042656
1.6268123071216627 0.24591487320740585
1.5136454677964264 0.3656806104692421
1.58378835550536 0.22662107363945835
1.4945809534146046 0.26264897849066804
1.5869171182321318 0.35910916150055927
1.6304350520673183 0.24983452252439886
1.4798796137527739 0.3388309947906326
1.5048771985762297 0.3617605989833082
1.5026887423665052 0.2538483074665631
1.574498642428821 0.3628653901156796
1.5861254435113898 0.35829958630838665
1.5675744753392702 0.22614829254294289
1.5501009179253264 0.36670611266795555
1.6430072740641788 0.2698352369211235
1.5261808734129172 0.3662373130330667
1.6320825873119424 0.2525419419078375
1.5586556799206095 0.36545143091244275
1.5774389852856063 0.2266258966640896
1.525316882964999 0.3656966370963021
1.4884706530818925 0.3471206862882299
1.516189909453209 0.3629233743370531
1.52822706495824 0.365030679968379
1.540059763588686 0.3655019915502364
1.621559229911445 0.24400447689147486
1.6423495607446736 0.27149334876691605
1.5465157086098271 0.22999304210676874
1.6343784714522795 0.25713429320359504
1.6023254506674718 0.23331927850062562
1.4804446138113752 0.3301674042115587
1.5327783201122798 0.36468499711984065
1.6304036863189872 0.25244916982488474
1.4855819059195285 0.2815761679889322
1.4881849350052452 0.342950280198204
1.4801788258563042 0.3256399094342514
1.48005869881081 0.32474555350135204
1.5384790092842717 0.233162319205766
1.5211434343173378 0.36166983783541146
1.5823412353405635 0.3561129803124029
1.6417858156353544 0.30117129489811956
1.5832546996345465 0.3552231778662187
1.5706192933113687 0.22812424782355364
1.6410271168207555 0.27350245669009055
1.4969293374431818 0.2654240528076635
1.530642537529182 0.23727059236019918
1.5271766371730293 0.3608028483235274
1.5508403653552856 0.3615172176445256
1.557975038980771 0.22920310151482529
1.4828298304554055 0.2984127593157255
1.5939439824607295 0.3492657040951362
1.5014551947305685 0.261247723314431
1.485127397194384 0.32868458677817347
1.574160403050699 0.3560941597166018
1.6058103660544636 0.34208645289648215
1.5333863494760482 0.3598911880791175
1.4844306664227522 0.32548324072829243
1.4824804691470166 0.31284492340130515
1.547927712887056 0.3601094765334261
1.5275418399151772 0.35902635807512095
1.483872037889637 0.29923857514613195
1.5136972667413549 0.3546181885510755
1.486000565174565 0.3276753578135939
1.4836636436707829 0.3033570999602522
1.5014030559280958 0.2626760013884558
1.6374355165168082 0.30485624401571415
1.5360531190491613 0.3589799939661032
1.6159521969292392 0.24396829648653018
1.5005527873023587 0.346284918417065
1.5758930423007529 0.35403239265055997
1.484767520085354 0.31652646022545483
1.6390381144810782 0.2782053932114483
1.496911864917612 0.3417934168294579
1.484564191142307 0.3109991588999322
1.6266693608641556 0.32118576985987957
1.5407905503117587 0.2351822417634465
1.5348243254476395 0.35750977573160375
1.6342841271817403 0.2658966742150015
1.573429410165376 0.35340859474683983
1.5622294435079485 0.3557387889808922
1.6376086611552303 0.27654971724976396
1.4866244748867672 0.2985637753312257
1.6383499660159224 0.2818247644717457
1.518265152448242 0.24824773339379114
1.4884566109995698 0.32428459513641905
1.6267134189048305 0.3191500387736644
1.4901770589124208 0.32838211718823673
1.6027439476418734 0.3398311529256843
1.6374566079690118 0.29594428615777596
1.4962039154058377 0.33744677694088143
1.4893198648221557 0.3254444044251903
1.529758522161539 0.24107933061812656
1.636370070556179 0.2739944691874938
1.4996532321274665 0.3406321640732256
1.6363172073849483 0.2747114378354631
1.590671714989683 0.23398841235689322
1.5478768138350176 0.23406663109083162
1.6279550553812334 0.2581762663317681
1.5441366475659346 0.2354222807269473
1.6292993515699008 0.31314761281064335
1.630587728245599 0.2629058209840683
1.5844833542731114 0.3471099062052171
1.5280913864211847 0.3529209114673298
1.5351271164096203 0.3539677042670062
1.5267499142728005 0.24377636233663627
1.5232640567349813 0.2460688750309997
1.4996748758447491 0.3378221368169279
1.6003795324352792 0.339068303290587
1.5038877102566501 0.34145481578777903
1.6306187880277194 0.2644870019449328
1.5025757472197732 0.266870437028207
1.589692787938659 0.3441041609816106
1.4888883790301546 0.30608664097964944
1.4894784881407641 0.29887991473292413
1.4961964525030544 0.331962827473642
1.5871276026672811 0.23434157850941753
1.5041104123507683 0.3399923161833503
1.6088783341258224 0.2431138963855344
1.5773027599551201 0.23283728003349105
1.5280405425270893 0.35109711979895686
1.5667110190898021 0.23258987156376698
1.5274324881656678 0.244379726035229
1.4942834494245738 0.28362104137518546
1.5858507810676867 0.23433339592478283
1.5103263646388567 0.3438054076836555
1.631232942210287 0.2674604596075123
1.489970508442676 0.3025394452204023
1.6264708405876562 0.31369544309825514
1.491682728417131 0.31939933584439123
1.6331603041115477 0.2998276782530685
1.4901260824610767 0.30439579700806985
1.4959325058692774 0.32881488717421464
1.6078602272089322 0.3322578711356196
1.5759797776540374 0.34758459890086196
1.6309308738423451 0.3045807955075774
1.493125017307567 0.3218466948051227
1.6120925555560732 0.3284011673240673
1.5517859906811666 0.23521748173865414
1.5999904048477271 0.33654979004498936
1.497154460686723 0.32857656811236463
1.5047731431778522 0.3373306004578243
1.5059388944807357 0.33826170599949074
1.5948374914639516 0.33877227951187605
1.5504355164065529 0.23595062046234153
1.5047796158367113 0.2673876169368075
1.5041156367201123 0.26846085704750666
1.5071277920296016 0.33819387865154543
1.497697131452231 0.28073042133098125
1.497697131452231 0.28073042133098125
1.6314387914203574 0.2735142771952709
1.6326906209335772 0.27921424782911347
1.5753909292633854 0.34562593878729336
1.6324487493404338 0.2932952336904956
1.5194242759660415 0.2523697565603196
1.4963946302193478 0.2851394152694839
1.5097248326927915 0.26217011510555344
1.6058868414154375 0.3303545329849368
1.4975419958991063 0.32337124688044466
1.6320468927855756 0.29092884914754413
1.495314565313211 0.2910101900262885
1.5180621382788484 0.25421578476983814
1.6293057058346105 0.3005380327338263
1.6091481046221299 0.32710298332612836
1.6214901407480387 0.3143969785405309
1.627341630375902 0.2666435909105283
1.5229780307040475 0.3440863936250779
1.5054653346201632 0.26920927742748035
1.6278854948244201 0.26816096780195886
1.5888805448569299 0.23753273184874296
1.605617382860398 0.2445042591315627
1.5485810210454414 0.3478040931436906
1.5314507596614593 0.34595957179930986
1.5524042039695765 0.23700319959558053
1.4955413502592203 0.2941980196139387
1.4947353262065937 0.30166229346450146
1.510538652886702 0.2631658777344644
1.578775481599105 0.34211767960103945
1.6290781636188354 0.2729930970385124
1.6202247806360284 0.2572437070214178
1.527220033843151 0.3440360473153657
1.4959074373659753 0.29848718049348133
1.5074967916222946 0.2681018018334534
1.5866789112010022 0.3384894892415656
1.6275055626605004 0.2700781205688239
1.6168715956018662 0.2542751745824465
1.5582424194411013 0.3457585237635109
1.6153229032099854 0.3189759630222614
1.5043321329385682 0.32837216204892916
1.609512095522605 0.24819211536075078
1.5791383975187907 0.2365704804322961
1.6255805403296324 0.2667398944328443
1.4995620887088394 0.28463115443818204
1.6298029095386202 0.28785323773332216
1.5904223160004722 0.33613656292356037
1.5329419320922884 0.34404579837606036
1.626564381680749 0.3008592876414227
1.5000160873432544 0.284205507042734
1.5306396161973672 0.24705670969903587
1.5793235947291713 0.3400596839742953
1.6161033786796888 0.3167483019841181
1.5532880718717488 0.34506050155239537
1.5903048757641727 0.33554819168880123
1.5821363631502507 0.33890005333665213
1.6061018871347057 0.32580935118666954
1.498884059000006 0.3144195334224249
1.5660216001775238 0.3433101645377603
1.611524480894442 0.2506055376285993
1.6241758538963649 0.26575865457101955
1.5939977245917216 0.33319130145232706
1.5930581447789125 0.333578204182485
1.6096731308054075 0.3222502052393253
1.593218050586352 0.2407574793438806
1.5079092328199115 0.32906585012902667
1.556558387414376 0.23785106636383788
1.556558387414376 0.23785106636383788
1.4994075447631334 0.2904177167656584
1.5732310109569734 0.34073977697006047
1.520342050095015 0.33763834399828824
1.4985163012333507 0.2975942258357734
1.5759007448169022 0.23733889841270228
1.4985617035713865 0.30411978666031525
1.5322678273896533 0.2473640002827262
1.5098479473657613 0.3295903124350729
1.5015420048258448 0.31695995405048083
1.5681764148043114 0.34115573711144015
1.5296379460434681 0.24928724380481918
1.6237547377647141 0.26779050262695964
1.5002439526700773 0.3112900000205902
1.5004430689812907 0.3117151712656512
1.5882614307487102 0.33403704395012046
1.5801072275094445 0.33724501362858433
1.5003127642592022 0.2930483484045318
1.5296502793985436 0.24970091065364988
1.5125215100772582 0.26580311923061845
1.5965108359525004 0.32952868043746814
1.5804389468794886 0.33701102610924294
1.504845777290745 0.32098677432772177
1.5737585119414206 0.33898498447836783
1.6231022546317888 0.3015742516903228
1.5165273005007864 0.3331418665558968
1.5381402601726497 0.34129067664012225
1.6078499372929342 0.24996514111619497
1.517462738687613 0.3330111803837079
1.5078771376516502 0.32378753547209355
1.603845066571866 0.3234936147664273
1.5528497439621374 0.34132415913803066
1.6209533335967572 0.3037435959834174
1.5128691674008659 0.2668514384658954
1.5150274229816367 0.26420301779403815
1.5513717555407114 0.34099957136190684
1.5908395745888073 0.2420415087240036
1.6227949655202325 0.2987227134754007
1.577954532748035 0.33605370721690897
1.508091992117651 0.2753773362032669
1.578376402138737 0.23933849266295237
1.6201385527462464 0.3037902054419835
1.6215762318543812 0.26789999297337036
1.5312371474930706 0.2502698100250331
1.5675226631029053 0.33833316871259456
1.5135095593060819 0.3272953107757469
1.5079832214939766 0.32052013454198836
1.5065682479922857 0.3177553701831236
1.622014091165096 0.29816170823607385
1.6163419090580233 0.2604256538044924
1.615169201895517 0.31018299339255295
1.502640321980271 0.29879590576184417
1.5616204456069427 0.3387479718875593
1.6015154880454345 0.2478596405871042
1.5171916350792332 0.3291055877389613
1.6156223099213196 0.2600178617228826
1.512027478744307 0.3241818429666524
1.5031589720432472 0.29631992129895396
1.6040725725355258 0.24962171612970352
1.5391145465855853 0.3377868336624289
1.5192609268158188 0.3300245539852745
1.505158898634543 0.310696862811197
1.5881535099723738 0.24253128056611392
1.5809709937390852 0.2409197408212313
1.5043890523959211 0.292250030801658
1.504970639430422 0.3082198979480605
1.5480146402923096 0.33800024020537384
1.5294885075692912 0.3343392769448335
1.5071608964339578 0.2824224178517151
1.529029253146021 0.334021852431969
1.6130325228214555 0.2583052561666065
1.504234390874954 0.2980709679551644
1.5863174799532846 0.330176777344777
1.5088037143040418 0.27887854928846323
1.5569584738727493 0.3374680107497358
1.616685263201496 0.3047279908617914
1.5611910451669684 0.33694945454396286
1.593744353898213 0.3261156566504643
1.5252870983914817 0.25690124107331846
1.5097099564116632 0.31743954421279
1.558553519905912 0.24134025239728224
1.509332723274447 0.31626922585003486
1.6169624340766893 0.26457261854788744
1.6222812975812007 0.28181243418357127
1.609327609483961 0.31330595414548806
1.5103386242993446 0.31718726148261095
1.544298938171198 0.2456447154468858
1.5638836474655347 0.24101172780542798
1.612060510674495 0.25854655563534856
1.6218496590552673 0.2864909590656563
1.6027390540480622 0.25080803340196783
1.5556526310422556 0.2424836933612647
1.5428909074004964 0.3353401400108189
1.5885998597763162 0.3272406346697764
1.514468138591905 0.32115402880510274
1.5925070647569548 0.3250671325244501
1.54139486473085 0.3347960080919245
1.61033767359483 0.3104058168342485
1.5161507276769441 0.32235945021787216
1.5363195291642664 0.3335677300146484
1.506827448946082 0.29398047543214306
1.5853655648696878 0.32831046271699876
1.5512338407566908 0.3353876730034876
1.6104332895351865 0.309911887418903
1.6203840685362878 0.2892502115635666
1.5173142204577408 0.3229888999875668
1.6138209191937851 0.30498582641107164
1.54667517812956 0.3347569795736093
1.6019355161644844 0.2512527339608289
1.5980847237709392 0.32068345338197124
1.5072816725599565 0.30071209312379193
1.5670876664065505 0.33350555582032343
1.595306697892294 0.322224886226771
1.5667996666400608 0.3332793699109212
1.6067717921725557 0.2552762690025574
1.533096547351691 0.33151213836046484
1.5960689654127262 0.32157287323461986
1.5745498433895806 0.33131617039574063
1.6177991914809575 0.27076454640687786
1.5927427844422035 0.3234694978065094
1.6192625628830537 0.29091118498557156
1.5840221912555408 0.3278224803884854
1.6198542733806742 0.2872839609816808
1.5647607401906471 0.3332216369808244
1.5626553967436 0.24255167636575622
1.6086373281985598 0.2575297701141937
1.5901304287559752 0.32455862589494777
1.517665462913277 0.268881043769836
1.5522808391001508 0.24460543339218482
1.5118016251688275 0.3125590501153
1.5137646191447778 0.27568977622927815
1.5805226423905299 0.328574739860303
1.5403490089548943 0.3324488577050733
1.5150022428775287 0.3171292245597549
1.6102596640253244 0.3074639949189293
1.616893326158701 0.27104363890768085
1.5989629861647006 0.2506193979501526
1.6158247642383197 0.2980491525223832
1.5904467368781026 0.3235737314220838
1.5780690087134663 0.3289676271547741
1.5404928636698751 0.3318783075722308
1.5375048277363406 0.3311220354506791
1.616846156563871 0.2715176329529987
1.5214350777147674 0.3230306367574739
1.613499926250643 0.26504776311823103
1.5848775787105374 0.3259335276807438
1.5149520251639939 0.31523087021091045
1.5101626234321412 0.28952362444715185
1.6065460602506314 0.25697210084522404
1.5106354276803513 0.287558256549823
1.615593537681939 0.2965296054748099
1.512572161945647 0.310286117855446
1.5451396962060344 0.33163153901573317
1.5621146128781436 0.24373903152280516
1.6172475787511653 0.29005467467444046
1.5904055310508736 0.3221887663748727
1.5168738780747513 0.27306465480116343
1.5417884482532587 0.3306857411061956
1.5599493086804959 0.24428115731794453
1.5552360765334905 0.3315715019165394
1.5969157443232627 0.3176775303334935
1.526604122356189 0.3245151750551025
1.5162230035128341 0.3141942107260296
1.5123395340972672 0.2855636466167394
1.573527076912964 0.2440860120235494
1.6112936295929536 0.26432325078423774
1.5740165920852474 0.24420861467700586
1.6093067598411817 0.3048670305487341
1.511524188702532 0.2917515325833689
1.5114496143524048 0.2943694763436919
1.5286605284807244 0.32445077144870865
1.517918010888784 0.3150698246111129
1.545835523477369 0.32982260055992324
1.512413827339632 0.3017679665320164
1.5785756723346496 0.3259567829647973
1.551589819069062 0.24720329331208665
1.5892119829197218 0.24825608019093645
1.614679093341528 0.2733285871821912
1.6022034636212525 0.3115092883173278
1.5277208515751393 0.32265662827366354
1.5255272359048515 0.2642284458046708
1.524738811774906 0.3201309506117593
1.5218052805694318 0.3174528757659977
1.6077740081216991 0.3044616148787329
1.5400577859840756 0.32747862468572886
1.5200950048376458 0.31547299962493563
1.6036305349242217 0.3092566666208978
1.5971875470878936 0.3148882328053603
1.5680916813662162 0.3276081177354836
1.5470244674059286 0.3285289607334429
1.606254400781193 0.30564644667843777
1.5296212057425493 0.26074264345873577
1.614371592457109 0.288974713438285
1.5716640719633301 0.24539597609835082
1.5473493432413123 0.3281832728556518
1.5804403153364937 0.24654946821951326
1.5139610836852184 0.29041569412071716
1.5239956472939307 0.3182102665612714
1.5245868107536413 0.31863679877707374
1.6015605604368717 0.31004632678719735
1.5704412837235064 0.32627590642443827
1.5261352929579162 0.3188631257398521
1.5634420329405418 0.24620665282459264
1.5358175989988827 0.3243089193506334
1.5417673930381457 0.32608915462295546
1.581542370794073 0.24750558718455737
1.5877597503355774 0.3190741216165832
1.5692009348303708 0.32582062530499717
1.5214013980448442 0.3131680595643115
1.5150978470305043 0.2944583775990778
1.5348654197627294 0.3232346169347754
1.5660402724305196 0.3261269527037035
1.526840085013475 0.3182315756417029
1.5241812610285526 0.3158214710953862
1.6047992227213177 0.26108154379819976
1.5866220446879882 0.3189759438183208
1.5264427455899359 0.31758973982846594
1.5408274329433937 0.2542052682888003
1.6095262974135307 0.2969043073711015
1.5418277724999514 0.32493401910896924
1.5445564203427409 0.25227623428376095
1.5734310386748838 0.24692092582369773
1.5831475981666245 0.3201889423537461
1.5412007520566715 0.2542119924375119
1.601486297909955 0.2584121612848791
1.5631679957499203 0.32576736577799825
1.5270655498219925 0.31739785963832906
1.6036940661915153 0.3049705861474306
1.6123136823891853 0.2787953039364489
1.5937206116243643 0.31380416225181057
1.5177769959334328 0.3032446436764775
1.6109468764843826 0.2729625567619633
1.5195845214431856 0.278913740899223
1.5844858157185104 0.2495793920004781
1.5262791011931374 0.2678181621690146
1.5643593195311245 0.24748449456498392
1.6094963349891669 0.2704676585610287
1.5214042367049805 0.3092423718576863
1.5470804907103894 0.32460039710103117
1.5296057290180802 0.31784056994014837
1.535976396286729 0.25856191108724524
1.5640701085650963 0.32458993080039317
1.5398839328472573 0.2559012493319894
1.6085739220178326 0.26923415559789043
1.542200489781965 0.32326667201655157
1.5471365452253125 0.2522296134240807
1.6107797703051778 0.2760370545911805
1.5656290123187973 0.32383704744427944
1.5620494642667562 0.32423182592957733
1.5767030327172094 0.2485164718133766
1.5431573082581096 0.3227985346737808
1.5812804640187719 0.31902049044042213
1.5498685146840911 0.3239231399896784
1.529005594276132 0.31591613710567157
1.602015643533015 0.30404707577466167
1.6106586629211028 0.28412347159014134
1.5384629415500815 0.3209603854491868
1.5196725836312432 0.2838989694848961
1.5232380168613626 0.2748566816059764
1.5998473573968588 0.25941985822154273
1.5764031612353118 0.24893827302684618
1.5323010289872006 0.31719773920858574
1.5226838621214158 0.3073032667545407
1.5969138815065862 0.25730120044819665
1.5719824073597701 0.24860665096356463
1.5727611947019975 0.24867819126972207
1.5202815910578784 0.283080357662417
1.5191449589250128 0.28943846047715543
1.5933605342165547 0.3110739107456298
1.5882755355688976 0.2525837013221837
1.550455086454614 0.2520576266724937
1.5233418113347752 0.2758877621033612
1.5947970657045936 0.30961956802515367
1.5619062152330223 0.32269128622300647
1.527783457177508 0.26902859692898146
1.5418035163888895 0.256525426704359
1.5564127648262374 0.322754409605871
1.601362873068656 0.2620134508260993
1.6078985681547773 0.2729969124951178
1.5619857829221595 0.2495810486472762
1.562020458232841 0.3221796200953089
1.60864955220813 0.28728506806763415
1.608877656331288 0.28532704852315566
1.5617063769409905 0.32203635976653294
1.5293690871382255 0.3131697475346864
1.5201602045775222 0.2915261232452439
1.604279185831122 0.2666182487688653
1.5343023278469974 0.26285481721823045
1.607484639800846 0.27373901103064124
1.5249888468871955 0.30730593482602275
1.5740739257054444 0.3188238564656112
1.5977591576269443 0.25998032810492894
1.524057980297897 0.27789532543650763
1.5236824567185079 0.30385471721872376
1.560492564481419 0.3212229089998129
1.6045564580322296 0.26829141679358653
1.522331225109609 0.3001063829049777
1.525351818973896 0.27538687462169126
1.5231729715236317 0.2814925783034671
1.5220977893258083 0.2859438808718417
1.534013686089719 0.26434311710388153
1.5988728670767562 0.3029425140020824
1.522177528334195 0.2858255158682414
1.5988107460055123 0.30292073814479614
1.5891153204876347 0.31098860885854585
1.5344102764297145 0.2642356292451194
1.5494731192512678 0.31992427493638326
1.6071610877226394 0.27962878834439553
1.5356444939714202 0.3149314954957176
1.5470527587663752 0.25560282570767334
1.581950968252882 0.31459245321742746
1.5874232705242117 0.25457493335165066
1.529116039482067 0.30890560362840075
1.5543171258836017 0.3197605126280683
1.5383670614175402 0.26146304674895676
1.581877971720831 0.314102118536432
1.5638546429919435 0.2512613210291174
1.579210768188989 0.25218946535328624
1.6060559756402564 0.28592991170395504
1.6050823905264502 0.2898674160927462
1.5609272286393021 0.2518594957578905
1.5413877623285464 0.3162900829479731
1.55020055124551 0.2550602427325378
1.603335532769138 0.270216774182086
1.5325311670945623 0.3105880739387679
1.575916764850784 0.2521132191944425
1.5940547761888877 0.2596509251999488
1.5551353875415548 0.2536228522874288
1.5892319550484726 0.30864984829382425
1.5681826092190725 0.251910468629187
1.525152452171691 0.2970457625684652
1.5889919462552429 0.3083544717061921
1.5865664552926173 0.30987065216181703
1.6017100249818754 0.26900425903192005
1.5661012162888768 0.31731073905236773
1.5278658115127814 0.27668779437791136
1.603967714128947 0.288348828594934
1.6035672116906268 0.28943266505848825
1.5272411258694385 0.3017477220824758
1.5975851376549541 0.29993881010901263
1.5488910139021097 0.3168068573151916
1.589650744637625 0.25764882602626715
1.5283092911407348 0.27714594932857156
1.5883669119560286 0.3078551509098718
1.6029273729900388 0.27347279659420326
1.5259541925254645 0.2853189731318525
1.542816215470935 0.26060734467999286
1.5979833386669857 0.2651097526650943
1.5408249798037144 0.3134565889223561
1.5727162942918722 0.2529443815679555
1.5274514229846035 0.2992584014117626
1.5664915905563945 0.25297400149042454
1.54278396037704 0.3137079179997336
1.6012732377744578 0.271140248114601
1.5312135803392715 0.305013708382443
1.600270003192645 0.29354670371761277
1.5873411655438483 0.25754019550177715
1.5435026468273128 0.2608671075221883
1.540974645267215 0.31249298456538277
1.5274560988420913 0.2970410659028811
1.5320665359734658 0.3055843715002645
1.571774779474451 0.2533586401371861
1.5743374555204017 0.31315289686109443
1.5697795926291702 0.314363210875961
1.5866657943006364 0.25775145972771174
1.5808825628027305 0.2554532168823659
1.5401827748328807 0.3112451231724923
1.6018029559578295 0.2872166065338814
1.5894514490191787 0.30495209419476826
1.546344981469566 0.3136615204208727
1.5627829461486356 0.3151820112012684
1.5503340813426467 0.2577470225115757
1.5658963700195074 0.31473923342832133
1.5507772119301282 0.31460800408004586
1.5275389165522437 0.2909496592222833
1.5917301630281302 0.30263079997720826
1.5660519150530683 0.3144751643950276
1.5480928764029684 0.3136798007272566
1.5441730424633724 0.31219093947898213
1.587854138967106 0.3053066301752545
1.563577660361572 0.31438625826587874
1.5547076542313438 0.31431571577744116
1.5656936459584703 0.3139597200257343
1.5317988160079028 0.2757711431509666
1.5299819019415692 0.2972416326596579
1.5761185528388162 0.25535981543260067
1.5488388557982795 0.3127468418204796
1.5663177691528087 0.25482483755346297
1.5630974033525509 0.2551570166720997
1.5881795462155304 0.3038861332682479
1.6003376388504216 0.28547848660768027
1.5560000709175434 0.2569483987408743
1.5528041596594038 0.25810914464060974
1.5375435491382623 0.26886518477209537
1.5971597055202191 0.29310393686894437
1.5439020270042463 0.2632303240861416
1.594321527549449 0.2658771419804623
1.5986784965899745 0.27284481050311027
1.5816785123461496 0.2576694793986553
1.5802665950229058 0.3079723563139903
1.5364399696527016 0.2709661846157081
1.5768619961094053 0.2564696286918928
1.5451407491894513 0.3101299471312653
1.5910819948237367 0.29982123943180344
1.5483309025576646 0.31099412560238515
1.573627443486862 0.25612766207713605
1.5513486893218646 0.2595917407419462
1.5872086821288163 0.3030588516411965
1.552225447652268 0.31173848654189723
1.5991589260602703 0.27746191139534127
1.5967210677333183 0.29176860795320936
1.5879513387541702 0.2614295093293946
1.5489011398601082 0.31082981058468295
1.5834187499046517 0.25922257821558076
1.5481940507315874 0.3103117054635394
1.5339902572551047 0.27670490059379504
1.5597502901202778 0.31177867149714444
1.5692833851404424 0.3106000536372652
1.550225213679762 0.2607627600958424
1.5959500775594009 0.2918823953477726
1.5968253850386598 0.2897577086234922
1.5314544986744498 0.28863402174809183
1.5963396873615727 0.29068376087098996
1.5444584608738101 0.2645941400721777
1.5895355016210382 0.26348461188829936
1.5802530521151623 0.2585630877663938
1.541230924871892 0.305872895506201
1.5560209970420837 0.3108438231216228
1.5562733870271592 0.31074522970524326
1.5965013213486876 0.2888504427352097
1.572577575038218 0.2571962838844966
1.5638477127134547 0.2572690897279538
1.5694661147837956 0.30950687324089193
1.596300435682061 0.2885712253349525
1.5793895567542975 0.30584298242151176
1.595691438222723 0.2722922925589367
1.5722882993905887 0.30860999448404947
1.5678347014929082 0.3096564460133227
1.5922844093950543 0.2952991467514836
1.5635854890903063 0.31016530037531076
1.591735397166631 0.2668323996637082
1.5634096398372588 0.31001136325528234
1.5477568012681748 0.30809652653523245
1.5603703858391036 0.2583655302929556
1.5425791786351826 0.3053005613033618
1.5439557188806365 0.3061049517932453
1.5843354817071214 0.2614670380712853
1.5858234647712175 0.30110084131063103
1.5768628711636932 0.25884839916054764
1.5927421353503934 0.29325889314760795
1.5389050942949396 0.27242210716525234
1.562401450003005 0.2584657141844854
1.5960160453784098 0.27674017843459353
1.5920051808620874 0.29392713307192764
1.5587096515978316 0.3092872570317658
1.5357630245266003 0.2961670869329357
1.589940361307835 0.29623277154981537
1.5656557653636136 0.25828440808169684
1.561514968949971 0.25890096661917167
1.5913459436600923 0.2682293730156374
1.5733579123837538 0.30667129608406674
1.5958477766299608 0.2824999513991324
1.592623538191428 0.2920819501452051
1.5355505254043122 0.2804263937893001
1.5370993844734713 0.2975447677965851
1.534482496814523 0.2863263617535181
1.5692970020431307 0.3076569388729742
1.5458004915927055 0.30539525780208165
1.552872620376374 0.26193528948822575
1.5836746051090471 0.262314036963403
1.5435711640581165 0.30391462912252176
1.580722093946263 0.3029141738386714
1.5353212526010322 0.2921927983926457
1.588300498850478 0.26569645793567565
1.5751785405534107 0.2594045927154812
1.578642563365251 0.3037556692626032
1.5427611162324875 0.30278573700126316
1.553140294303225 0.30726434528987695
1.5674966938450434 0.25907777425910433
1.5354581166543242 0.28895860581220983
1.5785125669910318 0.3033885404539134
1.5838860827304604 0.29997037445140595
1.5940556523486413 0.2760285544253106
1.5608672891283297 0.30744298192473746
1.582495724037885 0.2627635945746466
1.559291285488826 0.30737033624445287
1.541826654139773 0.2718382417426729
1.5912329039816977 0.27080116000768883
1.5687908331276301 0.2596480227460464
1.5385578646510385 0.2957944959475247
1.5458622351152507 0.30311733425150494
1.5619720838344877 0.30682057788730843
1.5484157969916397 0.304329784100785
1.5370976225348492 0.2827054706216046
1.591345857842394 0.28995344371320186
1.5906467738772474 0.270968457358662
1.5743297826192477 0.2607004812875634
1.593263706071499 0.2801898263363658
1.57180297690512 0.26053350777360845
1.5906142678777888 0.27156826821330327
1.558784936430532 0.26168598243951197
1.5498711314755171 0.30411319105094775
1.5864787980759882 0.2668040133684413
1.537579160001696 0.2848071685307857
1.592085052764066 0.2756352593022251
1.567352286918855 0.2606608172641286
1.5595165095616088 0.3056965720135693
1.5430344451711187 0.29872648070151564
1.5572093624904289 0.3051714039698126
1.577093626905945 0.2623363295837795
1.578372873842612 0.26280706181324565
1.5636457888203337 0.2614348562852884
1.5914322150755553 0.2854396703067451
1.5447265081976256 0.29980113656476737
1.574195822318695 0.26182234190317594
1.5467885219143107 0.3011702140105536
1.590055722452923 0.27306254862876245
1.5608592020351075 0.30491746675344844
1.5880138865027555 0.27018327910600676
1.5533057723611075 0.2650629752455491
1.5405302286150342 0.2936003930880579
1.567402311110738 0.26159863292805036
1.541366904672347 0.2947210514507871
1.5737964066629244 0.26222685248951
1.5809130600408747 0.29819188788610596
1.5895528289319838 0.2735293789252058
1.5762009378906692 0.3008286438942254
1.5493836974452844 0.2679876702954894
1.5519633513779603 0.30271255793589846
1.5661193190346991 0.3038314086400503
1.567060228804487 0.26185229134122356
1.553250256169672 0.3029732007792935
1.5909292151501537 0.2789320397988554
1.5694217218327187 0.30300482421896185
1.5462596439096417 0.27121248910621687
1.5894377916300224 0.2743177127148856
1.5473684128733718 0.29986175368871926
1.5846210936675493 0.2679882439384229
1.5477888204601644 0.26987951394203763
1.5827301466712347 0.2959670642474124
1.5905502866080785 0.2802140929842863
1.543499800909892 0.29544593223588206
1.5410928132901645 0.2905332858552279
1.5895493908776168 0.2844513216961201
1.563001149601257 0.30307991974040605
1.5805048389352758 0.26586948469630606
1.5812714004677826 0.29628371927984504
1.589171066329983 0.2851977229861868
1.580235896530057 0.29690906008728934
1.5765754935676775 0.2643157196994865
1.541061519731935 0.2854826359296126
1.577676661314594 0.2982386622739348
1.5701889149239068 0.3012912197642443
1.5415786966006728 0.2827147986110675
1.552253077473925 0.30066561245297163
1.5694559497665868 0.2633005563977391
1.5729287740333664 0.2637775210573593
1.5619416898817067 0.3020891376434847
1.588897619656414 0.2804070937188493
1.5543522602039883 0.3007554190521309
1.5774499486706826 0.2974782757760098
1.571655627976487 0.3000957217552576
1.5454222442427321 0.27530629491096437
1.5674083014356102 0.30114167318107055
1.5500300499869208 0.29869068214087646
1.5464037837617846 0.29571380498492794
1.5534397051945577 0.299997487309653
1.5497693075835006 0.29782411540877407
1.553021029910417 0.2686229702113091
1.5877766812211402 0.2809200668983313
1.5780877069803958 0.2962032213157377
1.5433876064604317 0.2823807488651077
1.5628439453457763 0.3007823535540097
1.5652597191034643 0.26468729617942965
1.548222662669787 0.2955317530318788
1.5481260166798516 0.29537181685429853
1.5869324789340995 0.28214891236257894
1.5663183086233228 0.2999679913192872
1.5571677177140435 0.29971114524563175
1.581583746076455 0.2923224154640666
1.5439781092686506 0.2846512915348189
1.5585377929303443 0.299807384991987
1.577306616385763 0.29538912230700953
1.561455511555292 0.29981630910222223
1.5653793420443947 0.2653726839328835
1.5642261264810644 0.29969840436391865
1.5444533882577285 0.2838762583133635
1.5569812663398896 0.26789512428584056
1.578340830777225 0.2683790382883329
1.5838957407424044 0.28737343699129536
1.572338233702315 0.26642152583563233
1.548217975597318 0.293083271886489
1.545616907745491 0.2821753895102605
1.5518669286554432 0.2960546304970018
1.5689158193580792 0.29797221341981844
1.5789797856270265 0.2926765539328609
1.5839455611544548 0.2753978423274147
1.5791151369126109 0.2923964534629279
1.546020288476991 0.2821160196127302
1.5462624939842944 0.281251924009481
1.564759176848641 0.26656022489275105
1.5530376722124237 0.27139853849006146
1.5719477727491984 0.26696758154303124
1.5462198372610119 0.2825658775063606
1.5519726246712842 0.2950111622927576
1.5800339611307996 0.2907456005044412
1.5789630473044185 0.2917420113377991
1.546800384462188 0.287388261377496
1.5544033241532054 0.270996928751049
1.5485295025758938 0.29094491819074003
1.5518154350156617 0.2943296613755307
1.5544847864580533 0.27133099207090344
1.5492187927193584 0.27719201062000737
1.5495210434882156 0.29143140315192007
1.547984335030401 0.28830132301216177
1.5831036267771417 0.2808643555309979
1.5607207299496157 0.29658094096309406
1.5487833248713705 0.28876858074002043
1.5755427144483103 0.2926435690859387
1.553812134913004 0.2730036260990342
1.582639121184425 0.28232928247396694
1.5773936795507106 0.2711504813265535
1.5629063244327153 0.29611045662366275
1.582188378959785 0.2785267645225973
1.5819022022972866 0.2829494933946511
1.571455127811975 0.2692266275074721
1.5656851514723047 0.2953594361964799
1.5500371353465812 0.28817618343694135
1.567064042190784 0.2951052288272152
1.5799058630229141 0.28629991448630976
1.5781795771217646 0.2732494612390029
1.5501056579609476 0.2809026119733487
1.57087617533054 0.2699876531638028
1.5514006768395845 0.2790355057486444
1.5760953587841757 0.2725096372526869
1.5657795886415973 0.2940332004438903
1.5791673008784588 0.28519396364104094
1.5526474005989224 0.289302108746447
1.5695553032631568 0.2703723254124142
1.5512724572147167 0.2857897360422413
1.5511181422080202 0.28350382159218995
1.566295079383306 0.2704994663756854
1.5763382227895582 0.27413974929952617
1.5792294224133334 0.2804374879540528
1.5778028961306512 0.2855772516224806
1.5790074033304613 0.2813135660060673
1.5752822316499309 0.2737361832281947
1.570947887030036 0.2912282403983501
1.5669337759799613 0.2711885610511569
1.5711775740103706 0.27189946753360855
1.5664182355271283 0.2921467552997478
1.565302504850338 0.2921247268490769
1.564894854899657 0.29213851147414077
1.5765704551794584 0.27625709416063804
1.5728845641343296 0.2889921232836902
1.5581855791338906 0.27490529121639734
1.5536875054469146 0.2846451973949516
1.563880350348756 0.2916857467510659
1.5598528140658192 0.29078148350411803
1.5759605284230942 0.27687608883333065
1.554703197469992 0.2862222439513369
1.575092553857164 0.28579271864192013
1.5766529467047286 0.27951601539505544
1.5613407878857166 0.29069066686175515
1.5627513527185983 0.2908833159061155
1.5711766048494786 0.27377029495066757
1.5574028024561615 0.28853848272438803
1.5604985665911757 0.2896794294694858
1.5753987097357598 0.2788448049952574
1.5554632554333492 0.28325877810355143
1.5749243794564285 0.28376612943225255
1.5713873539386896 0.2746884193754964
1.5559304536520262 0.2839781870095314
1.572525634777554 0.2863719206137946
1.568752860551975 0.2742097644831994
1.5677201624371624 0.27422310067570893
1.5680859028614753 0.27429645686675586
1.5565461037292505 0.2819601376862122
1.5745669944025962 0.2813585804431655
1.556808729532874 0.28222100352930485
1.561299858825652 0.2759643254521057
1.5577254072976165 0.2796059416278453
1.5695493552185444 0.28736546090061127
1.5584293902797697 0.27962600627128115
1.5613795289223165 0.27689013554388914
1.5715320234771775 0.2774444923267172
1.559280458098676 0.27944514079511307
1.5593716137670421 0.2800834139366195
1.57112446027284 0.28379719051052776
1.5619453971909874 0.2862393007513123
1.5676883234821022 0.2858467754826538
1.5692832745199723 0.2848814776303225
1.563881089241442 0.27738753576014835
1.5607860577203194 0.28056026023713665
1.5611284425609515 0.2839425775987207
1.5654954545213946 0.28509278409193156
1.562233424074578 0.2835197473014088
1.5634077082441928 0.2804564221939934
1.5631674591113807 0.2811808772888754
1.5657188818585144 0.2804947336145699
