mu sigma nu tau
1.3020334559097693 0.1965235857355793 6.280026990908991 7.821051902163271
1.304095433606261 0.1911275944557601 2.151133282602678 11.628211701479055
1.656058590679573 0.4891489536181328 7.909668760453304 4.263138725597475
1.4016363723373235 0.34042798794151247 3.4462495205461217 4.07609523071055
1.5903177108145217 0.36211190016140143 5.377621658372964 18.232398192121092
1.5022362743286553 0.3644164114882325 5.01062630220102 6.614485682034466
1.5695714157761311 0.5898490272890331 3.8755507727657807 2.8381944913080215
1.3712084515998932 0.2750150657054177 3.5302246085449585 5.577023406802798
1.36784439615337 0.30918751263023697 4.141903934693576 3.5885000622291803
1.4288730980607007 0.171505622987745 3.933166060978592 10.458084469047948
1.4461006135073946 0.2849342793253475 1.524451709972149 13.746441813820912
1.3019715118122321 0.11097294978646498 4.745911063900758 17.449698452762348
1.4517211150970426 0.29712907920733367 6.852248695523414 18.34093563606746
1.452304596063403 0.29710265807964753 3.2414850863466795 13.850033333655679
1.398988775702755 0.2609681822460448 3.606719227496484 17.363643740760597
1.56752957454718 0.3635185663128279 4.176583105574302 7.606948452791114
1.5325608455166742 0.33946130651464396 4.362617948143939 10.551172683391085
1.428800811103768 0.27564051331839906 2.995488843383892 19.04424316384808
1.5614614990695492 0.30346938510284127 7.89561807033733 15.358524968856525
1.576343343199261 0.3667242645874953 3.4185385508975648 5.482504038548088
1.381143134219378 0.4250207206555355 3.349878287537946 2.515059666052388
1.35164937549922 0.21090083990559427 5.886367672311783 18.486200870148384
1.3659169468333856 0.2381149920341968 5.899727017817836 8.26091811095408
1.4750180823898082 0.2952486084624827 3.2271721691352813 17.733270447213272
1.4497139636210354 0.290690816796325 6.493049651458212 13.166967920091972
1.367658712383631 0.12448939377537378 2.620201949589837 7.723328254547935
1.321876977565377 0.2066301125734792 3.835593266991237 2.401829915276292
1.3546114558232523 0.17540956194533555 1.2598945561545802 16.608232913454415
1.477808941167641 0.29732096440623235 7.597719501868979 16.832584517019054
1.3265415700657404 0.1689276638068734 5.934110256890203 19.452387659690107
1.5313956649612503 0.4510342167140278 5.5166828179884835 3.3692723918986633
1.5175624650822093 0.2527784703391894 3.316154297961086 11.070190893761787
1.4187708911978603 0.3593270722193577 7.495583215708431 3.306109921474583
1.4180513010638056 0.26275128030210193 4.83421312660442 15.160514401082242
1.3774545847607955 0.23059146865942287 5.332999296923052 16.717418044769836
1.5760529875743527 0.6172208835475473 2.675478281577447 2.435956079506582
1.309055600078679 0.11781733134939118 6.554182483560962 12.827373914699963
1.356302568303256 0.20816715378538 7.34212568050327 19.752460345667313
1.3111662413802339 0.12855052227099606 1.8278714057047223 7.108234745289224
1.5541401363667333 0.33612447202097406 3.2252174628400034 6.005614618210487
1.5107295089941948 0.9460319003170344 5.322027834437039 2.186763874658941
1.5650541810317766 0.364718955729706 7.6517899512420255 5.866094778997464
1.5410101549562132 0.3534276706086223 3.6576905549631915 5.681705171019307
1.5745925524980977 1.9564957094133733 7.9183074026346505 2.039356392887438
1.3139500490428968 0.1459627815865115 3.49245627166186 9.627348131136127
1.3468876514729877 0.19552800808206686 3.178755408925047 14.87803635432373
1.412013370825314 0.15974114028788938 1.4412392988920857 10.264258723185067
1.5655167678868858 0.4186293275424682 6.84322927913378 3.9485131058197496
1.3701188665154511 0.21944808811843733 6.527161508146121 16.84843511526186
1.4645976329287715 0.3437711571021242 3.0864329633175123 4.20378134585898
1.3954599991216594 0.2441204770786856 7.532434649845639 13.703038859152436
1.425104182211419 0.3829142754137993 2.6672421447874903 2.963113837011396
1.5150889856974166 0.29834125378600884 3.6387498912068326 18.942984630276623
1.6078114391093727 1.050493638922387 3.6296418261657095 2.1657160300893152
1.3198535305057446 0.139897884149271 1.3136697021108474 4.226471690584253
1.4485823374346682 0.18751889582783898 3.466082667122766 14.993161967693293
1.457600033108191 0.2822354081141491 7.186981612155674 14.475389725854761
1.4485333032385843 0.8055140077780026 1.677038524717278 2.1395282772127313
1.3161617498990823 0.2733548674811984 2.498498118000968 2.41783155283269
1.479911238936867 0.2979694408445966 3.8490108607045657 10.091569173402801
1.4432140246623395 0.19464777179701095 5.21624604799891 14.781489934220518
1.4041268834584484 0.1457888488852073 1.7856303995388894 10.056785197090196
1.467101492359971 0.20882678450713546 2.1646338804897853 7.046552956841291
1.3811821155979176 0.24793349131799974 7.236007956059092 6.357734707309984
1.427552152512472 0.2633157831455175 7.875329212013223 14.54124058238096
1.543028822241118 0.34478964477460905 4.941864199883955 4.273812723945955
1.442284744089104 0.847662846586017 1.549184802547844 2.0557592458504
1.4741229078052145 0.2857802679264855 4.817787738848619 14.513341608582058
1.5062982801718152 0.31025593104968735 7.0592592799872484 9.774911230565472
1.4316919824033492 0.1959311189016832 3.8226523382930147 5.503290083161183
1.3237122076648047 0.1412090450636962 3.7888538219133916 19.225474413613203
1.3844049984427227 0.18027039134202355 5.9367085234742625 4.31883549577973
1.5285883325319363 0.27725920058162434 6.7831554555668605 15.558509991212045
1.3436655863056879 0.18332921957538956 5.033401193497837 16.601429759438073
1.5515963032701934 0.37692132858153654 5.620447484610765 3.8413019530256003
1.4139512449439082 0.21700794497882395 4.981303133135043 3.6083912388649724
1.353943914163669 0.628652964158335 4.010848415595678 2.1222696950774242
1.5158775561971485 0.25474469833060087 3.0423147676292173 17.458321686225574
1.3094753978712634 0.15150466859574838 5.553911819018232 4.708616070747767
1.4190070796057976 0.4566610836514349 3.535924735545682 2.5328039953610464
1.5247564129738402 0.3042696965237171 7.726121972453139 13.983933740307696
1.4741592895312992 0.2804349861081732 4.007264730830046 16.797204100426526
1.5014828877079855 0.2924261798672072 7.595555602277819 18.81797383366438
1.3224509982407513 0.1419742605094411 7.521832080170609 16.072573754293774
1.5376802408440258 0.33814806906858574 3.134177921829111 4.483501126560261
1.5397069124148408 0.3919322066526549 4.977019126235252 3.2579219000922057
1.4805697175739039 0.5048748096372097 7.371809351956002 2.3677829399535844
1.432812940755638 0.1873909776720398 1.552815883135422 10.011994593008154
1.5002931425145394 0.2861343852279643 2.2330066328192664 6.6139075959689535
1.3871414976295195 1.0459415962435479 1.8974649091274598 2.0546603654102364
1.466944379783815 0.38260021377583703 5.508753338115578 2.5818403871407405
1.483628037665077 0.3681556875592646 6.360664436653274 3.879467436489636
1.3690983386532476 0.23818884378028976 2.1947289038490103 4.863945307143743
1.3505613141066595 0.16941727324011485 1.2906683206895924 5.49408475354708
1.4927240310919245 0.2878939330626637 4.611178926328951 15.480316589625993
1.4127779459151688 0.18486404347133925 1.422816475690651 11.622534196330385
1.535590971840558 0.324918501596688 4.582443703207294 6.872612444343071
1.39880220795381 0.21397327725393503 6.260312617055273 3.531240494924549
1.3857966042953793 0.15566833046934545 5.6364111673794035 14.686445236137823
1.515475985966697 0.2762890118459289 7.826384320055136 9.501412914475603
1.3643564156817447 0.21052084938459306 4.5169565112978916 2.755332712652364
1.5377890919783055 0.306525440235924 7.487480148867086 7.724768049302625
1.348425134670986 0.2675767564037925 7.997319558467508 3.0256932294034247
1.5115603840155507 0.2556192853188733 3.0659115160741446 17.573269773619042
1.517385384586456 0.3379182179992023 3.250540557711309 3.4653103947835193
1.5171396420706562 0.3076479325859742 6.089636249505053 9.125819769934637
1.5057170437439766 0.3048859299808722 4.840197683984213 8.528263007412392
1.4921759678493491 0.2842413220340841 3.3763362028384267 12.715662058339428
1.5330929869773788 0.2858888474827717 6.578996372199446 18.70692351064693
1.4667197563252152 0.29230870617848775 5.946203246475082 7.774916489450272
1.5361739691976544 0.32290911432903774 6.282114404900202 5.562518403296865
1.5238203786788422 0.2793744813092749 4.614060647709046 12.974615769852871
1.4365100612411488 0.1871978933870081 2.150224808182198 6.03991035474016
1.3862595412190037 0.2601418030317 5.316501376773114 4.632706314622414
1.517302611721949 0.28635153956620135 4.589011596685443 18.523327123426334
1.4766693754901805 0.27372045313347293 4.722249781541769 19.408101288853572
1.5079823975002156 0.4365639414162684 5.984919584484024 3.1151751433576442
1.4992601105856713 0.8801368606212476 2.4379156224500367 2.162407067840146
1.4996380154275792 0.253619249920163 2.744232081942958 8.517031333631223
1.3793643547321606 0.2125671986290233 4.618187593402895 19.265344142520252
1.3238445370418257 0.1373951082620772 7.5121854198472455 12.904182719508333
1.5314658025941132 0.28966397298271335 7.269496263310573 12.357874907430906
1.4390961168447618 0.2782629797825104 5.2238089165675134 7.010589897723989
1.3638181924624984 0.1849520289177197 1.7290466475322988 15.406592622454369
1.325290589557552 0.1646854575977233 5.99737676392589 6.226175484104525
1.4036469926797568 0.23723512996527768 6.5414584816347014 13.459638684555712
1.334228922571087 0.1257809949732171 4.707036570091334 10.825691605725106
1.5082988321273167 0.2856236167658685 2.8161867109842205 7.431539923708293
1.5417344348964799 0.7897158154957278 4.862107361643359 2.2034663366784923
1.350075207289236 0.1854709953005528 4.063908970435301 11.728362051377605
1.4147863523915878 0.1954008987966506 6.309980322920675 6.221384842149831
1.4358001226653063 0.18873758871193239 2.5540092035109465 6.2578085073004015
1.4947267284271044 0.281608910254303 7.897274106370258 16.66926577585169
1.3997709885393133 0.3696458186017776 1.8924081040461234 2.6245669817724604
1.3391635350368771 0.16733713550336857 7.832718150006691 13.331817139313353
1.3631884213997527 0.1958389987321197 5.0658770474602175 16.137582988484947
1.4373575743942577 0.26202288428873627 7.72027838368031 10.947131864958429
1.3774355418368684 0.222432783552641 5.087377613244058 8.144816254130786
1.5198788933862821 0.29503913853351854 4.8533132836855435 10.14546044673806
1.4252531331342686 0.3029636618914708 7.08798818027623 4.197359818273816
1.4672325377941966 0.269951136894359 5.459585840065723 15.719456813406346
1.416735089911983 0.24210632471813084 6.184317216902803 15.522361663275362
1.3781319286526283 0.1923129841758134 1.6781242987617726 15.199915351913438
1.4726543556844955 0.38714625568927435 3.9816203789823126 3.2295657255550054
1.350379742115495 0.19584595687275105 2.507513248925764 6.338501456046435
1.447668463241408 0.2923475370658756 6.441266263309993 5.6899003955855765
1.406619743743363 0.22888663612076085 2.346906510431266 14.349037215777303
1.5089283553244068 0.46003775187562457 3.593850001671618 2.8672041355545637
1.5208994252001218 0.27859980945993096 5.773695908358746 19.497972233372355
1.4682768565035968 0.2092149128127914 2.8465661377049463 15.064374171893558
1.3331448683148994 0.15481787535624789 2.5355136171525743 9.55742044425104
1.513782672856924 0.4469437010902457 2.7500843793561347 2.5841181171889325
1.46039420583595 0.2605574612882068 3.7687700806903908 19.45961372035131
1.4579639438621381 0.2541772807189993 2.654510794616716 18.50697312651523
1.3860954135011072 0.22514349144786724 4.709203211780858 9.315295651072
1.4175226717985474 0.2473495175196042 6.576143079758719 3.3597974591022215
1.3604189209118784 0.17911226220395354 1.994990553431665 16.221750967372436
1.3352974643447468 0.14566527716489075 4.496724397143306 19.75215684780402
1.494444949877443 0.26100784636944385 2.9246962224582593 15.667134202346048
1.4400751822160678 0.2544739368136124 2.00612995743044 6.722096475971416
1.4741366677748342 0.2412184059479332 2.54545499492067 5.326631128208543
1.4299602325812109 0.19224840411922325 5.977948698962088 14.827151753553796
1.3454905793573846 0.17432054088215082 6.110520517524713 11.57365498892613
1.4407847699304384 0.21991225821377997 2.7355251883234883 4.043049236730811
1.3687848708498835 0.19587184369997868 3.8011583394673703 16.79099204791288
1.4705948776257731 0.26970292547695485 7.011184908828059 14.363733456177085
1.4693576515044366 0.22381089132139614 2.353023400031092 8.34444799396954
1.5333019816558462 0.4255472037082592 4.119173600180293 3.140851102828688
1.3842537671364328 0.20849227039827667 1.8938302821917201 9.296153763125384
1.3240972252057208 0.14334223803406748 3.949713133065827 7.160125854383805
1.4725196478356337 0.2649711509036967 3.9847047531144915 15.810443917416174
1.3617120062647254 0.1679250453197439 1.6122374858723967 9.26943717329965
1.4482313284746415 0.2742407324776358 3.15799676245752 6.647103522952968
1.3853236060287917 0.1740076075297311 2.4786677315580126 3.5009549115088
1.5046752128677663 0.26323851639764834 4.732058278901315 12.902732706165615
1.5407392888938405 0.7887432696163864 7.898553912030791 2.226924862523625
1.4190561169576983 0.23659877137182433 4.92186551963773 17.835766072238854
1.5010023491914146 0.2742487233604076 6.113092839941622 18.445528711480964
1.4541219330645268 0.4195653991781727 7.491467963421172 2.8340975093343994
1.4064105932564512 0.19245443004300727 5.945928546680868 5.626718553531088
1.4993668323541096 0.29591350837223807 5.326548611033567 7.670246511869546
1.4531814837735428 0.21096398072453224 6.558688962379547 19.439884499567913
1.3728278064306312 0.20095847591726715 4.475057157938908 13.983135301156056
1.3925972439489487 0.1521469024161095 2.7798121758323004 8.923452675193209
1.5288386527350208 0.5406113592174865 6.750496900969385 2.6282593885375922
1.3571759918560102 0.18215961083069943 5.683432571195802 15.936456062748968
1.4211813847061867 0.23548290437388372 4.438642405243739 19.538101315598613
1.5069172284862131 0.27697173215074916 4.421153378599438 8.89895524162801
1.4840646117671492 0.3884931889887485 4.700046284154169 3.2553234960121804
1.5171779689712397 0.34239792547176373 4.619856552577033 3.860907306078051
1.3537566205878675 0.13119283612471377 2.401136464056197 13.925870002452875
1.4890441864475212 0.37833848083693344 2.4566347809421414 2.7186997622881672
1.3555568445907302 0.27095950383595596 3.459623815802806 2.896196102533776
1.427912727113655 0.26219544257795696 6.460061807923568 7.004256718686344
1.3645988297443754 0.2637925097223941 7.645775908265641 3.2679428737573537
1.3656217666725883 0.17737864013317658 1.5195594254527982 5.804206502193045
1.4047979977144451 0.20688306516927135 1.881001827602946 16.96142980542506
1.4880439345770207 0.31613092877383925 4.929028884471402 5.0431235646928325
1.4729720625671932 0.44963387998800214 6.107391543199986 2.757892285969558
1.4543346904336012 0.21161182337316234 3.72760510687242 8.544920403800036
1.3554041884495427 0.1963046443013809 4.466316316633833 2.9585495519624727
1.4972498116789055 0.27060374951054866 5.128173009938546 16.824733899172152
1.498153282201025 0.2762074051969966 7.703634911732583 6.7146004901133995
1.5280434925971016 0.5631707482529221 3.947567931226677 2.526190275008907
1.350001458987583 0.16763482592090137 6.5207570890985025 19.0714097241268
1.4322192067011832 0.3750523080564018 4.421994006355644 2.915974474766331
1.4377584082534383 0.18413745871315443 3.037178050488741 19.35653768639098
1.3586591408693558 0.18771850549627875 5.132971070626667 10.821886950325494
1.4509808823753627 0.20046528326443 3.6629742584264924 15.601464517297861
1.3549665358138776 0.17904313209534167 6.035860187896137 13.918311848089981
1.3779858081726462 0.20597232854439473 3.4625217238727615 11.1648336442409
1.3971614312476301 0.263302467463631 5.421318158511614 4.403423550576271
1.3394751988133287 0.20769283431827038 7.024277640793944 3.6594925537766683
1.4201332795481814 0.23705257068366895 6.491727676383025 15.13855044348465
1.401811444921453 0.21735483454079485 2.6520329981766837 16.603428116707214
1.4601560331817136 0.27558317577466535 2.1780097447135383 4.784094506028422
1.412439713187052 0.5307588364096498 7.012044620387851 2.310261472946409
1.492369871096145 0.26930637306767735 7.429901288629699 17.57534389527482
1.4985815535726514 0.3243531954505854 5.46917119722929 3.739419617510089
1.3439391685564452 0.13440835041143342 2.099843013162287 7.958247395913144
1.5044089318679332 0.26829000188705704 5.499113744850391 12.14688759725615
1.3748415350678007 0.19251192322571534 2.0204699534156787 11.22773764378665
1.4283692565952486 0.6339211012241565 5.562141095140095 2.2328427848089074
1.456649469883562 0.2749907941899473 7.603031055171223 7.633499664593684
1.53461246284899 0.409018687783523 6.933904587691746 3.3511608993589137
1.4038931917428275 0.25339882314549445 4.498858535857683 5.3776845537674065
1.3409328739797632 0.22064883767048246 4.03713991181897 3.270586399773454
1.3788647341650124 0.20424491010584855 7.818379884165093 14.750156339124121
1.394542427691296 0.37167339603914024 6.7024338263610055 2.637120266934721
1.377224831617955 0.15542356534393112 5.184620736399546 10.410641923205782
1.3629031300512995 0.27912292863020427 7.784975680128213 2.9522273105635346
1.4671336997424909 0.23474045868598342 6.323252632912912 9.110872224287183
1.4651502238326723 0.21967355791663215 2.7759040862015203 9.237769955138669
1.3818274889843634 0.3097449435366873 2.461315730826487 2.2841446129011884
1.463661729408963 0.29231002678056245 6.575636184521355 5.727409995687088
1.4691140756183179 0.40826935084525456 4.356459386103341 2.928402095572209
1.452516048498938 0.3666722281073974 5.597585659695942 3.1807637067467374
1.32577771569188 0.13218239405453225 6.396183639723605 7.7273210721519625
1.4947325680808556 0.2671516514862071 6.320908210366487 7.789141357583182
1.373199135733612 0.16409391333793574 1.729233442413618 13.018473326407051
1.480861033928905 0.27626738833221154 3.53460409667656 8.039362048770492
1.343205971945348 0.15261594246859328 6.6059136169897705 18.98031330632075
1.4267132550767494 0.183001292215694 3.1818410879292593 9.221462464526246
1.4240611627990494 0.2414940029248899 3.6162753963395855 10.524785745516896
1.4438266761748837 0.20142223196783637 4.843841173435948 14.852111917072582
1.4249760731380954 0.24078006908250865 6.440182807025262 13.098440226249409
1.4845615713184601 0.26178925593013647 3.668201639778965 14.006228876883098
1.4669211126717645 0.29342114687919935 3.5244433856449935 3.2581414725083366
1.3663689827860857 0.19116961935014207 1.8629468627585941 6.770013863434212
1.425904763604134 0.22524322313574438 1.8805192334725067 7.620458521076042
1.4113476767301678 0.25163440095670503 6.012498001150852 6.2331148351037875
1.369068233817476 0.13854204263600728 2.4929780119962643 17.835170786666538
1.4147989720063432 0.23545098354143623 2.7713028192493354 9.08736041583473
1.4764648451156428 0.23565848374778875 3.7520410233334065 9.134120420771549
1.5173784377103794 0.32635359176068013 6.1241982909074535 4.683131883960155
1.3531162903618728 0.18081765035606118 2.620970306883896 2.8639385367255397
1.407120150676243 0.22037059740949588 2.5276629951494147 13.498877519224012
1.3244174333434646 0.24428860098605668 7.158091207550672 2.473529700429391
1.381650516354037 0.20457955115043128 1.9031878981346664 7.164706052636193
1.390726882683905 0.22620081130295613 4.683442852988043 7.465798382891636
1.5219894595705752 0.47392606358641126 3.9601697169239363 2.6524068641410223
1.348799378096065 0.14890256115558018 2.1732203445586427 11.503289110990476
1.3601355984962793 0.18696341008436057 2.7372124305813283 8.73402605905807
1.351187844626985 0.15968241206638847 2.7190901115476076 16.63052697673142
1.3433284523174378 0.1718517020065205 1.646341211576507 2.9172353011917735
1.4884663907881794 0.25947175540320566 5.27559923595247 7.8782870240684435
1.3990464305420118 0.20892557235220352 2.221119569427854 14.498977109365603
1.4528276903198547 0.2568288670123511 2.827414410670822 8.468497820980051
1.4085252376642394 0.2474555207156214 4.972960484570599 6.24922048748738
1.3910891761251025 0.3988155882332773 3.2370267711060636 2.211166646191611
1.372909044690847 0.2028816981529958 4.390298113741849 9.14079412346202
1.4398043794459205 0.38675798389220223 7.366908320281833 2.889769861288966
1.4343204470268645 0.2125302499019916 1.9671687041342905 13.432740323902287
1.5023194381539726 0.2681444639373606 6.756015756264928 15.464154971980212
1.4486134409629772 1.3403688440726633 5.244239547789036 2.0342491395148543
1.4679740877858602 0.22161356446248412 2.6882811562711133 16.396358989028812
1.435920052111928 0.3799037315466542 3.046156810223894 2.8273428220418753
1.4794429442573933 0.38274205568753544 6.82813612751639 3.2384967256534263
1.3798027995966722 0.36228158957858475 5.904178526086164 2.54728309855432
1.4889670984536227 0.3445974176141486 5.52041443098955 3.90785785578191
1.483282270091253 0.25927607126500835 4.529154628983556 18.408954357229838
1.4969583992039865 0.33742274390568394 3.128547360038354 3.363545393736806
1.3552534740061815 0.14973748488837488 1.7429955094192116 6.519694653338698
1.4967515115966274 0.2751835574212935 7.860336646996133 11.096230770422451
1.3586016690310045 0.19624151180243526 2.2885439915989547 5.480546679351422
1.438541567272862 0.20988969436069949 3.1055494776619854 5.2524114043419186
1.4000371183305202 0.24155759460384557 7.368319902584328 6.146603039288236
1.371478743466406 0.19818229162361464 7.898367723898263 11.060532081448152
1.390413635776189 0.36582878952638387 4.398042747255235 2.599647713738055
1.4801982543258192 0.25971101345487263 3.773545556992847 13.012709208957789
1.4381341304163826 0.24966334345339192 2.0405260759405226 5.278868012120487
1.4168892449836559 0.2278648372032777 6.5934175958482895 19.15243163818042
1.439920339266799 0.275154526930121 2.6287238557766197 4.8511181656114575
1.4847649208305103 0.2562849001223515 3.605267916967571 7.037295195339471
1.4960727208669744 0.2669896523267571 5.444463026137279 13.273829840638284
1.454213264922124 0.6855195734139831 2.725236479936008 2.2076742565821847
1.3870750674713985 0.21582893816979912 5.385593289813137 9.167401736326209
1.484927140727444 0.24539950660719823 3.8582349183597735 19.57494905539749
1.4080440336787807 0.37830376215479933 6.750800319633674 2.683541635509381
1.4039255235384134 0.22433694748242997 3.342789541259992 10.293857716389235
1.4157215114972705 0.2226175666424976 2.605402426359189 14.55346028614209
1.397726459297898 0.1794886448054254 1.750722680620211 11.31134969081107
1.4584351746994644 0.252161260462554 7.051239880689703 16.87103268011056
1.3770469832892491 0.19775229843701306 6.761810141621333 14.956559518772185
1.433603963556684 0.40941070994642764 4.95354845809573 2.685549413986733
1.4994948264159371 0.28720903018667604 5.037552655223139 6.759646444289647
1.3368074586551897 0.14099581403665798 3.7315566268343976 5.417993186853309
1.457306575557811 0.217784017604482 2.4138594714801487 11.557336506648305
1.4737385387412365 0.24577567119320767 2.812110915926442 9.366402633456525
1.4098389670630356 0.2266872438097216 5.6760833575080625 12.842826069220411
1.379967543183874 0.21348638503376696 7.543706456773559 7.699177818142838
1.4302194142419262 0.19247700019536446 2.033596836964591 16.804645054290905
1.5187267954429116 0.45666435459913735 7.261254851943418 2.7465877623941353
1.360945548409422 0.14036752797336358 3.45318101399835 16.023375621354475
1.4348261302820262 0.2545593524144068 5.480985778815237 7.84377501965872
1.355738411573808 0.6423010703922037 2.7952591926876442 2.0905010826254653
1.4619487283697752 0.2598442479627215 7.229052182060901 11.198270769274256
1.3336857558975905 0.1384993121711929 3.874357466499516 6.977905965594111
1.4770415872285523 0.23837900457654643 3.5896248051400237 10.72798604570951
1.5354949565199378 0.6844867663410823 5.128443759442547 2.3091441724595447
1.3499838350519242 0.15795443229308223 5.091927344462661 17.834974034836307
1.471136705011963 0.2575196585259293 4.992609887639315 5.38629856566684
1.3944522736613831 0.21554347561716683 3.717562090818053 10.363728844044664
1.459975403427134 0.2697199875793904 2.8464006567124525 5.9003451497676895
1.4580061693209705 0.25257184266130756 5.0488892756248935 4.661101659682446
1.433722083928528 0.23607131580665336 6.616974546612278 18.866775897590276
1.4614051128416667 0.2967949000387153 2.817146180613324 3.090858273242186
1.3439171776854333 0.14473456113157385 5.144513043753987 17.59349098814814
1.4183189876738291 0.24464768181405971 3.4558253946645423 6.830057948576593
1.4207782837366851 1.596216013302982 3.811010677416914 2.029218122473817
1.3698474992949827 0.1854429850003082 5.32546673769376 17.22746275245494
1.3609153721479985 0.14002636260104342 2.8918465376935147 14.132703904758413
1.4247186096893967 0.3928452896678021 5.741306857464879 2.704898333202098
1.3476229600413754 0.17168132374564118 3.151522289862699 7.220306931238293
1.435990282407642 0.19494484120862934 4.649523634467432 17.753349478729035
1.3928605621137362 0.20766381628765673 7.822549475266358 18.72858390161437
1.500633581230276 0.8557947823633237 5.4818961793345 2.1405841689536276
1.3507817736875716 0.1619603448243771 7.573121892222891 15.32479872971553
1.4791346986182385 0.2627256825086745 6.6896039521406205 12.45837978232259
1.4389869371553987 1.3128114635830808 2.389431065973034 2.0260736054735915
1.4840108777001948 0.2450016800968328 7.920561193717171 15.707288058630393
1.472082915898246 0.2544646344529388 4.253035853305819 14.371130849180336
1.3756542732885673 0.15459995778429003 6.6521341741968705 16.52223514252557
1.4417724659050362 0.27570341424772127 6.679270339834589 5.475729266619608
1.4935643858528054 0.25837127001574645 7.973963265745123 19.674574649033758
1.3859171121201008 0.20782584585854935 5.6280775881840714 11.142493607579476
1.4180704724599988 0.21503858441525617 5.143278150772736 4.484891305818575
1.3973951752331315 0.24754129292256608 5.486142102171691 4.89412392334221
1.4146499289915901 0.22526151866257985 7.452446105918 16.140198261936956
1.3416915648180723 0.17288331661031128 5.92551449503482 5.811208124729161
1.3622331086460946 0.16501025015515702 4.315675263106216 4.3725974240531045
1.4003443787872363 0.18419921284643473 4.770571286337611 5.830346275609041
1.3655900258042872 0.14235789194022772 3.1164919290605706 16.032670073038403
1.4304575029969921 0.23843408623736753 7.978933505421115 13.085231672496443
1.4563687263552247 0.26428296510569876 4.610678803362799 7.694584848354895
1.456995159559532 0.2714191207076072 4.541990573149523 6.572556075047004
1.490096524058978 0.25403046870147566 6.527568893879042 14.23439473748073
1.428154093580872 0.19378438419409816 2.0882004312853186 19.083607388204967
1.4098062535501705 0.22358978012050823 3.6902170036848294 11.591232750929157
1.3408977180457613 0.1599220918404721 7.931799569741533 7.973000046750029
1.4421744325714698 0.2444482033013209 6.859211397923713 13.137407420403818
1.4410511692535064 0.24431874587436894 2.833453088124058 8.673950261898208
1.4757050906758422 0.2853806108257367 2.822030964057028 4.0102795942348965
1.4739526300103478 1.0616934987445685 2.188289009003342 2.0722458143732685
1.438550098735882 0.22621507756725637 6.814952676765651 5.831750874433816
1.477851563570184 0.2745703890392777 5.552113137157809 7.668878260734518
1.4112250307656744 0.17313176103420255 2.0915853032433587 17.83291755401857
1.3917186209610093 0.2087224878477761 1.7507473758080154 4.859224565999556
1.3882570924528284 0.2267631691701882 3.2817728401717883 5.596771370993755
1.4825586944169244 0.25959387721564076 4.3526770543237685 10.243142036433781
1.462523331225459 0.22226182697823896 2.9083040049747937 15.244248876750419
1.4701714259291536 0.2372154860944059 3.366711110701215 18.26789058853592
1.3689723499141435 0.20154374024911786 5.279952145018395 6.820919223609032
1.458805275161002 0.23986862169164694 3.460922282077869 19.234046591847076
1.3471648106416798 0.14160053967540534 3.285801602086236 9.825784802512201
1.3865627227401156 0.19472686868248404 1.8633833511815387 6.9279947406354925
1.384913880893674 0.16090915841545647 5.644198356682203 15.166528976899647
1.3979788557395354 0.24906338476432932 3.0279249999687057 4.452390255643852
1.4660026836830347 0.2561085220163647 6.129977427683619 11.953906625674062
1.3954354288684319 0.18628564679294018 1.8957922906387203 10.641074183000697
1.4037216690416976 0.20171930501512253 2.3922138599132468 3.4588209892018407
1.3471074822112246 0.1502844862397814 4.07126933752734 14.230905611213137
1.477985127396995 0.24933896036514114 4.610233337290396 18.271276534848514
1.3702060328733092 0.1643867866555412 1.9238106259110817 9.253151440014701
1.4024341104273537 0.23513949054850522 5.9487479548832 6.505154598659805
1.3671150147027196 0.17118761462923876 2.146149111486801 10.387878004047817
1.4787515760013492 0.2556132178583143 4.966190932898794 13.751440605023213
1.436353999891672 0.2486381018174308 5.362087425861683 8.589406559522335
1.433884242276621 0.23276741371703713 6.618139924895187 19.513663560387315
1.4364377629197587 0.25168664650872347 5.790820827991887 7.8897292815884015
1.4613592988925839 0.2725337976925681 7.224875865763366 6.7708029130340535
1.4260723754835047 0.30839447079537285 7.786288478913505 3.5595845206316286
1.347813396844404 0.21680049358771894 4.395282305653172 3.403774704591759
1.3867544466359893 0.16418423736999396 7.406294497235416 15.191120876166144
1.3731174786969653 0.16136312985450352 7.673845414674171 8.285820018934293
1.3502795051778964 0.14044157253830722 7.6845223157099 13.830851240699507
1.4801849216857774 0.24660607301332502 5.446722707893289 12.352191484286976
1.4319383639397794 0.23993157987759534 4.829199410520876 3.9184474921297086
1.4773881949972871 0.27488256336872935 4.445935720378168 6.900954534437162
1.3999976511477423 0.1624989966894317 2.5166201853286756 11.05192715167592
1.3687278491709627 0.18466659096095409 7.645115788902392 13.466040464023092
1.3448730325790657 0.13945185475057076 5.537100681594346 11.435088128158489
1.4325064741766442 0.24871808580570104 4.794744872587891 7.680667568991559
1.4496068425021007 0.244807226412378 6.928979661780512 14.10208032903089
1.457900704759827 0.2216010108406396 6.561370957209335 14.940871287414211
1.4763223851910352 0.26916668074679745 5.9132854582435534 8.273759950036231
1.360039317851386 0.1846791352265117 7.371729751134057 8.19803529872857
1.4775442373410093 0.25116068147214476 4.168178046671374 10.683784870851348
1.354456529758276 0.14552662978660755 5.8877448342874406 9.451196711657726
1.3964188457469637 0.1704678156212103 1.9486726896001705 6.530866036637541
1.4592226879041572 0.5737030247818107 6.758664054156471 2.251793700936646
1.4817577326618294 0.2582671555522603 7.157322453618733 13.204242295910595
1.4438807466719816 0.24406792900740243 6.975234763849026 12.251317022301524
1.4258314437647885 0.22694448720837676 4.31691549499054 16.832884007392146
1.4875588621994185 0.2539123178787032 6.978653201823273 14.207972368992982
1.4722681550450871 0.23297554958635994 5.154979953897319 19.292107738454405
1.4017712780863696 0.17478683646319412 2.888008372806013 5.773432071186525
1.3791690070610036 0.20204939875838399 5.2871411201645255 9.079354726048111
1.4668144533394916 0.27138588477837805 6.1260079194498305 7.061539262326338
1.406313712702276 0.3428687153882669 2.3493094217203527 2.7032666549075772
1.3602675619103022 0.2065595746049628 2.8478229945536633 4.3901929195457665
1.4550722902604254 0.22406355901163336 3.120786203251402 7.030204481525185
1.4291495246935173 0.18504339850935 3.267565353061438 19.454274901424128
1.4624494416916538 0.2375171548999163 2.8834992720830357 8.445764822395521
1.462658510347612 0.2492739541564106 7.068689991512532 14.472064345119419
1.4045884985920831 0.35765586335667615 6.157262776867916 2.7197301079785046
1.4270775849244386 0.2301008002631781 3.3809943322722513 11.976147183082864
1.3966828902238813 0.20468788711670338 4.676625569783613 19.135675450694773
1.4618153205898212 0.221658429537696 4.266819508291503 17.051716578332172
1.3368631741953618 0.16572433963832328 6.931159955771625 5.17217036486508
1.3880425406298593 0.19479118394943767 2.6336003270729167 13.849966770353522
1.5060655008337618 0.9604491213765574 3.3487153695292795 2.12596843644585
1.3593908205299423 0.18207323942663997 7.395286160610486 3.8422872175308997
1.4408952105168535 0.23799139625480747 7.933423474673663 15.457995566781827
1.4824626543855772 0.2526239334224121 6.551425917477609 16.279246013697612
1.3706959428620282 0.186960410965819 7.911132889077781 12.343891591625287
1.4730015282298377 0.2447096604405177 4.2786194637691395 9.503957929403372
1.4705028551699808 0.24796173123782017 5.368495995391674 16.97789277660024
1.5002561061482074 0.33474110951348957 7.567311552853775 4.053590614896843
1.5033393881605859 0.37270163663599926 5.22968342242573 3.299216177300843
1.4611624155751195 0.2386791793588209 3.1572677044561264 11.198671639165859
1.5004868322198828 0.7221439580130716 4.349578161693557 2.245370807132123
1.4464285063504438 0.24690754259141368 7.485720032891599 10.823108315268342
1.4696848185396316 0.25135699061102207 4.84152353408048 12.846498776858864
1.478992599257467 0.43825288678524593 2.8962011647241175 2.487173365247126
1.4486856048232393 0.2081604630633232 3.1139395110854706 12.306679705666587
1.5020273301136458 0.5438790586532607 3.6525893983810214 2.4311815465185496
1.4719221569175027 0.24229937619883088 6.224314463193018 9.962242472408937
1.4708433511096517 0.33949606702327534 7.01748841955121 3.107814572314127
1.480073171763907 0.2774849024049979 4.413118111695914 6.102562595719627
1.4968527129424785 0.30709328028514077 7.027545746675216 4.876540711222809
1.3376553957548531 0.23373720228665465 7.497448607288243 2.6159335685175824
1.4368448613061031 0.23069191216462848 2.194555017659677 4.385120038704533
1.4354863619266385 0.2551771597177553 5.423764142694147 6.617796015892903
1.4011449543295944 0.21489556623709202 3.7728285302148823 10.486623699598308
1.380097673577522 0.6729544533987722 3.646130380305285 2.0717657035516854
1.4711049214036787 0.25039841495120874 7.099091622264123 15.156022083827786
1.4622786143403381 0.2489392444048485 5.93886264831157 13.16442166645265
1.4661916851437435 0.27325018863058725 6.113466990747077 6.531737691120522
1.4853869712052565 0.27977505260803975 5.8968129705918315 6.564766935833346
1.4839350585965312 0.2647288564420818 5.903399770989665 8.934459445066459
1.4065336847130778 0.20540740188694906 2.621817577130398 15.626475916250408
1.4644028420122623 0.3305024533219025 2.879470453134539 3.322426557351837
1.4635676968218283 0.26586550383432295 5.169768114268136 7.234448301126125
1.450054058158579 0.4792995899658135 6.627985485789643 2.35140387989275
1.4445638519419255 0.22190098589479187 2.8485272221766484 19.69536131150622
1.4182286688804768 0.23658778350659965 5.88774722014716 7.9570928106376115
1.431822294488593 0.23337704466990722 7.789887249041584 13.778488095781205
1.4317952507680238 0.2116319138505527 4.229611690395515 5.7924212425675154
1.4400986238854177 0.22765572205165285 2.51371329144409 9.022884103601768
1.3705162315411616 0.18066208798843905 3.6980585084396598 13.648758103087136
1.371601462362689 0.1784547394996905 3.758800138330612 17.31035485496374
1.4550134884577721 0.21461622062574745 3.6557546664092846 16.141043288861567
1.4650367036647325 0.29006730981035794 4.774537382846328 4.913535100765312
1.4834431981398053 0.30262107427963475 5.069153205412257 4.103403520686138
1.427475239515612 0.19694585775880666 2.326484986387608 19.872666510082418
1.3827335532391554 0.1900491498347582 3.7273382758276625 17.449970882510218
1.394728813951876 0.16262681369150092 2.3422233108766948 10.157741926828281
1.4224889227143485 0.19104725999264768 7.269906027373713 17.997352289819375
1.4758636462334878 1.043105395470653 4.01042917979112 2.07095254508576
1.362507555608086 0.1473798262224961 3.0249636486586344 12.516512284883149
1.441458188026655 0.2041308017184651 2.632665064808959 18.078773713089625
1.4698497996490136 0.24433486876864827 5.358808124027462 18.758940882196995
1.4725978046102548 0.3093973284242221 4.228180879061078 4.18905078316455
1.34576910987844 0.14885371171945336 2.749396123752417 5.72067752796025
1.4675497868374032 0.2398810394572336 7.647457689178515 9.466788624215875
1.3487905266989517 0.16231814840255768 3.524009031320937 8.024796955687085
1.4487637259608999 0.26990913048980614 2.58168191215095 4.439678126447699
1.3448741882973834 0.16090908315316385 3.4719202799214415 6.840637355080098
1.4495252808341772 0.22848724270661597 2.6882043273933185 9.348754937564603
1.3476852862610915 0.23715500693324934 3.353092509740015 2.584831074529353
1.3469726138098963 0.1625608344016077 6.3128051194460575 4.354318555260837
1.4379772228245646 0.27572164925675274 3.18212321065622 4.475442852097535
1.4664849371266404 0.26554601947452394 3.806575638019102 6.49364908492254
1.3652795057524947 0.16507213110383687 2.518967593130056 11.517273135197417
1.4304857321869273 0.22775246487423767 5.699820806802496 17.09767368083242
1.4872566817264585 0.3922354051793605 4.948333668998444 2.8412326552315723
1.377866263735637 0.17104074835188726 3.5775175980743494 4.568658958992296
1.3587987430817263 0.14809637909234938 3.3034236955098373 6.9637094977563905
1.4719075156158017 0.23693495236676218 5.598023762251841 16.422862244417956
1.374601263579782 0.19927169328315347 5.465801257951345 7.572926603130485
1.4428501260390894 0.23516895405831487 6.513605623092427 16.372700114586145
1.345183279731641 0.23854959975371573 4.834055210054382 2.623461095867587
1.367667374664785 0.15707474407937444 5.909989002367695 8.274679037869985
1.438126139241645 0.2143211099903137 2.4492993828811143 10.1999975951861
1.4516636539520928 0.7885911843016111 4.191186091070309 2.1519645794284017
1.4429173962644954 0.23819207182838872 6.970343104676828 13.440745794928814
1.3581837648164337 0.16297839994759128 3.479079922144134 12.762908640282745
1.354829520216074 0.15015322020981559 4.322128388487218 18.04825896181887
1.3890432380959983 0.3226911734095259 2.423212106337899 2.3206085993466585
1.4071421400992339 0.17370880707149158 3.142585419460464 9.59388866215705
1.341906240392837 0.18923681950582252 2.7638328412567694 3.0163321814404322
1.4312165511274126 0.2530029330290034 3.847058771567745 5.966998147834707
1.4800976528898921 0.2565639342087765 6.370221801308312 8.927677810614187
1.382435872060896 0.25875028656455185 5.249007686673437 3.4813327006633337
1.470733113146879 0.25585970098872607 4.194928077681934 6.699109874559262
1.4352963191805834 0.3960162835159446 6.580462985219885 2.710873205495036
1.4360035101844124 0.3835555981503936 5.036902239209433 2.769875770141424
1.3688088583837812 1.5100255503303646 3.658238731452987 2.014731588818207
1.4399555830078312 0.20543908060850033 2.6723942664707963 12.97251796216831
1.354706444533005 0.2062994599690123 3.494752107278518 3.8885359320839363
1.341067618854596 0.15814165754331597 3.070431204871222 4.717393884083197
1.461426181764753 0.2758090715728094 5.7429684029520125 4.1301112737936805
1.4841604387874554 0.6942163333793112 4.181570281708915 2.1884983711327757
1.4170212421207293 0.20319387701951985 2.555592090741293 4.344581713578885
1.3846630387959555 0.18954248386776845 4.288351179082486 19.364200966446248
1.350534848844983 0.16480473441756038 3.201547616823786 7.189397613379972
1.4484562322306875 0.21306844685511642 3.051119494321261 12.67361706469849
1.4454831000683228 0.23155842956066305 4.114876735830395 18.041352890931368
1.4715176081068808 0.2541301557433738 7.600960664644932 6.915112735303566
1.395982000816396 0.5325077894282699 4.144312727628931 2.2259157522090844
1.3816871040688565 0.15547115993881674 2.7733971575291734 10.948796392789063
1.3839281660713239 0.24638642514173306 4.2976382450397015 2.803639940558984
1.3625170291759028 0.17936399427648508 7.066779905000279 9.083988757519418
1.4752974982283056 0.23955362704554903 7.720647531256095 18.447012837135485
1.3607811840932065 0.21112221503489562 3.980234213334915 4.072191273952931
1.4119484279844723 0.2149394751310187 6.487178571235208 16.42985431962332
1.3907978230131977 0.5351840182689209 5.804384745343498 2.215067837765453
1.423252796259148 0.22735966174316335 3.1740742203923684 9.341903360266567
1.3738844569486903 0.1814263386222081 7.817392798264194 16.59472666280774
1.4153354784138212 0.18447910843519644 4.307996689669519 11.57434733564809
1.4358139476663727 0.48140224379690494 7.564749458876603 2.4270984095894637
1.4630029118287946 0.27099246917879705 4.188407347164301 5.83541728717668
1.3913785203169993 0.18197128456409933 1.9880095032844718 7.175204907104256
1.4149126926197475 0.2155884864636109 7.91956795136263 18.892880455978247
1.442527737762696 0.2628606993525433 7.31318582373399 5.926397991255431
1.3877273146392306 0.23018674152673627 3.1217417022462928 4.603895859484375
1.4481592380612538 0.6300208220193765 2.9793497277647547 2.2245588854681873
1.4037686755405618 0.20079318520188377 3.056880153219223 19.98793396309721
1.4156098718442087 0.29794541487549936 5.255244370800028 3.407700999924237
1.409881406643989 0.21625950896488863 5.580965725555116 12.8704297793142
1.3442020734857791 0.1599679954160761 7.541525189330782 6.9929012490366596
1.4966148478161871 0.34122646111702964 7.010752885924222 3.701355454691845
1.4936836468024026 0.33685515859657894 6.3353198142234985 3.6669871531894835
1.4052504236966596 0.20797387074082624 4.532256643467788 16.854211353291227
1.3910957883994244 0.1626931093260587 3.5606725864134923 12.893294522476129
1.3948421258092027 0.19931585279210942 3.514041585359841 15.006600169445045
1.41479059913499 0.22879042171233016 6.713496603808663 8.638700986138376
1.3601585500910318 0.1987330715103396 2.1733331645335916 3.8859665866425823
1.4291026664419713 0.21481932615826912 2.732214330447549 13.826089268345655
1.3500139900266337 0.1469327177892339 5.0508528976113976 8.293209361338805
1.468539338020015 0.25097641323068937 7.941600979214454 11.38038923698293
1.3481984709506645 0.1570924585715102 5.4086879343392 8.842707037577823
1.473894305311878 0.24482511400134194 7.303534050141247 16.076508070597814
1.4754416174791753 0.6620671210937269 7.571620612547853 2.2156253843144817
1.3566478882504664 0.15514148783976622 5.261121828093551 16.693728876410326
1.3825285927506221 0.1887780927710326 4.543645068054111 15.656618884229834
1.4666260576795955 0.2328607093763702 5.833697012287512 16.52010478618509
1.3745321873827892 0.20734572728411146 3.4086488159709103 5.374595567569571
1.3598465113711438 0.1591865303288258 4.694868480630331 17.204662159512274
1.4586825602552098 0.24092967016691877 7.4860228222353005 15.468609962601654
1.4573687274247251 0.5125791365673691 5.019515645023338 2.4170753527005666
1.3618926649334817 0.17741940070876114 2.581280967171949 6.406350304818513
1.3444371185876203 0.1556317450613429 3.57534688995423 6.278050693546923
1.3460441189279844 0.15701138906101006 6.350359389104673 7.899084308007177
1.4448508140603873 0.21791013137294898 6.283311039196911 9.954959480233827
1.4472678668700323 0.21958242574626352 3.1855647644667027 15.794037897697626
1.460293309106278 0.23260558629728337 4.519947271187043 19.748373834367115
1.446944047119722 0.24130767418242802 7.170696883333079 11.130591489213286
1.3494444694007897 0.16822096590597455 2.7860310638336703 5.247271330958276
1.370710397170378 0.1535037941448944 3.5471549954844934 15.107034203219236
1.3859291511177094 0.1710163543040492 3.0499111475020926 5.130575087426822
1.371405661263691 0.15934658961217882 3.70406045318549 6.501275748695209
1.4145757641194252 0.25257545023472594 2.186586631928933 3.8025928348040154
1.3970544968958323 0.17947453091823165 2.399740427297007 18.70526077610757
1.3499091517742643 0.15866399102115694 3.0491171898856466 4.3934473967559615
1.358380614372357 0.15138576362280992 3.44673703436368 9.490819516373644
1.4292148736958843 0.19407761323519063 4.51163714817092 18.50251685954656
1.3845011900902298 0.16077737553948662 4.267658785095769 17.11355382419209
1.4639910839545784 0.2904799261752378 7.99513233043045 4.762744610277524
1.4397886552686432 0.4791956082928251 4.024697332478636 2.422085961252953
1.3803938753994707 0.1659373412502016 6.203129249114365 9.12635222860702
1.3353067361047395 0.17182710322933667 5.972004429918117 3.91777721106843
1.450179451592882 0.27866028660806763 4.6707220829282186 3.573003701943997
1.4216937058296946 0.21197961345105745 2.3163363797054015 4.478320560555968
1.4187247746462028 0.2157966719381227 6.966475563357957 19.459412310099793
1.3675762471213826 0.5336789929684995 2.9600950662462675 2.104206337849433
1.4335073680863664 0.2545795453156535 7.119868843968453 5.998992171609963
1.4534905795661035 0.23366737679827115 5.860399251198392 19.745382756835784
1.4412798202091062 0.24187142749017018 7.454701622191948 9.388754291634603
1.3869803597447654 0.21962489161283197 4.4045493180204485 5.508930767444594
1.4520776448898294 0.23862313298835425 3.4096369443749053 5.385876362664238
1.3555072103012513 0.27649807951952615 6.62833218672241 2.662546960896822
1.387482149014968 0.195387996968135 3.016798707523531 10.28113359697009
1.3544871554150357 0.14679594724323364 6.739440019186087 15.871293448666238
1.4172613760331871 0.21683530533652517 5.113260686848542 14.988097604116726
1.3519717953302188 0.14566942506646202 7.275697713404083 12.532113019850664
1.3639528718809726 0.15991122086957132 3.1067682474808835 12.159507417488586
1.390976710593043 0.16639779600793167 5.260977159392713 18.289412002857098
1.3624157847462035 0.26160438526096824 3.7685925427057096 2.5524114393575266
1.3735352165901373 0.1771116340070412 4.205911062479985 15.638644706662168
1.387644774701235 0.19727889751167085 4.2994334031980435 11.197491820993234
1.4642763975363842 0.2946369383297218 5.053234330919896 3.696443324037587
1.4487014477424853 0.2675300901050866 2.672247833085863 3.6986237567576827
1.4416485721209722 0.20528803562003778 3.5045702494750577 18.7509196367133
1.4227198363578928 0.19432076632506193 6.308149745636045 13.731069750503261
1.3966390321106648 0.6557929633714159 7.723142392441477 2.14454329979736
1.4561379144295747 0.23397289816994848 4.083224857513083 12.226939292867012
1.3438377343466832 0.17065532209464873 3.363779803015032 3.862397331772389
1.4182668645978065 0.2864144849656389 3.8965171207911 3.584214073464156
1.418110563538571 0.2138406936146893 4.667829078917235 18.176807188413928
1.4407681265703902 0.2878308258082896 2.43044940746464 3.0626847135916533
1.362769130927115 0.38400084514772675 3.0640541807563784 2.2180601870378456
1.4282261842318005 0.27932020323960915 7.798979047811438 4.1466006082143565
1.3961030189866013 0.21130633953315078 5.17965168419822 8.569078991876903
1.3622535751948486 0.15134889402609028 4.576563970073132 12.579429253376643
1.4678674955454962 0.3389003514207895 3.6195313157149953 2.9931570711127113
1.4004440535335045 0.3234354519031731 2.105274383796247 2.625860466241466
1.3850186555497712 0.2053054535853967 2.434348785399755 5.5585682255221425
1.401128211891172 0.17360988357187515 2.5794995812787316 19.011287967170617
1.3947234325759166 0.21383351996106695 5.036121546330104 7.462055475467757
1.4378565613347887 0.23137127229378487 5.577564853798039 12.53051425793316
1.4622016567282825 0.237416008796226 5.192746068156347 9.997688728622176
1.4224756544281172 0.22081852550400652 2.231377581778018 4.8063591647294635
1.452293578740764 0.21922197683473166 7.135753490744981 16.127903847833977
1.384878203126732 0.18256482756548217 2.9372271992970247 14.791640551670131
1.4547968959833697 0.25498960378874297 4.754522273403423 7.106285286324777
1.4545781570265328 0.22247572066917046 6.257643772285704 14.689017434639219
1.3823676605353041 0.1982119723586411 4.1386100795040175 8.262159125834836
1.3421672860761118 0.1747684782403777 6.1640728712513315 4.409068354559785
1.466096887088628 0.2390603828684571 7.992683974940496 17.214727429814655
1.3711056238968764 0.21020722142970422 4.08728781338211 3.1519400369992487
1.4446942096919524 0.2517262588358737 3.6461237218241846 6.239460587023613
1.4422887662613664 0.3956259540428115 6.045699922465225 2.5251880083664604
1.422081212391571 0.21256477783758354 2.6699815947979135 9.769478339619187
1.4129615128252526 0.2245416022323096 6.510514213266713 8.582942863112072
1.3534946078914496 0.14832849905215834 5.904539342901277 10.540570641662361
1.4704867594430362 0.27268771839793743 6.261907298550481 5.931296341688563
1.4295076695407034 0.21885290566162213 3.7413313621075126 16.231583659127907
1.3739489242460576 0.22722469524756123 1.8948684175758725 3.003770836506547
1.4569101570022749 1.0888871818106234 6.416556396337466 2.0794158217028427
1.431821066177646 0.19972911874574545 6.043888629274549 18.130626626787755
1.4116219373679986 0.18367687598871643 5.488659596140579 15.632831795045036
1.3777767339226497 0.16035013638144174 7.6420666240800585 14.3773456533291
1.4573292517877847 0.28388045708864984 7.108257868331165 4.757380270406648
1.3829818385942463 0.1730160756440842 6.407765848059843 7.268521169323771
1.4814473253387694 0.33652673647062475 5.684439325294218 3.4003741968422103
1.4148161436972835 0.22080701319968227 3.219486140464597 8.348446602143165
1.3858503196728293 0.1769824641590422 2.1578688790803726 4.7070346946891375
1.4068816005815572 0.2059962938331788 5.8332975453715825 17.630591468599665
1.3578080133397525 0.16963870218482902 2.3172064941593087 3.8234066370363897
1.41643780484214 0.20577214372870176 3.0075412215908672 15.42797356626182
1.4287241976828673 0.3896466378974151 6.514552601106378 2.4806955951456726
1.4394355900779483 0.21807165753677077 3.5943989969152597 18.797716377767454
1.4408712078184953 0.23219974846035232 6.74214230357373 12.906394790537199
1.374401017208401 0.16382751112952315 3.251037871562298 18.090615696839887
1.361393102416511 0.15154432011007024 5.0918761000005155 12.26847155461206
1.3404913214135827 0.17457331600959267 4.6609057591081715 3.6719081517237955
1.4550722933617142 0.24318976109659649 5.481651657062011 6.1668933490442175
1.4651847375992142 0.36606878245407215 4.914686992375496 2.817503870446076
1.4515164065042372 0.21797761698708426 5.534721571124694 18.692724392331353
1.465997085487407 0.4244033529432239 2.9433164281010864 2.513148362040298
1.416351806878943 0.19947806375782234 2.612091583153258 5.15880256129986
1.4521813829686816 0.30084575726995866 3.88630648225098 3.1629472818314808
1.444632313364706 0.2130079605177544 3.9237291443055344 17.513516550263947
1.4057330980842475 0.22542841281101114 7.740825275686931 6.988710375283192
1.3535323774970436 0.1721264122674464 6.0781188292085595 6.521604476265219
1.433745543956666 0.21328321801929317 2.7289086174459976 7.186872850040842
1.3950222899465357 0.4791369009604577 1.9458102049283887 2.1632020230857356
1.3564691450826638 0.16542045046421114 3.7850760668660293 4.591579252125155
1.408496477434742 0.27830465901574686 5.82909022246484 2.9260600897446447
1.3856265600728017 0.19178405620128766 6.289768777491238 12.993540482755591
1.3728716835676087 0.20127880937606718 7.780477880141079 5.844582725806164
1.3887546254612866 0.19119603272149419 5.257533988386783 15.683085519633174
1.4599655139263947 0.28252688999984504 7.6494480971393095 4.872821791084272
1.4367094831203806 0.300084890598048 7.503729661075491 3.691128499463109
1.4517377931793622 0.2307691925706439 4.559711336748312 14.378482854018843
1.4296948648778862 0.21335045567344021 6.059326948029615 7.097078501087671
1.3882234813434677 0.17399785483189667 4.436506461319378 7.183583843765895
1.4481286258392179 0.22566228105845287 3.9509656732147143 12.768033826329754
1.3497324023474215 0.1500345872413019 5.963480709340863 8.951566577779523
1.4084560767675836 0.21299248333811124 3.0068968011719392 3.755500312214891
1.4773899914000417 0.2797126542369954 7.426618816008565 5.3519173817011865
1.4161311559764145 0.21197569580699083 4.431568352595215 15.366036844657453
1.3992894456593734 0.28076221751566993 2.216549547242517 2.5605361409196346
1.3939578709001856 0.22482859308878192 2.0473931926991837 3.0787607393446574
1.4102089635222268 0.18384109285728215 2.9823597502566805 7.752831963001469
1.4374908892841414 0.23082500857713342 2.9518753686121677 4.6968528705692325
1.3716119504652025 0.19958440650955142 6.554545042358153 5.778853181923802
1.3978364562883105 0.17265968050115774 4.936354048921447 16.641961764937122
1.4118117778614867 0.21424045203886322 5.0687877353619255 11.5873137739005
1.4625139799103588 0.2509286836310696 6.712720935191324 8.5665673527972
1.3768656435505169 0.18406054930654128 7.460441957770775 12.045855144838697
1.365819599090331 0.16177279300851582 2.6022086405461065 7.0600664226740815
1.4256699278595684 0.2677170759335982 2.9082885461354904 3.013682292343894
1.3620715856806545 0.15495485859108438 5.190917109975764 16.92469071491117
1.3854492885965906 0.24634017608353348 1.9570332522249831 2.742343689247206
1.4576647493933694 0.2248482551939833 6.513140213949237 19.08682026658948
1.4419672052454586 0.2312858661061975 6.803274289374384 12.98759151163954
1.455903111321244 0.23107192877280514 4.93172788824865 13.474958545933141
1.3680563515540378 0.16093369418082848 4.55379609406344 7.209484048439743
1.364376233100694 0.33524434276685416 5.353449911542822 2.436867305629204
1.3667613188350454 0.1965464281820434 4.293285546355279 3.4657208155328263
1.3641966412834243 0.1640228739837888 4.386103666677775 13.109792284275262
1.4163741661681988 0.25194132692490273 6.262348561823435 4.838646551788708
1.3815427821687054 0.1858644069071068 2.2171926736631384 5.894455148755927
1.4672139027733484 0.26315818864159446 5.784590751125199 5.695055175727145
1.4080337548411288 0.24016690863438694 7.003160041686529 5.210125516607555
1.3860100529483292 0.17887944141958895 2.178569242918209 4.959767226913009
1.387361535671292 0.19137817230686943 6.496331463835633 13.93105754242535
1.4457527533533199 0.23089829721081048 4.67290424628774 6.558458812790857
1.3998861328913648 0.1816846135132604 7.9470850068262395 9.997389708091013
1.3871810534048685 0.19146940687710975 3.208957276855389 10.226530596603158
1.4722530930004596 0.29357401201865035 5.421023792778522 4.36583593889857
1.4798889236450097 0.306182992541292 7.744303555007123 4.211944308965977
1.4318977632326737 0.37653021565851735 2.7472474772850437 2.621579501512867
1.4423240440641134 0.23038166671770152 7.261250128716468 13.408267052727748
1.36264511775491 0.15453618504914393 6.519680910841001 19.029412827813154
1.415999826333275 0.21602072361477884 3.635255278370235 10.292913789017138
1.4108451139501683 0.18526991167544454 6.410464021185038 14.517301500445447
1.3960079514575412 0.17597342074498354 2.868477178706462 19.778082344332812
1.4575470315479633 0.234111188696117 5.849755441648667 14.1672285458349
1.4153093436076871 0.20927027898498196 5.904698938021585 18.59811031451657
1.4209344458648814 0.1941468442767032 2.95418254851874 18.169189740201592
1.372150018772077 0.8507136712279291 4.653239008158423 2.058708940869116
1.4781874559964667 0.5316213416470129 3.968410031917575 2.3675620356938767
1.3878743393330293 0.16571910265599843 3.5107664944221413 16.06774277993937
1.3994033449029164 0.1758790650978276 2.713776453073299 13.293369580268653
1.4518955619726963 0.2754895524726576 4.178261430563792 4.645061112090309
1.4315023893826533 0.2108011471211205 3.5010151635267968 17.31933878910577
1.4301541551188628 0.27442742701213363 4.970013284319295 4.1731966926572195
1.4359346188473565 0.7011833910019831 6.053163940439875 2.1375932722425537
1.4256785835858912 0.19842728167561596 7.646154452451768 14.03019711710046
1.3975905358706793 0.184207443587806 5.970726569374773 7.528404915512969
1.3860610704724279 0.17308339848793172 3.032513166254877 5.470767942771801
1.3924312514572206 0.22075603433399188 7.737041163572865 5.687962991204308
1.4117619119590796 0.21397242905833921 7.378787107790445 11.576765147481604
1.4337161514044925 0.35483462848821706 3.9782834921259793 2.5612096167657423
1.3767283089020992 0.1646537504051563 3.674596129291481 18.86646231456953
1.3665896278190826 0.1587710442688053 5.090286885400903 18.85156053936152
1.4228512679925127 0.20109011628899184 2.978700580683894 14.157259447509594
1.37695201752481 0.1915170687084386 4.238841478314758 7.678607235049752
1.3769876117605229 0.1743119898771154 4.636797797517889 17.825831193889194
1.3739352441906307 0.19259588869324457 4.649357803358725 6.8394489722967275
1.3962372011158486 0.20383957602803782 7.4950347278577985 10.424564342701382
1.453660705054263 0.3889201586341186 4.776924715246168 2.6088549291118346
1.3919341560241352 0.20979191507389397 5.60725493666976 7.11613893645883
1.3820555475581666 0.21719473448015758 5.008309511252232 4.903660932695987
1.374975113619839 0.17618868879887886 2.9930959351696087 9.19324362297726
1.367920951486065 0.15705605674111636 4.737780101286376 11.294213277727424
1.431930528833195 0.6703457385174084 4.445594858469733 2.178777216462702
1.4325320597171025 0.22252182677423754 5.704802368758925 6.017008110444493
1.3702599593851412 0.16817835999594904 5.003739452935976 15.612092315515605
1.3564711333260755 0.21025334943639906 4.471055906681487 3.589358243572443
1.3971889427668291 0.1766083468521614 5.814666368306652 11.739754051499652
1.3623603707449359 0.15240404246933184 7.850632946643115 17.346380410783116
1.4127862965504674 0.40465938458201767 5.383523369188989 2.5011219935794475
1.4403905625579623 0.2125107472153501 4.166481442676517 18.815538395994974
1.4511392501997697 0.5829851641586343 6.161359248988315 2.2870113038333737
1.4279829618446538 0.2130973562465684 4.018699562742394 18.684335450730675
1.3510004260873996 0.21206490418416477 3.5140860235899005 3.0155495130667065
1.3549220258945902 0.15297586051972792 5.487201658271292 9.357139718195514
1.360187226083715 0.2897252351626198 4.6181038589374115 2.5830124747588856
1.4033508586632895 0.21741059705072374 5.0459487874767905 7.417239172207179
1.4496172224368262 0.22487193320789456 4.76645691094018 12.711626555518757
1.3510270363305443 0.15751163111240465 5.335056142214498 5.763349909289245
1.3894258153267611 0.18238740092209632 3.386736457477072 17.373548398274554
1.4208824502764505 0.21500289364622005 6.826387426422896 15.005761382850263
1.4121700731101523 0.2059182453733469 5.9086453292269585 18.537316115262414
1.3870423559388685 0.2065107645921246 5.873427109586547 6.816765226179053
1.405863220513582 0.20187699794386263 7.465985921894196 18.459055260845354
1.3706715497788964 0.17859400091464486 3.494956303728169 4.144148155852358
1.406914645149321 0.18870004031924068 2.6003287372696797 6.244395079190083
1.4491026845335775 0.25434904502864836 4.66257854870474 6.133409035720224
1.4107005402174726 0.20246047874447162 4.051677494703096 18.621161568105073
1.3694723859580225 0.16285375179720374 3.2484805336306892 6.269202364354886
1.4365402912484184 0.21081755000340097 6.492552535761613 11.285547743991987
1.4470381097950566 0.23056995863992136 4.1441469181371655 8.37928713455401
1.3928788208723804 0.19534582211529009 3.8106462669087455 11.379425676079787
1.4207928051450769 0.28248115732046425 6.004971866783306 3.6915779160519455
1.347605209653274 0.1578551730163239 4.949131266531942 5.878930383800947
1.3695763529398575 0.2721885384192763 2.573427863756418 2.6787750437474283
1.4778650027166564 0.4141056721052466 7.35135757282812 2.792757842224568
1.4063168842181137 0.18797965503405195 3.091994357673386 19.24615622858655
1.4256173928091946 0.20991428083590868 3.5280012195899833 14.786871977693007
1.367419524200449 0.19534484783374698 7.1146184661550365 5.423777868024649
1.4317572028657493 0.22149587536767223 7.906997281027309 14.942167818911429
1.3803990922968805 0.16499120276416882 3.7010095460014485 16.496634484228466
1.3475107557916128 0.2024560593363975 7.600202731365295 3.4092132177248127
1.4097025080518608 0.2314922675047764 7.099741167256482 6.011284160192286
1.4016465292023097 0.18245815685799638 2.934628507185338 15.783734628419351
1.3750666842041765 0.3518085067733932 2.9734069616811616 2.2866495558198143
1.402486818169825 0.2155936830690332 5.690025607884439 4.192468602881673
1.4616314215497503 0.4120689669108797 4.486553637021021 2.6955386779462644
1.366890616345433 0.17402991285440253 2.8603526477741594 6.33515791675784
1.3804800125354426 0.16511286034654685 3.374724350023749 9.916849652869304
1.4519029216988044 0.2240327340900984 5.781107268813596 16.56342385263464
1.4031656083904358 0.17693517977018952 3.8450280728110373 19.389889787989365
1.4398566264383463 0.2569387783112836 4.037554153479351 5.211953488566786
1.3750989343795759 0.21812044666560465 4.535282356587283 3.2066241143235956
1.3730018826598984 0.16418306602132363 4.561298809099338 19.81593560356131
1.4506584259865436 0.23934865297014077 5.688551300147383 9.220932204739412
1.4324837651321918 0.2054431197529221 4.682132443144129 12.788914949155426
1.4056538153275815 0.3345651441836807 3.220079994545235 2.7191702835414087
1.4607638475886828 1.0138443962874466 5.869253803981382 2.0784238445706946
1.4068639532741123 0.21737575069743395 2.2546304551491314 4.017442557721926
1.3940312954859269 0.20823208335121038 7.564940631950974 7.714258244337325
1.4497682763655826 0.22867258143588087 5.85205345404985 9.059709155207871
1.4237084287082955 0.22664662301202723 3.1056951375526585 6.421407281513369
1.4127129103863614 0.21344426592894583 3.5228371352209003 9.046011419596606
1.3545937927285054 0.17661093733540217 5.1219805232094515 5.374428880099327
1.405550795092109 0.21692333971196193 6.7794109883910165 4.379896583647439
1.4439718970469584 0.23169896795917563 7.75672932762576 6.630012752088337
1.4601616458941957 0.255169106834675 5.71119707458319 6.068743776881416
1.3722000733549584 0.16936353821937583 6.107008313190696 6.373313804947999
1.3761541009094624 0.18224342547996022 4.134480191418586 9.498709766270863
1.3611068940529973 0.15508270007366504 6.209635920487587 12.172160520761974
1.4650861546326719 0.28974533461535545 6.191676604391436 4.0510336881977675
1.3947524053685019 0.3593115182765905 2.350365401087726 2.428542663274749
1.3765813086983418 0.1726244401920408 6.381382009722575 17.666763322620724
1.4264274414024425 0.20914844411369804 4.222805174251702 7.131900019804014
1.3584183918345714 0.154532849605347 6.177247246839984 9.602972753148448
1.3599557466039087 0.15760878962251273 6.6064285953479756 7.470735189165245
1.3867067350203428 0.1883540251421105 4.542004236287816 11.943841806024473
1.3926184752901092 0.4223898608209901 2.6239413016612234 2.216148641831991
1.407874135211053 0.20971085819718951 3.4820871146951693 8.816443933367182
1.3842584512101448 0.20525819855748426 3.716523330311184 5.889898701326724
1.3820502628404974 0.1889409451312614 2.8500245675647733 6.7961221210074445
1.38002334648715 0.1970183116366302 2.191266582728413 3.8432721615655225
1.4311154746859642 0.2090805380044977 4.004323933043801 16.633321913278795
1.4018055832415817 0.1772665864383794 6.715779865317344 19.603255635673822
1.3569759348478079 0.1773705338245307 3.692356175446611 4.102851797091658
1.4633200423987014 0.25849290224425286 7.515823445823602 5.906448524979547
1.3977709104225942 0.18208469249099374 7.294484697328648 9.16247676766813
1.3770055917648616 0.17601259001037692 7.516868494866233 14.611376281712817
1.45124334997718 0.221573310358612 7.224153637996056 18.342835201274788
1.366909315858817 0.19063861087579576 4.137200283217753 5.425991406830654
1.4186769620483664 0.32151293405281584 3.761698474523304 2.6112264402866723
1.3950063480532298 0.17879203692626722 3.280008965555289 15.254180841021153
1.4535587815387703 0.23039818716459723 7.532669945377664 10.21028952433073
1.4590004631338787 0.5044259401424795 4.00967627894712 2.340611496102568
1.4340334888797814 0.2137830579807132 5.7558697161639465 8.815341769183718
1.3580448293770178 0.16430741537741134 5.512291309533927 8.005703919954039
1.4069466161012198 0.18544741615667396 5.073564267655846 11.124156672387182
1.3998518361502277 0.17580742337617566 4.962359931520275 19.699063201512505
1.399915121512403 0.1781580838627224 3.362850962675501 12.85699569139128
1.4348906509186423 0.2106180822143443 4.586390582033566 11.778946683001825
1.4055972709560578 0.2532885519933542 2.886020413347791 3.7098823742612397
1.3919341677735424 0.21966399593831562 7.4475850866851765 5.4220114520652185
1.3579175796603715 0.20883080012282088 3.5580043951911464 3.14057983937776
1.363483851345403 0.3564296471782692 4.441920210957642 2.3255092223899614
1.4527532977180277 0.22710651128984027 7.610824645699969 12.085655879502434
1.4453622803430006 0.5113166266160653 3.790233707193473 2.347130206802783
1.3760964350816627 0.16431343766842413 4.3981756916232415 10.403864663710793
1.4478014220763604 0.22378864324953665 7.7845175860458315 18.363316362229607
1.4011427586564036 0.19785076892806897 3.08811060539324 9.118588745695186
1.3731778451130146 0.17021899633699072 5.456043115439725 6.368504328414939
1.3785921940530224 0.1687028121312213 3.269952519063578 8.799027654467888
1.3768375919570577 0.17039507684428562 2.7548602627963605 6.119346507011388
1.440574141532878 0.24208781580352884 4.160094258603707 6.390199542440328
1.420664423578256 0.3183703291473058 2.6909014730517855 2.834965364933078
1.4531950110913563 0.27455870780588404 7.9460596738074525 4.786106703394435
1.390581959911093 0.22146696829814821 6.387651954287353 5.0761627641176466
1.378424530007217 0.17423317986191444 7.6750490580608535 17.24141335589942
1.4517172772748577 0.22271211476105884 7.9940209482588624 17.971882187665194
1.406668291169456 0.21090550573091804 6.910490342387266 9.490456724615713
1.3913996362109262 0.2037426803465274 3.46640168675472 6.836017481573332
1.391951157712045 0.23389683849331547 4.5572901244958866 4.270656557564738
1.4050451135936035 0.18395196333795313 4.07953297214707 10.48638991983197
1.397772520555364 0.17885535629447594 3.0710904315869425 8.872326657275984
1.3923059012351708 0.1730410596286471 7.6404328663950825 13.77301128408508
1.3786828168370842 0.2068450882498739 6.757266291641566 5.2771457223963765
1.367821417449827 0.18825585297478425 2.67817405423159 4.388891460831182
1.3795553875385558 0.186714033051119 4.306912671262904 8.689254025943283
1.4503805469573323 0.225394220885911 7.405689734214825 11.802375225950682
1.383182732670729 0.17773509528303147 6.92210941766481 18.743899799088926
1.4069324833788817 0.1893377779590442 4.919893377004255 8.683978693704931
1.457777383836439 0.33473746194155457 5.377770782895415 3.0468699622073325
1.3943592486319454 0.21967285471745396 2.948114161539637 4.74868519790523
1.4508733812319257 0.3030106562188255 4.2935178117770825 3.595949685144698
1.408096927842705 0.21387195209355905 2.6179542216337923 3.998410506333996
1.4217754985668871 0.1954657812639673 5.165972619571018 15.469591112765174
1.3940401430273388 0.1843889489736026 4.044805429404596 18.734197922817447
1.3941914758452363 0.27913533412153796 2.6314504099711433 2.6000111624619526
1.4034055234495586 0.20312065662380754 6.452110469226241 5.321513594251395
1.397831383056894 0.84123134525741 2.402268681201803 2.0594155676280237
1.3988732419176433 0.19109583602929436 4.5051766924517995 17.49440856432799
1.4237433308056133 0.23927630872548417 3.8269111254151813 5.508601376604953
1.4005618596709772 0.17931308182367148 3.8980686327927487 15.778530815742966
1.3750740246863034 0.17027892617919055 4.083047175730189 6.571017570066454
1.4263471352103552 0.22183871274359573 3.9441306809284784 5.207893004847708
1.3626745453108535 0.20580225456480966 4.926495898405279 3.952790650797886
1.355993975593179 0.1794195111006004 6.433948925810161 5.105970560494623
1.4052582356530867 0.1946637818171103 2.6979198066605234 6.276996887134684
1.4306152353302362 0.2524117487140483 3.4753279185608674 4.566121299639811
1.4086814842372783 0.1842372669793477 4.592554030032838 17.9841109588809
1.4405213752254529 0.22873288740559825 7.36723783907556 10.597138079518771
1.4135973218923645 0.20919003320677487 2.7064603587354146 5.188990639716421
1.374925297982446 0.17436471166237397 3.480462084075086 8.556825278432704
1.3589130189519454 0.15637252508300972 7.6127687496814325 8.924696089303888
1.3911976100116306 0.17758658701806299 3.8547510355530834 17.5695587989523
1.3806307221813312 0.16536516988657057 5.14069266134368 16.003796659976846
1.4146793652983654 0.23585720359542578 2.521108965742056 3.7638183369943405
1.3864685548806663 0.1745211101327264 7.06006125369368 8.726658572988546
1.386013566932802 0.1755337421016376 4.451092805516208 19.749650938686948
1.407470684831186 0.24390844184495294 2.4734633497133913 3.579350480840441
1.4261163433042652 0.21245705933229353 4.1474849421811 6.899125135567875
1.3925833563661125 0.19084464909460944 4.138323770046281 11.63200753078315
1.4483027952184622 0.22371487955662375 7.439282936644464 12.16780013308538
1.4088654768820161 0.19039033184699006 4.691821723634307 9.2409913631548
1.4280552872917793 0.2070215438594119 4.677558626917631 10.128975162390462
1.4411001791881215 0.2551814130802179 5.399697656585833 5.354525631386162
1.4477160647960137 0.22967321602531696 7.540537156188252 11.42427826120387
1.3701554691167719 0.17282242634236367 7.103943428065012 10.08812725281008
1.416291256347882 0.23849064326884492 4.900760286508925 5.291989866663577
1.417977051011974 0.28936297310999176 2.6098776906239367 2.7982073646553625
1.4382799816205343 0.23313564618706614 4.200050880221831 6.033141690578782
1.3783372855430778 0.16974575502255274 3.95703778307464 11.328359394208672
1.4723685577080712 0.35129238802444096 7.6673343084334284 3.1822892307447255
1.3846091752296572 0.4010454824519579 3.243042845858475 2.3165882207213917
1.4640719959720094 0.3767997044002994 5.206636076950783 2.80915239976426
1.4433412953106584 0.2292560494970603 6.017676976210622 10.083447875519589
1.4128067086845464 0.2024203823718504 5.093807556991779 16.136256495178994
1.4354601157591211 0.21603712265535566 6.264453031079831 16.991388540284003
1.4528879762845706 0.23756458803513258 7.3079791181587765 8.092858170197815
1.43286425731673 0.2325923887249505 4.642564514365545 7.2643068064093335
1.4499556631983275 0.25181446680841973 5.789343823265736 5.258370191595532
1.4035393002453243 0.3210169309084201 4.346275617831445 2.8030407460657387
1.425430944513852 0.22432457963565308 7.505157403257604 8.787025847030279
1.365454529748298 0.18623200784633567 6.769734265516264 5.647767837416461
1.3887619829960112 0.18915406545621802 6.465530520215546 11.54921639421254
1.4408600032509153 0.2729124051863081 4.627103332745234 4.247682383522273
1.370585714638566 0.17852084952513453 3.8828852717176945 4.782235046786031
1.419558515927026 0.211176027639546 3.354347466295466 7.505987020228362
1.430992562198547 0.2664709000046848 6.834137193791175 4.343950811198086
1.3643120508434037 0.17854329480534462 4.9279806135500115 4.507861270508761
1.4307380285299938 0.2701391542999585 3.2162310025275205 3.648355526661754
1.355043740497932 0.24809135992370332 7.108716283193166 2.7801704610665605
1.4208937179534535 0.20361298389465038 3.8465175385020105 9.344253156989009
1.4048321885314907 0.34749692642641505 5.984147755181937 2.662860993895735
1.4682902001998503 0.6317706088070505 6.200805538118662 2.256657280661358
1.3846847038879448 0.17715256076085092 3.42292882802773 8.900149231505386
1.4279327541093405 0.22947321499079273 3.882615113039295 4.906622642151046
1.377822710210004 0.3456661734558673 6.4017275928886095 2.393298317049471
1.3839355959116622 0.16678474269015808 7.270213939275596 16.414786127662282
1.3718872629494316 0.23624120057453146 3.3342181155367365 3.222749758334225
1.450364628333173 1.197842911648078 3.941334821841928 2.051403686201847
1.3718559289683967 0.19574061363409484 7.949075083037477 5.430348036496153
1.3808749463326815 0.18420304643758112 4.3638431880461575 9.098846459901331
1.4209107043450664 0.19494652580967203 5.324508774752919 19.495550923367784
1.4007440017273778 0.1895819954493205 4.656796903319516 18.660048823201976
1.438802978624488 0.21521087535301037 7.192785735807799 19.52932817141392
1.3931588162787336 0.23586615892772286 2.9174714126727355 3.0318791948293615
1.4212236809944936 0.2056722881771121 4.853496590985267 16.64562614442543
1.3811553683287066 0.16849677166503702 4.756785484022931 12.675732115868529
1.3781491091902465 0.16663601628613062 5.006776087287756 13.809773846153243
1.3894285194005915 0.18007422660767555 4.8723464935946605 7.2994325260336375
1.3887032113708169 0.18058863598504798 5.92513464209532 17.82164330308428
1.4172270301147125 0.24835097168285572 3.881211599545432 4.448223628154794
1.3834301966537845 0.1791316992422237 3.211500183087454 5.713962216961306
1.417462320816917 0.3052049391346243 7.686025697970227 3.1492308943956093
1.4398082923340203 0.2151417938572282 6.674392953488793 17.795437289000592
1.4187435145295768 0.21727559212528538 5.021039754724236 8.846442718995394
1.3969860400500345 0.2430560056637449 2.413908005035891 3.069651197437304
1.4412552648449088 0.3563028608186383 4.25446058528331 2.699683455483501
1.3890868658802882 0.2593424662328884 5.535024479342457 2.9257331522173424
1.4691617777181292 0.3989454293417842 5.9340158179632825 2.769193058695823
1.3771658905877935 0.4137199349674521 4.163852402954999 2.266054520632511
1.4629491229742064 0.2982247366221897 6.921725249004718 3.87802869748542
1.423637293593781 0.21268459187962438 5.5010886455483075 12.497436233582594
1.3792299766663307 0.18588350783347962 5.561978809238827 4.9440137147590475
1.4016396403147109 0.191547289962702 6.13181906097995 18.683852478427166
1.3920499302579792 0.196281508668561 6.339759023265428 9.176283907399412
1.359988183991359 0.26673736706566625 5.52933762314518 2.6803886182205887
1.4033832836229148 0.1930358522501476 3.054975468890279 6.576423501511842
1.4466021763632884 0.22693081914247934 7.79478449301925 11.119860139063476
1.4074203241635757 0.18334932741744694 7.34007471562101 18.877113959613265
1.373828919481124 0.16893742124056377 4.569598914139797 7.66584536972365
1.3884708364053706 0.17170775309821518 5.0587841963286895 16.778554089327145
1.3724011939712297 0.19957493267145082 2.6827097646214173 3.673409875730965
1.4409683190771836 0.2153330251668059 7.753865930245139 18.600759322865567
1.3991194336434056 0.1956222136218502 6.2471055553539685 12.375792581557834
1.4519269791419367 0.4039232936506251 7.274448904097611 2.679225266606815
1.3934420151971965 0.18978017256292987 3.3937809315388336 8.533674839455925
1.4137302293603107 0.21247229902091677 4.933537432874759 9.12335288092455
1.4097033421504612 0.19641588733657236 5.5947166425143395 19.847626746885023
1.4095221636127726 0.20128932485486256 6.02226024198009 14.140386380045346
1.407721368002881 0.21267544236594288 3.6740935062380378 6.974383967701206
1.4327609541380681 0.2704421223298 3.565858499789826 3.490694685148017
1.3546925090991055 0.23685024150076417 6.756838776379121 2.872882592132448
1.3987451216281548 0.19492884811677466 2.8012083011862137 5.470981530600209
1.3855880935058758 0.19090076757905977 6.572275333698793 8.866227370834906
1.4247317707637714 0.21614929974635483 5.297839602837564 10.562409529792411
1.4827217226514229 1.583298825169067 6.019377598707577 2.038580709300904
1.4002491428720876 0.20379260533950103 4.67578793762094 8.468764458715842
1.3843449915276609 0.18445431833570372 4.824874411339806 10.26126645048395
1.4155662265605782 0.21922975129137023 6.414069464837439 7.85190580181588
1.432994198402753 0.21759963215509429 5.089313687841805 11.092314821889682
1.4200050945770992 0.19923188044533982 5.019762246143214 11.511213260506711
1.3638891132866418 0.16348686757210337 6.666120021029208 9.029835724487693
1.4390675610680694 0.22562022479073357 7.548298104178418 7.341947402073249
1.3912464599531995 0.1750249205168966 4.693979946762096 16.566845096160066
1.4137366421146298 0.19642205018130085 4.860924543653111 9.257327945240457
1.3910279440385809 0.1945486951708805 3.6872549269253607 7.8150756245046935
1.4084044022127609 0.19944216186258798 7.923423702329211 15.43769500954136
1.4253718080987032 0.20178240817111856 7.434048563890675 12.978016907203893
1.4534661886535412 0.6535522468382744 7.319392158185369 2.2167595103760354
1.4210918244992867 0.20576317116103143 4.211857170114856 8.976514145004106
1.3784409865068912 0.17353618798307424 4.961493176140397 7.036573067160422
1.4169584508092772 0.19457668513276927 4.898860732474839 16.08473786072665
1.449394230747517 0.24863119630826866 7.462540754780562 6.245502113073
1.4220757070233458 0.2641566048381331 5.112357072199644 4.0323698896889955
1.403027234694158 0.24152956663199127 2.588378447355986 3.2244024307710006
1.4037930127212723 0.2618514743492765 3.195067402992916 2.911336510432694
1.4177889141721947 0.28849976324136806 6.034929196805679 3.3678362503154533
1.3816152882841843 0.1747045543731963 4.140832305562361 10.444441308333332
1.4482177137837133 0.27202956351168944 5.861797331647945 4.457426973685315
1.4057420171704451 0.19508885651158087 7.314542981968358 17.577614554443834
1.4254341297506241 0.578926644879896 3.5776192804124953 2.1841493875080427
1.3576574628389002 0.26068084159270616 7.242523813700004 2.684229443413371
1.3598760824882141 0.2788143218874907 7.780259366628403 2.5961747430925395
1.3837104557261133 0.32121020254193683 3.557141868026717 2.565691853888898
1.4293478358106717 1.478144913465631 6.493527695555986 2.032820012694765
1.4265189674992897 0.2050654481836545 5.166008903729376 15.312964776146389
1.4254068883003923 0.22171799394337635 6.652420904712335 5.733124755929765
1.4389037654033108 0.2582421457117064 5.456327244034056 4.845554752412866
1.4040146091562218 0.19479112107161195 6.251184783578283 15.450383590859884
1.3988326473298196 0.19325511034789392 3.3072983701679513 7.297266734354453
1.3799492403371278 0.16878344303861592 5.764344288873643 10.585363506907585
1.4496856074568427 0.2545482226395357 7.09367824250142 5.590329739482045
1.4533478633284984 1.3792906475763844 6.893286598543194 2.04064933060878
1.4118624192183886 0.18796825188036842 6.7278279623912685 17.805567150140398
1.4109163351856524 0.2199691168875355 3.5953037556285365 5.868670740117726
1.4076787249502578 0.19835696535118483 3.5635873876006414 7.993331928057254
1.352710457103474 0.17988142620962888 6.191817613348189 4.305888510669954
1.4068002417274073 0.1872574410352213 4.660488305997509 15.57835236182718
1.413143823848555 0.1953108539579139 4.42238292348144 14.023293378040053
1.446139787382733 0.2455388398900428 5.957341886052827 5.956670750373332
1.4077315019947487 0.20538590418920366 5.537571888122121 9.854967603898357
1.4430397419099714 0.3096100796529676 5.179769933562472 3.356334861042492
1.4228897107188314 0.20548786724145493 4.756555742362361 12.450393533650418
1.4107845460062882 0.20679194316532315 3.494967103139217 6.770053091386453
1.3655994600621915 0.18368577174404627 5.6929374106664445 5.530757419543729
1.427868291252466 0.2340364604514698 6.058321182901354 6.374952546788215
1.397033485526325 0.2446248035031831 4.456650169446975 3.84353305337328
1.3705152431770204 0.18410899323687957 3.7939123734580997 5.553445847736328
1.3914845239480647 0.20752879385044415 4.177464471553573 5.834894644327688
1.4222815948263072 0.2130280701485504 5.358770337391558 10.467710534372456
1.4005725764094765 0.19966289410140484 4.9779766798438905 9.471999449439238
1.4068305804084855 0.2295944667591953 6.082949072926161 5.1942669845651075
1.4173746652075156 0.2103916883944744 5.481277305111536 10.31009386670458
1.4083919739453514 0.21998070740293704 6.155402230790143 6.385349020914612
1.3745008287097076 0.20122619953303336 4.236803404192672 4.739791235320114
1.46127726274544 0.4179022046987949 6.210375529564034 2.6410588934279557
1.3756557237363332 0.23078437421472772 3.6368746402170253 3.4252541809665322
1.4079480577380836 0.22676858012833362 3.273608351900307 4.621452969549148
1.3642763950953227 0.16766345629520243 5.570573316559319 7.227050384225517
1.3888958571370216 0.47592859787141323 4.636496786684738 2.2365138184462223
1.4451983650095355 0.594601198552592 5.635159755781517 2.2465407219313525
1.362775337236965 0.18740846166380007 5.04584615581768 4.725272301506907
1.3944986382457305 0.1870176065073277 7.808954723431274 14.522944202699364
1.3609071065341638 0.1779433069372241 4.668804083026065 4.710288151266729
1.4397835043582585 0.23245253422811277 7.320902596771196 6.382698473986817
1.4172554935153232 0.2042211715187233 4.42941863673293 8.454054360455052
1.3778883432024571 0.16676760287784537 6.9491927615289715 13.05923825883382
1.382856432963708 0.2092980861050428 4.234332328675749 3.745663865755156
1.4285237306235985 0.250772466862314 6.679513328596767 4.864043837941612
1.4316684907362527 0.20814938138444075 7.973705768187199 13.659046561916597
1.38507304343252 0.19540053061939933 4.214913878037487 4.555467151690852
1.3741791240651302 0.1816439356404111 7.271145718782466 7.480452312025509
1.3794575296084919 0.16763420579111118 7.340087689684304 12.140285927340985
1.419026653655816 0.23674488696042814 4.9691511760119695 5.249137592563052
1.3921012775961739 0.1927780440631313 3.382663321297647 6.021841388495925
1.4437120093179954 0.236353840413074 7.0092808779494025 6.953234379463874
1.3674855312784304 0.18309219281468292 6.090594130148908 4.517611225577448
1.3909286022471614 0.1825768090791277 5.216777295459009 13.207542186653724
1.393881133794884 0.27328251471942416 5.28760245114718 3.1425092944097663
1.3620181933712514 0.19705908432767708 4.646575791162716 3.6773108494772155
1.4359739245922356 0.25438881809998004 6.979332678915998 4.922156012574175
1.4302082020292786 0.22645308468966382 6.199727418367986 7.652458478824807
1.4155640603405422 0.26578809772972506 5.991388249549313 3.767024713824177
1.4233734781503287 0.2732391882808289 6.271192797166476 3.319401536063367
1.4096532797946926 0.2258085946583698 6.099056204027786 5.652523046773739
1.365322609499444 0.1896134641612121 4.055809507244166 4.403351241290402
1.4167653200498376 0.20488722811004725 4.48521385150996 8.902603065724655
1.4023529705832358 0.22455558266616488 3.0890290328173666 4.127583436744924
1.3896549912365117 0.17792152169936748 7.555043857525005 17.519901806266837
1.4106420497755492 0.21854474031294258 6.756409765828079 6.744769898422678
1.4500968014787539 0.27817777006694744 7.09850684235399 4.185249316794143
1.4170846124297705 0.20857186157369534 7.644988879814219 11.011340117679937
1.416903561635012 0.20620080837154167 4.506881168595 9.129277201671822
1.4523425736628957 0.28203813747259315 7.329503378959027 3.980160911388059
1.434831483582351 0.38991146244845026 7.172524209954415 2.6329637409863373
1.437124927642174 0.2229176607184408 7.0665063506643 8.431366020694583
1.3836232648293854 0.17226301822591591 6.299420622086145 10.731916657053288
1.41960717912603 0.19695548947262814 6.498664925881354 18.31505985627072
1.4303215428528657 0.20937282585181516 7.343357281421007 12.324774152029356
1.4319789624557102 0.2162915866244094 6.755365686404358 8.855434958236193
1.387421574024386 0.23318437759805555 6.131054680523778 3.8855978826261905
1.4160981598844367 0.21280782166169482 4.290198957371705 7.403491945345159
1.4069168881758594 0.2303756967778372 6.286560807527209 3.9502319269575485
1.4004903700727396 0.19112427848026187 5.887170220457825 7.429809587497209
1.391678122608171 0.22545933610047392 5.952864232373861 4.416101537440323
1.387523834289683 0.1754815538735397 5.584408166067801 13.16087717193804
1.4533025720231827 0.31568911559375773 6.2435386012734915 3.3188882143476697
1.3996153362494512 0.22735602433586563 3.989049542203691 3.6922504544033803
1.3925986382240534 0.18083667226610678 6.76286720977281 16.280143163632605
1.4219714390195564 0.20199364662328842 6.762759167996211 17.028596803732366
1.3880840537107653 0.24305919934251433 7.256253982139916 3.169427804268875
1.3874066965829042 0.17585994311194422 6.395602178554746 14.875353012327892
1.404689934437847 0.20140486448065067 7.373608735645731 9.797054618465298
1.3760752859926766 0.23247437661812992 7.266664711427055 3.1364674375333617
1.4330746878850666 0.2262823196723612 6.223239870040906 6.590222082570193
1.4260639963427657 0.22723326050668236 7.406096899085551 6.958846305648711
1.388158095147249 0.2829310111296744 3.540852462649407 2.7471692715562854
1.3985185573945143 0.22103288969831394 7.1552504107503605 4.009494066876462
1.4039284119281463 0.2857231072029874 3.3172259017576367 2.841537520647756
1.368348909623919 0.23741775012490515 4.307529610323635 3.0374911807888556
1.3651086815478501 0.1932662195182765 4.7224817645979105 4.3241973149000135
1.3918670319914943 0.21867424088762805 7.855123322614284 4.868783000790648
1.387644800774681 0.18473579957214553 4.214871261941464 7.535684172978911
1.3790730548916843 0.18984973532694083 3.934346698396771 5.606587648819434
1.3884319079942131 0.1773445672229957 7.385395387117445 9.414360289394676
1.4057843300236414 0.19340186707907694 7.9413170836115885 14.918888579338876
1.382521738497095 0.18491846534909495 4.0984537035727495 6.522618587945516
1.4048085548300921 0.23532257975137386 3.362362008966409 3.8097061094129394
1.408913353852084 0.20599198799366022 4.114768502788732 6.669078749334581
1.4078926569270156 0.2158086681252969 4.4573089400620685 6.196465143201182
1.37987105572262 0.17859570674105105 5.296162796553263 8.727945573001042
1.4030492765001574 0.2054929754465398 6.687590884492457 5.332125059283713
1.405514705569538 0.2879530938250298 3.406294399864493 2.909021993554465
1.4032534706053945 0.2002623397521639 4.19120680465382 7.610743692064105
1.4031618612944479 0.3046806321403336 7.572528516874885 2.9110739404215087
1.4084231573801298 0.20772216385107622 5.7582560867801424 8.143961719244876
1.3640666127424623 0.178954855749871 7.827764951417624 5.518945421450225
1.387425312981002 0.23589337205843405 6.809953006501949 3.763585011700889
1.3603066124622971 0.19449228556230688 6.7613507545165366 3.985293097381954
1.4052014480309893 0.21469147948212225 6.216448653227993 4.7075825229963595
1.3972952197249555 0.19007252657362322 7.645073140270755 11.754940324522826
1.3964476850734449 0.19212053528814843 5.350511686535405 9.680761631916518
1.3975452419442775 0.1929247410150335 4.76103970858063 6.716509621716412
1.4409563180863345 0.24366527649282788 7.467908516878253 5.580740821973601
1.4359310515864299 0.2639540165005832 5.254960984323322 4.023840028483475
1.3997880358829637 0.25046575727646564 3.425220395815356 3.337839069059089
1.374676442809286 0.19427325836675144 4.5722533105737 5.030524529668512
1.4070411920590842 0.2146261553485764 7.691893981486232 6.643807639946756
1.3816965046088256 0.3383820562977033 4.823001211126276 2.4721949854496144
1.391500246266038 0.20908484835144817 5.753566379184287 5.473553274076046
1.4196913904535808 0.27236138533716014 4.429203062650186 3.2884655883470195
1.4194977643282622 0.21994589571700582 6.952873008202787 5.5204874685699625
1.4186658819518079 0.24114619025938824 4.785189908772412 4.640189183030827
1.438682670732938 0.26380055253967144 7.7863463714264975 4.054745124178092
1.4094245082035062 0.2156031151179311 5.200916260270376 6.4147340324909585
1.3742162052883953 0.23299382927006024 4.228071475634167 3.17030320974136
1.3924972038670753 0.23447385547525948 3.5796136396184073 3.5703080997801955
1.400112928109706 0.20595258287357587 7.863208509574311 7.023966312140409
1.3854115394285802 0.2135206437318574 5.288188172988097 3.8208162581244878
1.388598001994866 0.1945664709569101 5.112166566933246 6.835736875469902
1.3922613850623384 0.2045620341742637 4.32917861950522 5.63432815277606
1.395160795602332 0.46966121573320496 5.2105226043798485 2.2522392812323018
1.380088947417684 0.22168152676238334 7.986779307739388 3.924099085830762
1.381643526778279 0.2695789908874731 4.824130112633368 2.915395800723583
1.4175724699671344 0.5055768970358984 4.543902905181518 2.2568990888000946
1.4017692868817648 0.23081615742789882 5.253271187069449 4.471006780982872
1.4023651453452515 0.1941755195224668 5.061722561601149 8.410823199926638
1.364591891271757 0.2235437375141028 6.519309192121223 3.2249087467119537
1.4368014680965708 0.24076143895262753 7.530064834538927 5.551577200288209
1.4340636277857666 0.3765756715669363 5.3402534670970425 2.600157912457099
1.4207227940245035 0.24558308301118012 5.664785119636796 4.534955927988033
1.4225667886388638 0.3763648320391243 5.968909206894553 2.5977981208648746
1.405325562488664 0.191230208691674 6.335312482315658 10.652475168617311
1.3903310526331667 0.19382665822665446 4.748859858095147 6.921046079966072
1.3837428816817217 0.1818214378194385 5.356287057482545 7.069693664414043
1.375334042146032 0.1899707908898913 4.825875908258717 4.753204279284636
1.4123852251300804 0.22889090951380864 4.262875514555487 4.726720541295352
1.39272551611584 0.20698554291580754 7.793633954078779 5.794811917781669
1.407050266669724 0.198441702457247 5.690352948068079 7.7111989236098815
1.3767364238007453 0.19545891108920466 5.053584989602771 4.37560912053889
1.4150145773469642 0.2794544107493443 5.558553850123934 3.1087992876531914
1.3853263962094213 0.17952974963440183 6.110323800476936 9.184863843449643
1.4453452731334004 0.5304167537862419 5.980954001219656 2.2956716274398428
1.453291552401727 0.6524496425605769 6.703168632294326 2.201270140550242
1.438816017328819 0.3022946007257303 6.211373899528073 3.232275972568697
1.4172467340451698 0.23923667769614587 7.128525701907458 4.102637298646913
1.4140822485256292 0.20199615987043643 6.319116282711797 8.993840002894105
1.4181976046761102 0.213406901338812 7.388649794400484 8.016691552103092
1.4021720727157652 0.18775837924032684 7.76397209182377 10.924190451397747
1.3884364953550614 0.379260387679437 5.901512323459859 2.373968715834339
1.4165277429885754 0.25388423096518314 4.326917296551629 3.7449321860194087
1.4136788357077212 0.20431928745173095 5.893685713454607 8.348074223465726
1.428462860128032 0.22376999306710738 7.691036148017059 6.993722111023352
1.3820594583710917 0.32990729927185963 5.753357056845766 2.502650480732848
1.3916514163849634 0.19941026258194336 7.828849417637662 6.58443148879469
1.393179655941791 0.1998482287666478 6.929392702165695 6.691772720571738
1.4231298374754173 0.28133578100617596 5.509370191671354 3.2394710788370618
1.3791982586765328 0.2418982632459066 4.525873901852712 3.1984914663271615
1.3904785297380948 0.204400118192363 5.070132771217707 4.588469876632956
1.4420615009417352 0.4037750100954898 7.931251292511741 2.5474336691287576
1.416626194353314 0.2182473339447403 5.5755505077442225 5.698701389790396
1.4282209227963178 0.23651391351913947 6.288431205683332 5.109366880858302
1.3690730085523426 0.20551418680996716 6.93784282093236 3.913946830832046
1.3987374407667605 0.19327262632045486 6.7644444416942076 9.166545329622089
1.3751630905252399 0.18227766794734487 6.572970247665531 6.246582166562559
1.378651582650833 0.1778413496525805 7.3727477129092085 7.102712088558782
1.3995279866895327 0.20254179747495263 6.757085973022561 7.052869137945823
1.4078379710053017 0.23141897124335248 6.695865858284323 4.042097868517098
1.3986198252364626 0.25133505420019076 4.7759117211141495 3.26453775570789
1.3754358034022902 0.19338055215440156 6.4596680674447615 5.082447314321057
1.415865650184023 0.235436089456646 4.809891673575879 4.51486991944146
1.3936853998075227 0.276051650860016 4.461102861995602 2.898418928919048
1.3923133425404912 0.21500201613192987 7.2316079326519835 4.850929037363093
1.410130481546672 0.20751867471244498 5.6826846712972365 6.540746626812128
1.4184308846297204 0.24660839692012107 5.531074217862806 3.943418968135285
1.4162164406439701 0.20909256444601226 7.513465041931437 8.190257672822858
1.3728964174268272 0.19568515013305876 7.792245529944223 4.209126768942596
1.395518215293727 0.21690899074678072 4.560323073429166 4.586987367249815
1.4045295389679446 0.20557547626709408 7.223251863431322 7.080087495954134
1.4188542919603853 0.22395490426000428 7.89551441126478 5.966034818408973
1.4389617008598532 0.38047912706720766 7.129472904558483 2.652098824392473
1.3838967329207694 0.24268006350827004 7.361701366775144 3.358465577469446
1.4326829574623186 0.27970144711784223 7.295510924505338 3.6060805842542933
1.424507822465337 0.2573754201132684 7.475653448806478 4.069571167817875
1.3739238524105473 0.20375669142506925 6.838102548994049 4.181171126364273
1.419883378734604 0.2179209934696407 7.569348104753586 6.481409677896394
1.424274557878113 0.24502420775120698 6.393785016250414 4.351792228985241
1.3824244325622266 0.20684050098801107 7.683649180011184 4.076615563916684
1.4060930618909815 0.2333157627922814 7.570459760211987 4.429469746162523
1.4196024306962487 0.3019579093278683 5.258419439681874 3.0042084551993007
1.4185969117022297 0.2625018533104569 7.620296374200249 3.5077083289948567
1.381227812628223 0.22102348639028152 6.012616147825173 3.5711339086477256
1.383939520781904 0.2055496386038564 5.230451525362645 4.459483069907272
1.4268844417080464 0.4387933415459661 6.686845977927144 2.3977030761215423
1.4151606266846497 0.242363234640761 5.627333313604853 4.151920855738835
1.385109112500937 0.18958674518607158 7.746001814224915 6.39363112555678
1.4140834496807864 0.2417770922961302 6.867297389536952 3.969438756468934
1.3798084070770702 0.20023067262245461 6.426427250841991 4.401158809336167
1.4072621705577615 0.2830881996447353 5.843307504535163 3.0024992309656398
1.4031825364373827 0.2039448406146432 7.102751510347089 6.1399102957708465
1.4093031944914336 0.2155143563584877 6.495526381796157 5.630730288528155
1.3797187000567073 0.21259731252502953 7.990500301291655 4.0484097817459945
1.3928868896362288 0.2718660519569047 5.610769441768287 2.978878326562827
1.4025338705078974 0.2450015241364487 5.601199277325175 3.5759379012087167
1.3904348297157163 0.24505808240604463 5.8980310970390395 3.3405294871333924
1.392205578682929 0.2720758331015701 7.084041990476241 2.983870003544525
1.383293113727909 0.21680082703857464 7.050970219268093 3.862975039798597
1.3887452335981854 0.23188889437007093 6.349936308180327 3.575371831263087
