alpha mmin delta_m
4.615010467502222 1.0188721759283281 0.11971402687840312
21.182586457241865 1.0547029890679958 0.5527926053430217
8.894140577542508 1.032016181337873 0.805834679302836
17.099947800139876 1.0637522285901515 0.41024483145445567
15.630873963325719 1.0677582866114093 0.8653068719001877
7.435591454383818 1.0833401102064386 0.45540098861565215
6.908231943209529 0.9772465902548275 0.7703214697943099
21.573483181685276 1.0531552131973987 0.6902312278336943
16.528428354805246 1.1280005858214848 0.25824292359564177
5.488655591367191 1.1537976557901395 0.1336368314563935
11.836549260238947 1.0896721072764517 0.5557526908015941
13.76336338892747 0.9854097907632512 0.6205067756402644
19.183330073691028 1.049678738852191 0.5951606630391153
14.532742429607758 1.0164697492149342 0.5235636452727582
11.75133999900864 1.065861745052542 0.6895209370661834
21.96980486939538 1.0747123317456575 0.8388654334760622
12.209629175779568 1.026743602990975 0.9664039415318231
10.371599938825977 1.0925684227196815 0.14210365253856397
17.90979825238032 1.0564548374276135 0.5155377494831844
17.77424884270551 1.093824708739818 0.6083619919620609
8.962587825789019 1.0285095283210963 0.26268601495459554
6.696276454727725 1.1647956477738053 0.09772794660667676
8.831377747031073 1.1264415758176254 0.03549186104898257
20.461167855426115 1.0684324353861916 0.6100919034478488
7.5699634498233 0.9255754354035648 0.9676520765215313
16.301565389505623 1.0774773329753307 0.37648367072262895
6.695105223430019 0.9280624310627053 0.829158151851542
22.21041912807377 1.048669883487046 0.8235165073328194
7.019229440229035 0.9072162325520199 0.908723757483308
18.006200564146948 0.9823459363613194 0.9500635374647894
20.235054391670666 1.0236530281410678 0.8410897790253301
13.033553955810763 1.027837804364497 0.9822856619620489
13.196669430010125 1.092578410257548 0.5394706885814433
13.171005402409868 1.1447081241380215 0.1950951604306132
16.244916776228525 1.1107879553914095 0.304740108847515
12.805265545444907 0.9231890798041993 0.9376599951945782
8.505127010716173 0.9997618247461388 0.3407871849713596
8.399352640242071 0.967123017929232 0.8991240962872216
16.332931546787158 0.9901202512737963 0.8049823695268654
8.651197088318314 0.9815836676965636 0.40556681182962084
8.901299763465595 1.0923901997164416 0.432900698771247
21.48311390535217 1.0377080424568081 0.8776577256546073
7.802143982728509 0.9773212030536376 0.38528165819571353
16.352587724726348 1.0929683657771314 0.5563916110098441
10.088340801929615 1.0845919730190925 0.49774457918187753
16.666015999680887 0.9726319899944084 0.9447904189471442
9.581077659581378 1.0032476676972952 0.37923378754160564
21.02680043703288 1.0600592086584315 0.7836005861342479
20.712101403213367 1.0576125222717079 0.7560070081219183
6.315048123346957 1.058441105877081 0.1450303579073452
17.494485902565973 1.0943273964075868 0.4728910335633847
4.687153463459175 1.1137589233371967 0.20017440325748248
15.180059033169186 1.0647322002666821 0.7627294491125015
16.253839535249252 0.973295198163766 0.920237300447211
11.540469420892045 0.9160007488458607 0.9137064953137687
21.078040912830247 1.0436680267365919 0.858123728070351
11.415560018272913 1.0132099132238208 0.9309814782058315
12.760474472337776 1.067043736364874 0.3056244712886488
21.825598791846303 1.0469465737771095 0.9822403553892028
20.393640718998025 1.0469332167815961 0.7914838722502847
12.528145757830266 0.9747979341230512 0.6643783240886484
17.064559818625263 1.0201937991193366 0.7078748768032999
6.646241948387374 1.0515424110227882 0.16956919769935075
12.304705788634955 1.023658998889294 0.43663691792278686
17.708587787483314 1.0649693183835036 0.8025545622415063
18.093432107168095 1.082315701210035 0.5827235464859984
20.84683438236667 1.0407718503518604 0.8697528574681209
5.63372691285004 0.9424228069112557 0.5582443694366961
16.046229666816778 0.97781134657305 0.8945373544284759
8.63624572235053 1.0661669156109312 0.5091490154090472
16.853793241612028 1.08787260024651 0.4385858500829749
5.332119082385017 1.0158979060027353 0.4429361659793275
6.456659349798251 0.9597305677031804 0.42211236097262644
6.398197937498072 0.9352696791900008 0.5224012357519783
7.834645768184451 0.9129932966364386 0.9110363875375572
13.507938340693588 1.0837639361187779 0.5606646822086592
18.985239304609724 1.0584371866904843 0.8471389739505575
11.377738196465184 1.1580468176435137 0.07258113986006982
16.684454984421063 1.0506174544461082 0.898266601734684
20.573949494393375 1.031050774679073 0.9263946441075023
21.029831607122507 1.0292718494247453 0.9801409014429066
7.048999852327757 0.9259054077486046 0.5982444134218103
10.222590855080234 1.022042688900056 0.772702378165587
20.869320719463772 1.0347277387803742 0.950520038986393
6.941718979230053 0.9801982524590309 0.3724020213018507
4.253413156160876 1.0989141663226953 0.10769495837243058
9.517214221723677 0.9904618335259511 0.8626925320201604
16.531913849685523 1.0674042336434875 0.7266146206785845
9.263167338139354 1.0567234674424775 0.5632468589239592
10.88925324311379 1.002917849916808 0.4624666770370738
15.607682546926732 1.0058443267364456 0.72233081581797
12.311677882986423 1.1399387160080172 0.12400421144854529
5.654195222772783 0.9786836381047783 0.36564625330095224
12.089094294911014 0.9677497799256017 0.6991916198992324
10.799584735022394 0.9297312595275969 0.8182896500717203
19.59794585063861 1.0487748869312228 0.9312833443575569
6.774771809723987 0.9422092794638715 0.6865362016342321
17.134409650178803 1.0802945528371268 0.5390821534459355
9.51726561388192 1.1221035040956635 0.3021849721704866
7.302037149746033 1.0283540577452261 0.5527252707960234
9.017045798161162 0.9672149945294076 0.5113406942998826
8.510586586793126 0.9272481901539408 0.9638234012339931
6.411920618398817 0.9953780930818757 0.565568911673379
9.640084467960502 0.9518077955068106 0.621470179876996
18.919630753677467 1.0563340027951857 0.8278402125673208
12.480888742780007 0.9501183537163028 0.8274491349217555
11.160187203596859 1.0088431361502452 0.4573884397499872
10.904484784040598 0.9975243760377528 0.9424422810364871
19.149767451374807 1.0467946993646273 0.9507943662493061
18.641573149076827 1.0614935534967853 0.7384917508363341
12.501072916489893 1.082596360838871 0.26640819064156335
6.729183511852755 0.9320501575353233 0.6495499442319136
10.945016815446794 1.0455416313797268 0.6846655820111324
9.361679755441672 0.9985232212640043 0.8026906623068613
10.81619001550435 1.1104122610357086 0.14189594150443607
18.756218364891858 1.055659982518374 0.7216400940320007
12.550402619388361 1.0875622631485458 0.5050459671162247
14.915389443613478 0.9550845048444759 0.9849879894827523
10.0482595643477 0.9186923524919446 0.843005348899782
12.2181992569644 1.0182314782230282 0.9149043488125127
11.70000272540755 0.9511274264184315 0.7714698878471036
6.735043281702506 1.0632990121263228 0.4208444057441238
11.02521658738721 1.1067665863514116 0.15713709353715796
6.32433879974988 0.9453047095856896 0.6006142590634866
6.065206894864611 0.9483029270683457 0.5114602006275374
10.812913463693995 0.9388910832254298 0.7790505398772521
15.852278771611484 1.0581188790989349 0.5055055355812749
12.299615438551932 0.97929001671232 0.6639664458695622
11.233943030139443 1.0295646660037112 0.7814627582468306
15.458121181333379 1.051051206084477 0.5132955126390789
8.073244621355304 0.9373498080845103 0.852463648690227
7.730107026508936 1.0208029237200191 0.5955424235783381
19.135855989132292 1.046736108768999 0.9238987300209788
17.836700589753775 1.0645294092215982 0.6412709204977803
13.650446001029415 1.0890495527657194 0.5046310061157132
8.839716361165259 1.0035436015762673 0.3763650766561758
9.249327263451088 0.9532470250302103 0.9661479822815465
14.19755280733916 1.0555784695266555 0.4299303115739693
11.751132107747452 0.9625719275580782 0.7192616751552031
9.108802232006223 0.9459509188514355 0.9711574410696456
13.748948948059958 1.0229093380998162 0.9712486255071012
8.052875060193301 0.9182750942443805 0.777829971392646
4.656502136401722 1.1160875504341874 0.16913180260766467
12.55870012635381 0.9787027506609318 0.6905739025393359
19.75438448274616 1.04025568292763 0.9579796721144653
18.522414701364774 1.0438893185901947 0.9492832554425314
14.100407627767055 1.0669443284631595 0.6567177475514139
9.724446982722466 1.1377964587908198 0.05549375980915759
15.160675215624092 0.9664803824743295 0.9450236603328541
8.472062255235706 0.9126398393792241 0.8592858170415356
8.908856164381382 0.9451020035268307 0.6301101462071987
6.301997379899394 1.0464732991476693 0.4335539946155532
15.595497508986348 1.072956631464183 0.6277759666492707
13.902760832656373 1.0831205477299422 0.32936465465458875
10.844986815112378 1.0053462625764609 0.8761784503158015
16.582946732742826 1.0407828503756935 0.6361732110887398
6.100125518483011 0.9916079385001583 0.5264121079624964
5.85157775563718 1.0180579221237782 0.2636160600397551
12.491491251954074 0.9977917539067295 0.5954015194450545
14.199767089615143 1.0163576176972295 0.6089005682410313
9.428331959640776 1.0128194958185688 0.7318756040309301
9.780003761336772 1.000591230033093 0.8103834877713074
14.77946563994022 1.0651280632078945 0.43299082961073687
7.80798724735261 1.1522273686474562 0.14581758592232666
16.929246425182072 1.0532648527961839 0.8175075934626167
10.078533867717026 1.100412607119988 0.39328991224093035
10.388023110731282 0.9108063527267848 0.951203175091871
8.13820904976174 1.0381773420357967 0.5572847987565743
16.992071603829295 1.0657712735152693 0.6708598567662423
8.656363875751259 1.1038785290604367 0.10881324767270155
4.878869365160595 1.0316431094842635 0.3226152795522229
8.983331780123267 0.9081589441104083 0.9655810740480085
18.513975610774594 1.0379100458435746 0.8027688392835919
13.839787595087323 1.0378801726762676 0.848830398609556
15.868371938844188 0.9714979257028633 0.9801148929487806
13.398028673980157 1.0676973689970348 0.360623671899384
6.811465442647725 0.9607540988972485 0.6294127365169409
5.581199424910878 1.078902587242689 0.3081250936329165
15.389438063051543 1.063557843746174 0.48086781426910674
11.639392497851084 0.9594009264456185 0.7471648990094418
7.25415217262489 1.0246071390110165 0.5412535272321136
17.810688113245973 1.0522437207128839 0.7113383946910479
11.782360574795888 1.0187192312252447 0.46792800984396593
5.544715204253881 1.0621876501516494 0.16006563132823715
9.561324254063921 0.9038938270828891 0.9911770874576664
14.248332724464927 1.0310716131427478 0.9145442258158034
12.19356552147013 0.999697768341052 0.5777504881326574
6.1117494886718795 0.9611124923352473 0.5045502124076944
18.1102568036367 1.0501001039834386 0.7967584539905372
17.917483980055245 1.0239897158950533 0.8303042547413744
10.490388594540136 1.0677250288514628 0.5388084000324405
12.420042186077502 1.1341227281710007 0.16245899757480642
12.414252638519951 0.9429877260366796 0.9055979639599969
5.485125701390858 0.9891885694216983 0.39135863351324285
12.28544099425882 1.126910771279267 0.1639822099953378
18.862206851485382 1.0267460420777434 0.9067906594977935
18.028336900475445 1.025300296167137 0.8383329777692885
9.732154636424871 0.9589968261131696 0.6297237324810719
9.609149040779247 0.9751274734271195 0.8866406015395828
12.946975672221768 1.0252974829909882 0.8805069454430199
18.751752966774276 1.0229896645574614 0.9141387948092012
11.765257382600037 1.016376952146247 0.48120063363256294
15.28027518518983 1.0498050833157668 0.5374773280866895
17.622273743147588 1.0342251954133497 0.7665929210577757
18.63956611905405 1.036434893183989 0.8576550208322855
9.942408178715606 1.082938271092944 0.45612945320570075
12.095401022668668 1.1258215585470943 0.15917685427733297
6.258457928295378 1.1226307482441764 0.22212632862951234
9.515574772271531 0.9179403093927588 0.8886940577724697
12.009170534015102 1.0410218627727585 0.39825226784160106
10.20739523818979 1.0410031162596864 0.6433958156155403
9.830879697015366 0.9791694182439424 0.5375437531382433
10.086042765233922 1.142862640457691 0.0609796470362157
8.127992454890206 1.1053659937669866 0.09750351682613607
5.11028218211219 1.075861096187606 0.14019525860161694
7.891605989230811 0.9376965888776329 0.7162811816718024
11.670755280302053 1.0183723194687193 0.8392785453471869
16.306967599658027 1.0597871042152434 0.7047484315239986
9.819351129716992 1.079320289414368 0.4657001404871144
8.907352770912416 1.0678305425222063 0.20551119628451564
17.74316746495043 1.0465816944645738 0.8303511629821909
11.776475419612318 1.1367223923513554 0.13041362159521078
8.949260218420685 0.967408149242185 0.5459189422466383
14.799275155796114 1.092656481080486 0.3925142609918368
16.05520519032169 0.9869734135269159 0.9188936774878009
11.827392832397344 0.9850879844444616 0.6390057647058072
13.753120028096276 1.0814479904722876 0.34483747861808806
8.155630269239282 0.9510303416809143 0.7692099485568379
11.225392764085118 1.1481842019255646 0.0971405846018041
8.310898745699838 0.942868539397256 0.7926423315851034
14.53332575612228 1.0110963914326763 0.6813371488665596
9.372897877963823 0.9558398694013787 0.6378376423130776
9.362375232516035 0.9355879068051376 0.9705637348122964
6.159264459444227 0.9691423885443488 0.47640032410084654
5.789157577929329 1.0707412432071182 0.33088987346243753
6.17755570336638 0.995191529924622 0.34920539811648305
5.491417351359162 1.0085480989389426 0.40718235007349235
8.937121764223697 0.9979783137307436 0.7252057652072585
15.348358984948312 0.9709297237079167 0.9720546721259372
7.283030800410694 0.9498974645057114 0.587966181973954
8.900861266878474 0.9842370648427051 0.7671784920982244
6.531877066816316 0.961149009640003 0.5382406646048457
8.83580344128544 0.9338603428143404 0.7748441407139328
16.136504368812265 1.0225675188760008 0.7334315143061985
14.331688967600947 1.0944468829561944 0.4171602432763915
4.699661873145333 1.068204262451061 0.20618545552700684
14.850154178482128 0.987916263551856 0.8348946618477617
15.37326809440344 1.0725465102294949 0.49744931722843405
10.071977491029205 0.9145602737870364 0.9845927719041865
9.730315379222368 0.9153510835109734 0.9991763861200674
15.930274738466885 0.9763777675523232 0.989046992802773
17.47257134824015 1.005923148193812 0.9297136118254328
17.267917692223094 1.0465018999799764 0.7923133396903412
11.872358961460488 1.0366900605010128 0.4168669093741434
14.210973577338923 1.0859290128560748 0.47729112854761224
7.460305307544431 1.0922402816767998 0.3477613151231293
14.19573868753249 1.019835642220235 0.6255477547079353
9.413926022198925 1.1400043490469387 0.05283647615501611
12.879838068212528 1.1192049172088172 0.2243258203523195
5.431288514954941 1.0630116552019084 0.31746563559738006
4.6187996964651905 1.0906599916795134 0.15508182336382675
11.61894313450033 1.002947435620347 0.9083606007813263
15.84757877834312 1.045151330845903 0.6227341091731403
9.29959528469576 0.9767080084858326 0.533976277372928
11.830818049360538 1.0522327430436955 0.3613155747842608
12.786201214268154 1.1215066977331232 0.2640094005570438
9.124061591104216 1.0042542515847528 0.41136449967979133
14.8888530423262 1.0206675031258041 0.9944291277455882
9.459153557499349 0.926819158986136 0.8898684884831018
15.940995460226645 1.0509101469066042 0.6117666120303643
12.178563335055888 0.9482035738900106 0.8870987438146289
10.753020791691362 0.9363159025745814 0.8674566954204505
16.612371116580846 1.0382275947516573 0.7135226235707383
16.683557400227016 1.0255441764840612 0.7744385180187372
9.099922824639663 0.9566196975895761 0.6373897617891715
15.279130351093023 1.071048576923052 0.5248605929029104
7.902198264493425 0.9542999768502508 0.5914407500942355
6.116822547596039 1.1260136832751502 0.031485104678119706
8.544390449945903 1.1345330535313165 0.04649485068831818
9.437404734096882 1.0827356847944496 0.4336329400252504
13.737859884143646 0.9991902051888184 0.7077566792002354
7.890945485594239 0.9692627241959368 0.5023633169950372
6.812230399818462 0.986741222819489 0.3966580978609594
6.979262112120038 0.9599484884998675 0.559178984099148
5.31763379056288 1.1172244832103204 0.1907465657677662
9.630467382307877 0.93160275969898 0.9727282950374019
15.437997114343688 1.0026149797847208 0.8061809940977572
14.150031526501472 1.053044403698008 0.7029535412796707
14.427009858021545 1.0757597099529599 0.531881694463245
14.45831616390858 0.9942516849921935 0.7863790302287582
15.848988874356227 1.0077373278230626 0.8111607768848821
7.26074473303826 0.991694261691936 0.58824699126124
15.931588811539235 1.0392630632191133 0.8546148354193691
13.919724107690268 1.0705309694786231 0.4053089470366647
9.877519932295211 0.958443635468883 0.6822501021674322
13.617513700254381 1.1042231480768123 0.31284661801940267
12.746483463469211 1.0324875831399714 0.48873170904136337
16.25280890815659 1.0372920703745296 0.8770900788253841
5.619220604531595 1.0032525846877904 0.36286306514271516
9.211632499821654 1.0402803590324754 0.2994970109484731
4.717106577959619 1.1200665910409329 0.13688476048833945
5.594247156782728 1.0874039718143909 0.11584243631625332
6.6933344175234115 1.0255659474273893 0.4786583123892698
9.477974133830735 0.9422931787812008 0.7762347182296006
10.89261785849275 0.988972838227465 0.5824533556592459
15.883227333242449 1.0454069556977235 0.6468390065752713
10.957633190618989 0.9864624550844708 0.5997767765034303
14.874396597078384 1.0558497949809342 0.683599494389368
7.871589636491574 0.9585945785328321 0.6729463963539495
5.668353674326218 1.0363854245396862 0.24216733686212855
8.244712946223947 0.9884720013365015 0.4403969715257616
17.212245689951356 1.0326232649571492 0.8179841629337533
12.689578812892218 0.9652304552311431 0.8351523350958021
11.283426267760156 1.0620279056693978 0.31237159983090035
13.933659244135502 1.0966359127598018 0.35379868731427444
15.112287719304106 1.0607604219345252 0.63309595595084
13.133546542364222 1.1067704781816865 0.3434146968548272
10.417957303854156 0.979587603825813 0.9025070786937444
17.14969399840679 1.0360753328873735 0.853969387794434
5.993501995927261 0.9925198250591536 0.3930405372980128
8.52764594555982 1.022684763611646 0.5970132941041979
13.532237352714777 1.0895720420823536 0.44046763488229584
14.375692557290016 1.0276010479381295 0.8918048529485517
15.134866815739606 1.0188225711114496 0.7130491091507747
6.226883474204337 0.9850317498139977 0.42146556154437065
8.35164527089011 1.0278843933329682 0.570695451618092
11.629233922820319 1.0332411482473929 0.7225505325119224
6.780101084260281 0.971651594508858 0.48225399391024953
14.78515375846261 1.031106325938271 0.8793497235498307
6.366088009709248 0.9861329369936951 0.5000007333551858
8.07884777447222 1.0807288075798578 0.16194473624691802
13.723579050891075 0.9556542576105913 0.9764968510690205
16.354649330928403 1.0008064993736414 0.9020991579788642
7.457045745854062 0.9682449078265088 0.5080865546488393
13.232747613808481 1.1040451339721937 0.2893445308809831
9.13362777575013 1.12955413004015 0.240874267067752
5.562329727948583 1.083180917142098 0.27765383663735893
12.908773970487225 1.0026145428600741 0.6500987209956541
6.525181652423656 0.9996217770250532 0.5046535661389262
9.750754503540833 0.9350186063867157 0.9053221301032355
14.296808484461366 1.0800077394270806 0.47640316140069056
14.871003015522962 1.0662223498849963 0.5674799320238944
13.242154461910886 1.0673144841210884 0.5728682687924204
16.15667930743018 1.0437016733021298 0.7042529487121918
12.968870943629547 1.0622847456630953 0.39079401405115527
13.378377863682466 1.0470427645431908 0.4731066897165603
14.130080529934517 0.981798591458934 0.8496459723864669
7.323877411240467 1.0258957161015827 0.5128709694725154
15.855135819732343 1.016047245113029 0.7861209491168869
11.2470522377861 1.0348905198628182 0.40745053938016207
12.767179807744302 1.112030202620494 0.24787159926248079
12.719083865750136 1.0996778030489702 0.2693126124210143
9.707230561342607 1.0331835841545205 0.3465339742815801
10.581901352216844 0.9759282589133426 0.9220500489908223
12.934622712549494 1.0127996389139913 0.9097033325087625
16.994622697596665 1.03045161246566 0.8494637444266339
15.413306889980738 0.9853972477105923 0.9302076390540438
10.802440429176437 1.0191481752938452 0.44910704274758895
11.986593745093035 1.0393026605206346 0.42999578605775
13.091122263736498 1.068949582762457 0.3786023880364521
16.233722520134297 1.039103265396425 0.8009276535486924
10.931546863108144 1.1070761697469131 0.34821222014082276
5.746891753206933 1.0090325196295968 0.3946447780527233
5.846538252022148 1.002142872115273 0.4039652537366628
8.275684207510775 0.9906430653446452 0.6559601999791511
7.063214936875795 0.9732795063757438 0.4900874119983444
12.100387009475227 1.0029030274066937 0.6053411546612375
11.234568152908388 1.1435121305939095 0.13428278668241425
12.726003269984705 1.0198223703853473 0.8463228046369075
10.383329617887096 1.0108996609021916 0.46323608172016834
12.968175395644288 0.9524286081712438 0.9579335664773733
7.900243716557057 0.9626111114563433 0.6074968823733456
13.710733795376392 1.014691186134982 0.6542305012884047
10.648096685745049 0.9747036206331267 0.665404974479383
10.014142676945196 0.9456553926804899 0.8304223807873738
8.099761506002055 0.997612794510681 0.4112101182970076
7.673215337778647 1.0037177076985373 0.3737356253828943
15.787775260544954 1.0316307485066782 0.8758039621721955
6.6090296466623535 0.9897449712110946 0.5075954717157192
9.914729271051659 0.9427860652044525 0.8878318013094137
12.8702265995386 1.1079404625488714 0.3219710169987648
8.16525940662729 1.147691236634574 0.01769738333756078
14.463031452840376 1.0627064259542545 0.5827004716813765
8.596574596640888 1.0755097216940936 0.4241584241234295
10.230449942615946 0.9770921282996774 0.8674744682335105
4.983515000838137 1.161380149421358 0.03751969089315814
14.007524193099698 0.9827664794921046 0.8515196205214579
6.038025975330452 1.1273433954417262 0.18699098980430987
6.748539656102366 0.9807373782991475 0.45888593101294356
7.310380349200965 1.1422353581485718 0.016264683351952428
7.428097282692589 0.9916614423963155 0.4140718705161032
12.537930832704038 0.9961068637023031 0.9769135914580285
9.074742757490498 0.9722083308324753 0.7576983308736236
10.26660446027582 0.9411342340834536 0.9616338654777564
7.5407563990842235 0.9995213501827169 0.38753850380526056
12.462283286176518 1.0345421079381498 0.48363039971730115
13.584549817229412 1.0064959379803775 0.693160768658233
11.455886598631142 0.9818882500640689 0.6838889958695711
9.16078881059585 1.0351447701229486 0.3238187239545803
11.523130311007431 1.010844478240755 0.5361265022967958
8.14356512201338 0.9958852324651168 0.6246363779841775
16.268137489282545 0.9924166453076898 0.9786072078053873
8.644944373645517 1.0311784067705583 0.5631162685355373
6.703280342972111 1.028295541883649 0.4577226509830697
15.953920081607862 1.0006341939249825 0.9056143863934543
12.465783738724216 1.102384810161515 0.3612909030414298
4.94742549550949 1.1323446571028426 0.11689012398466579
13.158125381204645 1.0301661940760944 0.5524138387280352
11.17334185959151 0.9879923389207578 0.9008100574338461
10.159135563514003 0.9593218072867871 0.7499726912980447
8.835618880811612 1.0012397414813288 0.6599724032021935
6.138457701809742 0.9976355804620605 0.41845173190930646
7.176617668350717 0.9784665243618302 0.4805937477537308
8.0303853350042 0.9762343490876905 0.6354181213447624
12.630448884938811 0.9534231232917786 0.945916646406613
11.086757438351945 0.9892452662749457 0.6254515954960354
7.500711934508159 1.0511507369543411 0.23014672815953813
13.111656653709918 1.0787973898706216 0.47932042692525323
16.13886283100706 1.0130769136080549 0.8656836834509214
13.255261117921265 1.010686079242643 0.9188335674724597
13.125956885602914 1.0139090411737033 0.6334876227484426
9.106442090922485 0.9772905060809257 0.7357290469825054
10.311668173528565 0.9532255667034458 0.818072586294406
11.403311048762873 0.9558080762303018 0.8540363761913491
16.37726943469968 1.0034366493014764 0.939264635772731
7.69941845681821 1.0899823230120704 0.3467239112449463
9.785380665121325 0.9660921455445213 0.829522095874104
16.012639145894195 1.0165296912664317 0.9921704135174653
10.441396955299162 0.9515238243695647 0.8440424216089492
16.47496923717845 1.0036849528165301 0.9514048576264951
12.66115628760165 1.0630760880719183 0.5633428273044767
13.897202020418703 1.0611597443149519 0.485282166113105
12.34485675382043 0.9646389202655654 0.8616303361475928
13.834351588233073 1.0424524758981855 0.5532449418812582
13.965338453362651 0.9966606263156089 0.7868988526075803
11.739284449091556 1.0414989113242576 0.4216403069116116
10.909245962233893 1.0160439546097146 0.48313999058940654
11.104194552785714 1.0233353215789662 0.7153385142587173
10.736358175204428 1.0158900783671507 0.4739088464344142
6.645587886123362 1.1026670063270652 0.09438363398268486
14.256004478356761 0.9938342967170619 0.8261501360850937
7.911283623938331 0.9803811260354314 0.495471289135814
14.687640120914988 1.048603169234915 0.6344247475027106
11.104153742907126 1.079682848242156 0.26566385570921114
13.692506961695376 0.9607696086872352 0.9878285322091318
9.72394479693234 0.9992850802862822 0.49290777664315344
15.891176706949683 1.0164158729168709 0.9802109834297689
15.024554201532247 0.9831572133891684 0.9506311717145788
16.150346042558255 1.0221553215116388 0.8640488005593813
9.436358067468177 1.0674168204250483 0.24173957301056048
10.168611455284573 0.9597804720025374 0.8739776275756789
12.717416452471095 0.9721447216944517 0.8461884395335781
12.087601743025019 1.0464832716223902 0.6374468015942922
7.996093375265833 1.0000938102420829 0.5921011682946153
8.244286081318682 0.9718292463931969 0.5786350014708563
14.932879096476317 1.0335859619949384 0.690839414705559
11.27999249576462 0.9546672445855843 0.8691485035754063
6.945586404500883 0.9857995931981713 0.5121416266362564
16.0080779993266 1.018954712215282 0.8551640003715844
11.91466293897707 1.016329530789247 0.7921310497231636
9.96483965470188 1.0192398809283678 0.4222997868187499
14.999939386591297 1.0008830581915564 0.8489159919268283
11.909833110849714 1.0725500334521056 0.3242918083108616
6.555561010794577 0.9945745605474595 0.4710941533937873
8.968392244636355 0.9676963740525275 0.6636306374320826
11.19180217172125 1.01823446796515 0.7397685268400831
12.215436638698545 1.041483153670514 0.6665913204094803
9.872810827683974 0.9835225803819573 0.7796341740909037
16.39886847156928 1.015140285276821 0.9296530665943293
13.615250472308507 1.077696030558389 0.4426198390744982
14.595052448015881 1.0340557908959598 0.6639544525814598
13.527064852094654 1.0441094497969863 0.6848676323686482
9.019065781052936 1.0318168973704158 0.3370702397604139
16.05245089166795 0.9989939853037464 0.9547458483850876
9.930948661925873 0.9619388611628557 0.8151931337064815
10.969966547153508 1.0133268329897318 0.5050356812641853
11.044535323116836 0.9897848275864584 0.6352461819510176
7.764003954019431 1.0512787358149616 0.45510210024317116
5.342852985786145 1.1310766599091397 0.140663769653523
12.393889696830463 0.9870809441736293 0.9882632922761935
7.299543633544182 0.9960414218432397 0.4105484433527169
10.935382454951013 1.0132833989072068 0.7425811558182593
8.69092152295462 1.0771394576278153 0.41264275081870005
5.075005783214937 1.1100946082416954 0.16896387920879488
12.036311019004007 1.0286742029106297 0.7248667336987146
9.372146542153894 0.9685036218796831 0.6894915430999201
13.795143160510762 1.0299591679762101 0.6211292964153159
14.514827927115515 1.00464441114378 0.8005049333848174
12.429573971172474 0.9482480572222289 0.9982992252562829
9.340218939006295 1.0033088875060696 0.4604962954175092
13.923210366030162 0.9807728722927527 0.8918654566035054
13.225747480106666 0.9790618927956013 0.8511854914078186
11.13982227201014 1.0881149335826874 0.4181458371388484
14.26442283050412 1.0261287442376452 0.8298038439326911
13.483613773455964 1.029998542875457 0.7751585973484921
13.48270942278615 1.026346798004681 0.6157292460757089
5.7141606020738 1.1264900471399086 0.1704515562187229
9.9622727069959 0.9772182117806723 0.6466214947801624
15.692500055801787 0.9967340287000969 0.9440851950011577
12.275468513083855 1.0190982174917442 0.7880030992474958
14.30225687601429 1.002295392262531 0.7991479854646374
11.338275740269882 0.9717417867664823 0.7714319961543158
8.902065273822931 0.975743425277681 0.6811768849875424
11.714356309670492 0.9942879798005029 0.8847317165809335
8.978587008478408 0.9796679478934825 0.6883304668313208
11.269887616068868 1.0081009742517961 0.7825033726712884
10.41017849191415 0.9650621771922515 0.7749277663370238
9.893693939500448 0.9711896737612318 0.6978819122720686
11.531590632896108 1.0477128655751535 0.3963364842226734
16.02830739545721 1.001750293776047 0.9628236406427333
16.037225894252632 1.0002864988209008 0.9715557927813055
11.067170085521774 0.9620613285784707 0.8350051006023494
16.253592363010004 1.0023821738163678 0.9907105787918675
12.574033283102068 1.1015561270649117 0.29606540854616636
7.811489006477823 0.982618742369023 0.5739908177665834
11.856209520039005 1.0979296874454332 0.3723256408293168
14.796401118858654 1.0112510150672465 0.8019242713675706
10.379949264751666 1.0377550301488305 0.3788867539157134
14.323612386019406 1.0408943145520584 0.6559298492646009
16.07921787149436 1.0036237379041455 0.9669961758549412
10.508147495321246 0.9625643465611063 0.853023690832111
10.971979534441818 1.0005344666506786 0.7905873485635408
13.052149847652906 1.0112895378390572 0.8694199141914628
9.69214286806396 1.0084986222266168 0.46134495782046714
12.297187895086871 1.01752589367728 0.5832961251823177
13.089829322648331 1.065038851912362 0.42693092729379034
11.754816314625558 1.065962045883487 0.5190038802668047
11.191177427414605 0.9942980869385074 0.6334265787243043
14.04651502812602 1.0441466188090525 0.6113478711438348
11.403513608846165 1.0659389341336947 0.32954178967647735
12.311123021702905 1.0904445012416377 0.4029451465089511
10.812114885656875 0.9702761658017873 0.8866707063994919
8.895512311836432 0.9974683033924305 0.4716819604749773
11.97906219486023 1.0286012509132414 0.5078510570935453
14.333483095477984 1.003296159331053 0.9949477598435932
15.403037420437865 1.0168459843843791 0.894969774202577
6.7159201803497925 1.0072345470592607 0.4685618909741357
8.945986815874269 1.0345295499120257 0.5495128512535272
12.244215465179352 1.0706348403806172 0.4994165349065222
12.853381518085776 1.0675408152604946 0.4031248206302179
10.38365016518532 1.0705953766649496 0.27196350372365424
11.488166032348524 0.9645526743165707 0.9853760187072286
6.947082500751492 1.0539965009042447 0.22087681204193765
11.564358953060793 0.9763844448642085 0.9436008155722705
9.304929558218335 1.120719243385031 0.26324220838937856
6.3257235279392425 1.0173329940691327 0.4205116344442386
8.465262915536249 0.9816970787257548 0.5449065204894402
12.735329498136124 1.093804336873193 0.32817059864829684
9.341447793365651 0.9834608242626305 0.6993917161965812
11.505391870243624 0.9709022442029012 0.8100834054813897
6.164966168145744 1.0869758538342225 0.13407170251106384
12.273217946853343 1.0316967734545694 0.7017379865120027
5.620410609123336 1.0552987769979971 0.3051722113536014
6.861033838562092 0.9959439537282984 0.42746429264205665
14.547202125246368 1.0206649557522063 0.7580982857647613
12.477755909361008 1.0421495898654596 0.6484652816470368
14.317463735610207 1.0326061779994338 0.7211386732942436
13.235794849672281 1.0604883926741608 0.46857352755105425
12.689337327311115 1.0926303564900637 0.3748511102443806
14.28649622148259 1.0312071537149827 0.7059991765042266
14.835887077103742 1.0195420384839786 0.8055770349109769
10.904680249320975 0.9652196779888764 0.8599977802276894
13.151512799988197 1.0626302848444007 0.528661110581038
12.061034154031198 1.0242915975396658 0.541493346676267
9.106986415500932 1.0519538887084876 0.28345360134887654
10.676836895256224 0.9791958966145881 0.8281401241750337
11.2438557900139 0.9610960861751866 0.9035384481618293
5.241783219021464 1.0833331520195673 0.16694468584344338
8.852508406562027 0.9794677867652958 0.625000378634496
7.384611481755526 1.1106047873233609 0.2654675193941549
8.168833717414234 1.0182939092285819 0.3618162501375949
11.17423400070166 0.9634290714854108 0.9042081677331736
8.229399933951298 0.9820044133470445 0.5728715283125074
11.66500430903379 1.0943730139460905 0.38269324765958723
9.976519470572567 1.1144608302809662 0.14452917872913792
13.559393103117568 1.0492110609610483 0.5655207458297996
9.282729371613614 0.9833620633135105 0.6788077182554917
12.184577250503857 1.010682334144498 0.6252927674117954
14.237102018020419 0.9848168957973085 0.926571481696682
10.571835519754826 0.9788641312152792 0.8087898163808266
15.253282776102221 0.9912950425020277 0.9792757770175406
12.725759957229023 1.0036992433997618 0.8768153820772406
12.727463642222197 1.0172381415113658 0.7944650841367449
13.403471122343888 1.0538297750819243 0.560729306703059
14.350355677620247 1.0099329403506547 0.8017818384446479
11.009211762747828 0.9735819518737048 0.7860795503602639
10.747274813573831 0.9716914037373523 0.8169857736011522
5.094819562107627 1.093137469263574 0.16356316643916352
10.051640046532738 0.9912894474380597 0.5910446422829393
12.135475538733765 1.0745667454895953 0.4709539107228662
11.92078166305079 1.0549639927743077 0.5630319171133754
12.132369797220818 0.9677439787142834 0.8915792810735867
6.281301752496084 1.0227264888602519 0.31706801107891164
12.707952662834135 1.0112714306010215 0.8268559052973262
11.168519491964307 1.1083934615961981 0.20224626420574743
11.852555915920796 0.9996297267649003 0.6673835521843242
12.772839628207855 1.0902052959943007 0.366709137023936
11.753465948470058 0.9748827249113818 0.9436130895221929
10.21706006925051 1.0767637785519326 0.44029794522927446
8.425518601675904 1.1032411693040154 0.3117725251584679
13.432346033040112 1.040358148041178 0.6531953265733145
13.62586000076455 1.0076906415947255 0.8951884406696305
15.374200134603356 1.0015174743846822 0.9900461336183509
13.17728137363141 1.0015136089455365 0.7569313404387163
12.671054833600543 1.0008877718170859 0.722631429058326
13.584884773352012 1.0376274456239512 0.6661909332231357
10.819921262647874 1.0305859339707122 0.43821100707752236
7.710803462863906 1.086719125922643 0.3448568445791652
9.731441327049474 0.9822625502043638 0.6982807366151724
12.593091016789305 0.9842826004124575 0.9714598893771512
10.992494908658411 0.9734954971338587 0.8250135590162999
9.835667993894154 1.0887286445029176 0.38840610613475796
11.67645235876249 1.0292695832150849 0.4989068803481089
11.678291744292459 0.9647960534611454 0.9310826420525022
14.055658797480234 1.0167119934869016 0.7631596167137417
7.758942261653397 0.9968930419826867 0.44299333982038236
12.217325557688731 1.046500476009421 0.4570604319332448
7.463784964571186 0.993682694415353 0.5183113884438258
10.61051403018869 0.9822325318963026 0.7096583806248516
11.478548025489687 1.0031396032791666 0.7864368023343088
5.518703117478603 1.1010875090262084 0.21187077426286732
12.371455276523626 1.0982024496693563 0.3097773515642217
11.249565560300464 1.0005136778369343 0.7811869000236253
7.87347188126788 0.9881427285433331 0.5378729323171778
11.846611987052679 1.0060712265304388 0.6395334268361155
12.604829427137489 1.018662603896107 0.6285754246567804
7.957661408068889 1.0502262500542203 0.4532277156686991
9.726644976829238 0.9857821033539388 0.6305433172974417
11.936796970816005 0.966890075958078 0.927403001915531
10.19556518385336 0.9824873745541883 0.7110851506952673
9.825945577380173 1.0273658904637388 0.5996132352011785
14.005880350099474 1.016706678032152 0.8075615722047033
7.557186823703061 1.0670981403275817 0.3919412942978721
11.055795752621144 1.0949763882333432 0.23548083751086402
10.86693733389271 1.0353419858502373 0.6128150176651813
5.938754067555303 1.1227154361550775 0.05783157198152984
7.735970132170523 0.9976557608279317 0.4440024706590908
14.085031290129614 1.0092726964488534 0.8195621625113103
12.432358883404511 0.9955155718755554 0.8802812106399527
14.729858455348722 0.9983967557794259 0.9790939197646434
6.431399691451498 1.0283262768143993 0.4039008540149545
10.790313162082672 1.0494653447845843 0.5528444671083613
13.13198775295043 0.9976461041959475 0.9124961411658516
10.265167378794814 1.010547658892778 0.5054587775544039
13.123974231138792 0.9919384159621573 0.8283254398722174
11.759766416959202 0.9745047919324913 0.8894551992447395
6.369164600398779 1.0148822415160252 0.3706193229874075
8.02339304523417 1.0329700946861624 0.4960647613326184
13.556835909328179 1.0121055248277424 0.8276691396977927
13.238124709388892 0.9821348984043758 0.9013290576234778
13.894650401384055 1.0088111176898922 0.858229688983024
9.177363366441039 1.0402981231064694 0.5283479210265352
14.166129025619554 1.003200845256321 0.874345662867599
13.877426412636005 0.979800504710938 0.9695983708546791
7.124492444362687 1.0014442926324054 0.4782820107979493
12.573163462415742 0.9925051537085738 0.7905185994689148
8.255566239315788 1.1623048899796402 0.06390912330315665
13.676358406461254 0.979692770737412 0.9594181400895869
7.075964799743266 1.0021671588318566 0.47128605303144044
5.741370064881172 1.0796255058742104 0.16391837384051736
11.830763883157555 0.9824399976089173 0.8626561302414361
13.738433190549038 1.0012162215050842 0.8465322843560092
5.907318648734147 1.0515778004020833 0.3225020818305966
14.341536348453868 0.9935189272798497 0.9632061701313941
12.57326138846432 1.044460568955868 0.6009040457693058
13.263954688768493 1.0221331676352843 0.7071294954095682
7.6273524542951545 0.996006573110412 0.5145739449199043
12.670850171097499 1.0079196750830999 0.7134801487893505
8.156265101148396 1.014267478967062 0.5386294832531677
9.20585742444642 1.0845699844397112 0.20116552658884498
6.724580347701046 1.0373418842732864 0.40990299281738574
12.104537070567737 0.9819545115078079 0.8790407279801917
13.074803756914534 1.007380610930232 0.824238990572101
8.493177914913828 0.9971455418305872 0.4830541939637916
12.25796961518023 1.0104220833272555 0.7712162285389653
10.60514520571852 1.0057899545355362 0.5652227631623132
10.560231990962086 1.007826427006706 0.5499523620906681
8.745661148082732 0.9981381391792533 0.49148369697766753
12.901796448862996 0.9996580456119167 0.855821877430002
12.098895796054247 0.9862059459570188 0.8461591907027015
13.293004815048477 0.9812886685629925 0.9477838105830853
12.783977006008481 1.0138805038905208 0.7654712025593478
13.78682238214068 0.9877850247850325 0.9694974969386981
11.524871115476174 1.0068657855867147 0.6343872438095555
8.61838809985137 1.0160727757246706 0.4010828130234664
12.768542273969363 1.0153732314305648 0.7547478172838613
12.780754194207535 0.9965992895708402 0.8061525091668913
13.266619820556425 0.9871982857301504 0.9105712177107022
9.467890004177887 1.0634255310380065 0.4612634836392654
13.152522298019147 1.008270175279642 0.7904085864171854
12.509517093651297 0.9918451137646819 0.8200184056943944
9.412212337240241 1.0050966247435447 0.49131464079668874
11.325375089573786 1.0327728426886242 0.47407769455874677
9.461556207614956 1.0005245750471128 0.6329715562012692
13.035343634794465 0.9881448842705474 0.8996629458931931
12.75702792575527 1.0204556163141005 0.6724374749401897
12.366995311855035 1.0151719032697826 0.6603298223995046
12.231453780861358 1.0282825334444032 0.6696704887824099
12.81621429781163 1.0009438173155012 0.7943615778520047
10.181715830812928 0.9995518654783518 0.5850941248532938
5.952019761685044 1.0455089093838592 0.3275812222576956
12.104430957995529 1.0979764039691424 0.3184533910672948
11.45984133226052 1.0101877586007326 0.6145385827764496
7.0026368570181585 1.0514455198020207 0.23968149030395008
10.146289222910562 1.0877523590507523 0.38832917054999655
10.414180013521406 1.0815815018112656 0.41447074698832204
11.939745042635934 0.99757271898249 0.7710507833930974
11.152376343080448 1.1238832037481257 0.2190318536036918
5.585025046232705 1.0582943021340057 0.255726630784542
10.971137235032916 1.1306603039239982 0.1791821841912711
9.080939399652507 1.1100865909567017 0.2911386280739752
10.041066133263572 1.0113508547446248 0.501625823865883
7.818187128300229 1.0229314306243806 0.49756402605279365
9.442187486158753 1.0117216512457918 0.46319048031499904
12.31298283951929 1.0089784894360612 0.7104919195802775
11.763193051511614 1.0307717620331547 0.5238018275182252
11.072951988801407 1.0086998890096024 0.5979094124494684
6.8871822441851425 1.0318323475030198 0.42469297176864457
11.48528345630411 1.0026046112745934 0.7319126880164601
12.388333295592023 1.0125277358572158 0.7167832326098242
9.510898279294747 1.0006665578144522 0.535281605134492
11.779168453467154 1.037613244050038 0.6074874540567519
7.876520794383076 1.124336533832246 0.2234863039844427
6.31748461514827 1.027471138229911 0.3695770333815047
8.033243940586459 0.9977645695160648 0.5208611068089877
10.922769775072517 1.0043042930699821 0.6873371580361427
10.245028793240865 1.0004712595937324 0.6054521178403074
8.479130726289457 1.0023081561363958 0.5563573731800949
5.526132098260849 1.0917659151789352 0.2183440991209981
11.825492859792789 1.05000422195533 0.5494247086392111
8.982526472884974 0.9966469450269738 0.572980044118768
9.485107202190859 1.063814503347499 0.27361219221077104
8.149258174340627 1.0124632319821454 0.5276505782677604
10.32444337056307 1.0508939236151733 0.3523395203981517
9.247391077381263 0.9994681251807215 0.5953809769153487
9.850516195621774 1.0056376387422858 0.6280075237225973
9.219688532603884 1.1249199338615026 0.10778509145646185
11.378011443528738 1.1139585421693847 0.2569334841707473
10.860822136729993 1.1309842295993402 0.17267465256367043
8.85704910691298 1.0837721020885216 0.19751353050470039
7.059675761653034 1.1141847623034202 0.23702208078546821
11.737767492026013 1.0286221491309755 0.6341434165254187
6.503992342540574 1.0471191462229625 0.36807182591656473
9.80072228397663 1.1262374552813215 0.12228289395797522
8.579508734224222 1.1397436258154887 0.059272352472474595
11.069934565814975 1.0052012457964699 0.665078827917842
12.181572872514899 1.0827959692337288 0.357715548243161
6.758019507124482 1.0822787747520113 0.16037366902574351
8.19433909178792 0.9986288060543446 0.516982825599907
11.393597046613742 1.0868659270617274 0.3916540545801268
10.414791929751058 1.0053486065624055 0.6435598530230878
10.47961944648173 1.0061293706954233 0.5953490773419644
5.045272359684121 1.149172116682555 0.03521322361430557
8.248452496558174 1.0392645445461248 0.47825816004762783
7.922331263753746 1.0239612618652254 0.35538366459430565
5.79169476891132 1.0562594839916757 0.2456742376254607
7.310708259844322 1.0156813962241624 0.465118625141313
5.2968829621944575 1.120747531582937 0.0909179974254421
10.211494453738743 1.0174580688519725 0.4935774339831467
6.952226988170061 1.017799675595807 0.3655616228748999
10.507434292539275 1.1231411363857333 0.23410647281428215
8.92926329220692 1.1355306958006415 0.07880909760900279
6.793508152449059 1.0157012427608194 0.39438141286481915
11.916031472752472 1.0474475878656706 0.5459553839553636
11.562535987270781 1.0584092078590193 0.5035757804178648
7.683269435649967 1.0150787275979312 0.38746192929772955
12.14011876827977 1.051927256348155 0.47977638557236907
5.823909198528522 1.1122114541213544 0.09208073658164094
7.037654658286479 1.0998190515795523 0.27405110146336575
11.12866929375344 1.0426444269114965 0.4335170912517781
6.430894945771179 1.0609107342123691 0.33490579192135195
11.251062269221716 1.0166041406810802 0.6359853532976977
8.672729520234022 1.1009187993940381 0.31182615062940894
5.420609099288301 1.1304288537287743 0.1235997457699048
8.213576639852004 1.0324504130016983 0.48844397746756874
10.736843154849884 1.0111691507486207 0.6241165151072762
9.128226564190362 1.1482660080016214 0.12763631086454102
11.69453161426565 1.0462728070512861 0.5457138189340278
8.99172792449975 1.0446561811038706 0.32190828249534137
5.679709594978458 1.0825072101628193 0.17214045129017397
8.967700140342403 1.0531630277811657 0.46632342614064626
9.430292348854422 1.0337567252260962 0.38065490121392287
10.14400206822245 1.0214304998080326 0.5928769217471606
8.405269195886643 1.0020322509783115 0.4966373956217483
11.519752340892701 1.0274291871389445 0.6042981532483243
7.897337836999274 1.056908407167932 0.24912442713254657
9.80054644635765 1.1258768341649183 0.22600051415002737
7.87224999953864 1.0069218206930248 0.49451110225946165
10.599049576476911 1.0153332475343466 0.6143417077835738
11.371168023341731 1.0630432781092407 0.4790503521920276
5.464842836050185 1.0998019866855935 0.13843245074139945
11.983118943862856 1.0811613205694737 0.38983899943565103
9.743597670713275 1.081026110730867 0.23714257134646155
10.278375691706527 1.041473129644279 0.5375512170611331
6.106868139370464 1.0892029947074782 0.14631470269581415
9.681074819407366 1.0768418341768686 0.4093956524419574
10.39855807586491 1.0209975993615166 0.5957430671289132
10.966587316874767 1.0803434051792202 0.2935192488937412
11.317357285322988 1.0727715931626043 0.43912717667500034
9.354394825247368 1.101021438730211 0.3193579432014634
5.804841669852054 1.1368043659901401 0.038486112456910714
7.47596955913324 1.1436380322299884 0.1441522617148588
7.963983247041741 1.0295567559908676 0.3428574802938428
5.329777337916536 1.117746626691843 0.13677449261280064
11.543352019908955 1.0332282595587658 0.5623678531123791
6.440520365024703 1.1071495544278427 0.10375255646208624
6.07637465600004 1.048941120300582 0.31242620235251023
5.738748669064114 1.1204803044034524 0.1657266289303537
9.910976332281198 1.013328913898361 0.5192820463357372
6.308234023871371 1.163898440980317 0.041421639684583185
7.234907715364692 1.0669555292790502 0.3612128048361861
8.006721611682481 1.0302946522322451 0.4761287748634227
8.073778507903405 1.026361343352055 0.36083103029471747
7.734056395148748 1.0978908250727488 0.14137261630321166
9.260660040141792 1.1172878761303433 0.25644004811290566
6.857049567846511 1.0219741309038928 0.3726346622432375
5.58013705462899 1.1449032460270216 0.02615145333064149
6.964534080520581 1.0413104805981008 0.2833042059128718
8.318405143462163 1.1029495756861623 0.29429978403391654
8.662908301440535 1.0324650180696222 0.49977820668686834
8.776049293204315 1.0064712351557512 0.5099205695783174
11.504953963220512 1.0384479542616811 0.5203366483175909
11.86623720832823 1.0635053602237217 0.42313952284874523
5.946863762087899 1.0526484201104176 0.27519306577410635
11.53435561353475 1.0505268639020768 0.5081358643912334
10.344319756595766 1.0179181719669848 0.5746724328529819
6.98097205503648 1.0294669639586156 0.32916048478051374
5.470934030070737 1.1007614278856885 0.1439646929202048
11.101594326439187 1.0555387599966697 0.4943591965913507
10.864430244295102 1.109165343127494 0.21381350322899664
11.352951031432525 1.081973683244922 0.31782899655068536
7.5671108914306 1.0124433796068257 0.42702481299802003
7.078161287917094 1.0327968205554365 0.41336055584775866
8.417919529603104 1.1280162243573544 0.2101644933083987
10.718888843790527 1.1079215351061755 0.20916537752871683
9.554784430392736 1.120730273250948 0.24250031918814083
11.302529841038332 1.0417264450134665 0.5326985402004277
7.4393619266198545 1.074308988370689 0.19626573619668766
9.439430468805604 1.1217052329911188 0.23849647187330827
9.217596879710424 1.1072227074258325 0.29137915045646956
9.935892732296281 1.0626267981624542 0.3081290640100637
9.790611535898938 1.0459888380763145 0.5003701213210078
7.946644067652754 1.0471615662322296 0.4341661869596524
10.624844311478544 1.033802650162648 0.5498334874018795
10.25123703368804 1.0399380028000385 0.5270294288945838
10.051467856308037 1.0187643745462753 0.5165184250590198
9.807202578765068 1.0207241162076433 0.5530948691662146
9.523916075111531 1.1079650517383635 0.1638856484673209
10.213885532835976 1.0360657829050282 0.42517242706183683
7.3939991619063985 1.1403994041623131 0.15239442261033273
7.379574048225823 1.0861058999829099 0.31508720764112913
8.931308679584271 1.0112334951429138 0.4915235009750157
11.341364118819556 1.04706139599452 0.460290970015394
5.562344778563645 1.1491920239742688 0.07203861604471685
11.157215607323444 1.0420075449947082 0.5235047159017838
11.51591491891422 1.0768598077663882 0.35234073301116253
6.867720377874326 1.1373420333418134 0.04049597016218998
8.167034744630369 1.1273471809280964 0.20842224743888557
9.196785320814417 1.0139196796434808 0.4894462664847772
10.840709711036261 1.1196043895657177 0.20728794330832834
11.05624219343871 1.0601408958310579 0.37888545725658196
11.213930545962132 1.0446259650362015 0.5074695651266923
10.956196354952226 1.0640964517338851 0.3596528884706286
6.007454126829355 1.0612152665037287 0.24064007891352573
11.52076747564729 1.07044987424354 0.4209377662871961
7.061335789323552 1.0847139610505692 0.3046532604511646
8.904311910934519 1.0179169016594178 0.44851907670641183
8.337246969243429 1.0973403252933205 0.30767914589403605
8.022082326677406 1.0212178932861335 0.473186104724457
11.091275798170141 1.059032228775458 0.38949045700932733
8.48491795631344 1.1584738209770504 0.020718536900627325
11.148548072796707 1.089027743803991 0.3569012615400419
5.811928570317644 1.1336524546729747 0.12891324730192472
9.6985634026869 1.1002625353867383 0.3169186183183898
8.003606775255017 1.0485631538734783 0.4283855558548622
7.735227838910996 1.0338398025404993 0.44303970112600466
10.721078925181423 1.1202947286912297 0.1979660556952901
9.061238969626185 1.1356003113007513 0.17932172775820016
10.66544117224768 1.0460964949323903 0.41624733055626323
11.549616467574186 1.0649756498398597 0.419184831786823
6.781594259889184 1.103894046321248 0.24592268783584395
11.357633609748113 1.0543281875861552 0.4620965084760697
8.318250899351861 1.0196864649418864 0.41723998083523195
6.027959821434031 1.0616798026157306 0.24286254139033048
10.16874969317996 1.027547222392314 0.5307105834367122
7.847737848499786 1.0378455602675234 0.4404704935667807
11.454905277735733 1.07983594758019 0.3554598450034067
8.810177569580159 1.110202547235272 0.2717806052913836
9.989900833457902 1.0906762540819808 0.3528993579675466
9.955037619093163 1.030708394751262 0.4465796058811179
9.400915007004905 1.049478200597477 0.47132009018854604
8.390004575802912 1.019516552201305 0.4225489132009285
9.512247525533983 1.0247561701501973 0.45161234561822483
7.495028212530409 1.0857032854142095 0.17247095180230276
8.378961323835505 1.04694324281819 0.4443707198709493
9.662556711958551 1.0571127045386115 0.3225635606730915
10.851082562249703 1.0611409933286104 0.45480795153653375
8.076500265363942 1.0489660925514934 0.291064806727818
10.125792233888124 1.1173270126553951 0.24554019499835522
9.388470663651114 1.0556109983675646 0.31654782800312875
7.852773650970917 1.0198932849237174 0.45013702348793516
7.360609733519498 1.0346632919183096 0.3272577344609036
8.661192251417196 1.019734788983132 0.43816153735508356
9.996559327948454 1.0259700864075438 0.5000249105781228
8.726509614653006 1.094880509098723 0.17767233297918703
7.474567919325423 1.0448529770325188 0.405736706125341
8.601164718356582 1.0644798720663888 0.25836616374209487
10.057755012047412 1.0310299270401257 0.5172027775597303
11.089714005606169 1.0638490901611795 0.44028532154058925
10.468907189890944 1.1252623156510326 0.1889788113043177
11.317973267366927 1.0821729451282143 0.34643282448050944
8.872451796290864 1.1258195643516145 0.21520801921863536
9.301219992756366 1.0330901301228734 0.4030052128857464
9.243818237642632 1.1239285054305606 0.12321645328992924
7.7839610807882025 1.0198317233240146 0.431862768890601
11.30372627457007 1.0639715740771158 0.42214919238147586
9.639802468080205 1.0235477839054776 0.49858423827619514
11.19139406990633 1.0599661120853978 0.4426138635974105
8.05142530712356 1.0421887714090579 0.43685408483293753
8.291741436511321 1.024187336387976 0.40252828932158463
8.70306160470138 1.018546408017285 0.45922142660092463
10.845806406255448 1.0948708265021405 0.26670651227539494
7.3601878575461885 1.1341703745564813 0.05714068650308128
10.563601426582931 1.1031710539735053 0.296154470402073
7.312379801008548 1.02772515249204 0.36929144503438976
6.375227748192865 1.052724426097943 0.31235567524079105
10.872367962820151 1.0939136962948495 0.2722309433972993
8.419886872031153 1.0263152517108685 0.39770256397532544
10.739262458373492 1.044733135680975 0.48504609496607265
10.42491108144146 1.050830949835453 0.47627754185512927
9.768990172573403 1.1303760719709048 0.19106542031945553
11.131082943511643 1.074075203545984 0.3989242280513596
10.427223214716626 1.0776269156095628 0.39493107813723255
6.738898736972994 1.0488335784941907 0.2756069894660548
7.87753452765822 1.0362675367362302 0.3373431489273614
7.742992754694766 1.0245424216310328 0.39420458477716014
6.039035149365862 1.0654772511819404 0.2593557617163803
9.114271475744049 1.0259787035254369 0.43600605325146335
8.544025263499655 1.0199042587968123 0.4596584934154695
8.909879192408397 1.1007790625621916 0.3006456454351629
7.141481895319597 1.0958934750760634 0.14532845418645987
9.695162799832723 1.0317350721223382 0.49960051548072676
8.019788429578071 1.0278834396373218 0.4491184088858635
5.4966568673609615 1.1541397864498277 0.0174967929580352
6.759200765629732 1.1546274074621505 0.08050500485877213
9.684936902344727 1.0561341773404764 0.4498225937293247
8.874947517882013 1.1085402691013593 0.2730266114409915
9.50728554952168 1.026789222413921 0.4877454556156365
6.925865610346614 1.058359955124264 0.34422940875510205
10.880473720489546 1.056995283689279 0.40847828512900575
6.102222965274844 1.0720352708077392 0.26373245062106365
8.696491139989634 1.0545354187435712 0.428892870296484
10.025619145905962 1.1165110022211464 0.24316338376420057
8.379619455314188 1.0222047689620202 0.4502387635106175
7.568405358656856 1.055395499488132 0.3832391434131176
5.8173462534607 1.08861168516828 0.18047953308287457
10.679121302544743 1.0604225647618502 0.37833122507369826
9.647435004475186 1.0375480190785025 0.41302419104251814
6.3834373756944505 1.1082480455971482 0.21323388020030715
8.871392463811095 1.0262096340079832 0.43308044614391095
10.825522273594022 1.0590464019525787 0.43727199693158586
8.425850739611317 1.0674337992563947 0.3867335359354088
9.241271002004913 1.0263892520050308 0.4648424575200747
9.105618755201627 1.1137727723924113 0.25502269250828846
10.378424264233713 1.0445992320378235 0.4726495360384928
10.137134201462365 1.0448898897664776 0.4112188339125528
6.519311311485444 1.115063692716763 0.09782881996049841
7.753183568440278 1.0473775279644764 0.2969146820538261
9.223651477141017 1.1327121464685432 0.10853049199974223
8.204703573460936 1.0955513575397107 0.3012026179526525
9.554974173178426 1.037313082277202 0.48069578988255623
7.09836383037956 1.1089479920811454 0.11597687338987338
7.226798022697141 1.0355186796342486 0.3449327368545185
10.182147423516813 1.0915385813959892 0.3368735929610955
9.732488819655568 1.0572334311389033 0.3387123685973482
6.23255173634554 1.0848780507204976 0.17625390329415744
9.84635607920724 1.0844241291827035 0.25144574486024807
7.421503014065209 1.1344160485424488 0.06162330057462456
10.382079615358307 1.09104336339734 0.3365130595914554
10.396151497090782 1.081390811400677 0.29045970441001306
8.156193163136026 1.0603594667227416 0.3928345582578818
5.871710314223755 1.1110474759172833 0.11752332500619209
7.104509989446521 1.0398301055781292 0.32499860767927397
10.568079473712611 1.0902797342917334 0.3354506905008413
6.211270395411786 1.070046231859825 0.22381905386478423
9.540170418145099 1.0773361806659842 0.37971885474385797
6.364689216575863 1.0949479809510605 0.23920981311149217
7.971130063087255 1.1165709882152446 0.23189744883860064
10.03458855648632 1.119835921999788 0.16997513453013277
8.038285214799927 1.1483500571536758 0.11509422699720809
10.779562643207596 1.06504661588623 0.38234970965500253
9.88323970257787 1.0793540113483315 0.2709898664584241
7.784008709898496 1.0305592942309674 0.41064282395531465
6.1086646061788095 1.0843579485489012 0.2396269049451644
10.62649498111853 1.09945553553986 0.2864443414633168
9.275888615747458 1.0570901363676988 0.42921664885668426
9.375013248034168 1.0887646986736859 0.3386035292322783
5.850091109078409 1.1102121149637645 0.17230691074211565
7.191235034940174 1.0764607840955078 0.31470466448813345
10.688362165514425 1.0853315683373554 0.3423619633667574
10.07781217494424 1.0441563780563174 0.4510937935126069
6.097141478553624 1.1338788485690896 0.12968128105459856
10.284462021883101 1.0486779133976907 0.4392750689258401
8.492705485438286 1.0303247000419475 0.4126666440320186
9.648785580746205 1.0942441307149713 0.21863229973624618
8.226141714779317 1.0524337834076816 0.29884177343167995
9.97642574452561 1.0598382280497882 0.4285491065126976
8.620792457400457 1.0814963091675525 0.3466056561447032
10.309619737109443 1.0622974164483596 0.42018668783432805
8.214253136027706 1.0310290612855078 0.4181240355249286
9.543881400184983 1.052000542372992 0.44057594017503454
8.496314907500214 1.0308952252296728 0.4248669538011533
9.408381401134678 1.0639649480671656 0.4100172755037231
9.557876080873209 1.1008663402982553 0.19846636507951382
8.00060147222982 1.0633581266066514 0.3739162412321949
8.80077570617381 1.099827107507509 0.2931011284075622
10.545020285722481 1.0685847686913916 0.36034354189942996
7.375255636360164 1.1273065789629808 0.08108395801693115
10.617891319641 1.091684317325212 0.305608394566649
7.547914829617163 1.0816707631481397 0.31394900594100167
5.742150942731273 1.1476046551815284 0.061404712934938405
8.467526006337136 1.070404643507693 0.37085493078074483
9.598813494990484 1.0689215080409011 0.29889486914832863
8.969991482700554 1.0587506586448456 0.30679131101378404
9.419462241991278 1.0402673535354106 0.4138765568725674
8.319298163927556 1.0466098693837422 0.41666969967289624
7.953208359075209 1.0341774798885701 0.3879642569720803
8.263740740815074 1.0500149007291752 0.31319888005439783
8.531835069073496 1.0501354205100726 0.4178415364936151
6.193003664994919 1.139713637435398 0.04468639809813341
8.753769220867076 1.1004064378739984 0.1744582631274688
9.380426732776312 1.0881063252848477 0.22861083784420722
7.644909994962447 1.0368464514801339 0.3784566279900578
8.552761221276578 1.152146358951271 0.08103764272913921
7.773787568975296 1.0696427832473352 0.23412878219220204
7.531077370641325 1.0455791541941046 0.3139065894609947
8.91479460437378 1.110078530428696 0.15544742779238727
7.565389472932219 1.1389625689507963 0.05811425413444964
6.7745891520885415 1.0663161532387404 0.2339425184542526
7.394642341154833 1.0515785012211305 0.2878202966121466
7.867009527031238 1.0404458999547526 0.3998759428781712
5.940372904977046 1.147052257271524 0.07802085523883832
8.611677398492569 1.0362054729956762 0.3969428253202113
7.951186611944278 1.0458250428430702 0.32342616678768055
9.492382708513995 1.114886227128685 0.1638320023455482
7.160234436027565 1.0853846432571441 0.2881772934835483
8.276267482473237 1.0430043734870238 0.41407629956066655
8.229958115796759 1.0816646293176992 0.3315436468870857
9.01491734450137 1.1334283689468763 0.10828888017863224
8.114211803169049 1.1574808028609607 0.0311619002834454
9.073969820648106 1.046624901032017 0.3669411799871201
9.146355180948376 1.096139799059885 0.3048115163188316
5.951710553989162 1.1247009606752454 0.09166263444020538
10.036458444606076 1.118314025981186 0.21450136400378358
6.9107019525159625 1.145690389519075 0.11077631744086022
6.467354348180423 1.0675813159109941 0.24065827234535891
5.96146228014385 1.0956493419431825 0.1746779263491032
6.54784334891878 1.0760365697129946 0.27368391826185084
10.072972810296353 1.1176595561740437 0.21290183555776968
7.747818646288799 1.093666070198788 0.1702765541273511
9.664278681824882 1.1201015900734146 0.21750298671044893
7.594303031124202 1.1264932366499185 0.08927624318886766
6.024419184155608 1.1052190578633054 0.14015793240088992
8.671995136873393 1.0478536457290666 0.3456715863255428
7.352015146809331 1.0547768095155552 0.28015018023074995
6.244126296871039 1.1188271031882533 0.09994933487835524
7.970614862263831 1.1138350629923244 0.12541116262749935
8.75379811476372 1.1117936954643055 0.14938472183431195
9.148235907934458 1.0859506550313056 0.3344685739731364
8.892081384382461 1.1037928610520633 0.27536079463774943
8.568768010922922 1.062564234329306 0.28453006034707273
8.111811253969055 1.0396366383532758 0.378346335634706
7.809645571482509 1.1301170849410136 0.17860442895675357
8.409258102344852 1.049995065056994 0.40334975075073093
7.652580470836698 1.0512329193544006 0.30182591348379223
6.985476629120949 1.0739446000151898 0.2990816739867833
8.340210356320483 1.0654235867586699 0.26790434432048016
7.450795818459014 1.087342631307175 0.1832881901977875
6.114997249160165 1.0971588285833274 0.16265428279507116
9.290551352305123 1.056875303731081 0.3413795140195364
8.7226737383853 1.0715373447295158 0.36566194812030417
7.2020362114496415 1.0833803466046004 0.19092988900480107
8.255881321857089 1.127345133587519 0.19186816726432665
8.746353866686016 1.1389933616903778 0.14548783152751119
7.754651269654763 1.0826741086792526 0.20206872070804788
8.46354399012288 1.1503360669461515 0.08544200493274272
6.840550253000984 1.0878156169785433 0.17755860832394035
8.769755614996175 1.1377033699207075 0.1508333998531545
9.446673860561104 1.0876850624991867 0.24012748035985604
9.065605731358893 1.1360474983850306 0.11135348037233964
8.435719683270797 1.0521543554955426 0.3962485738152224
7.324737684009172 1.0489013748060616 0.3305588812422008
8.204760987219403 1.130066949683223 0.09580860856000964
10.039826186806671 1.0660625506095014 0.3724295803171716
10.004504369243643 1.0830164908312727 0.33713603281275384
9.448174939900676 1.1166445643642648 0.1648297956074416
9.542830469311443 1.087345588742763 0.3269358675672733
7.701311631009451 1.0603252277660677 0.35240645916365276
10.09107109941188 1.0795538663504547 0.3422296301487699
8.768836295009082 1.0826458482744492 0.23097206509611254
10.025437085641105 1.0682715238448048 0.36677417209677804
10.095202497819002 1.0725796149901876 0.3497450933757372
10.114442333419277 1.0752290604747021 0.33975634460185244
9.532771212598222 1.0550359573521138 0.3802326095461915
6.7018033744021235 1.1460083834874422 0.035226507849520854
8.945283670039762 1.1002449581603004 0.18833430743470744
9.525042775494954 1.0577035973890225 0.3959820616603241
10.019334042849826 1.105302848480577 0.22947453289468414
7.410950877319568 1.1340608676069568 0.07346515832840632
7.0246489523146 1.085420674082788 0.27416678745072315
9.410794054287987 1.0879680279742112 0.24139971960021037
9.834097836481401 1.1187784055947139 0.1938990533561704
8.582315757710536 1.0522440872637904 0.33756209478580035
8.933429996019285 1.070809488129052 0.3648266701071728
6.528302097818893 1.0979614825537733 0.22500636285407122
6.905195321033892 1.1042868003252768 0.1381873051524798
8.108752320780848 1.128555485350782 0.18303864315901475
7.890992218896654 1.1324135322712618 0.08603921535546132
8.523656070955399 1.0588333677151711 0.3798841935556411
9.006939348171546 1.137388794723295 0.11276198024526508
7.342176089222104 1.0654732902929063 0.3226577336768245
10.052694122383869 1.0889001918373176 0.29091179635172026
7.437290608533049 1.0515756010707984 0.3256096752117852
6.193417044907241 1.13999972282561 0.05619914157768952
6.2619050173267325 1.0866074554838245 0.20443178087929206
9.74423057377402 1.0961676570444305 0.2905486748098664
6.673123867646487 1.0827936880807347 0.25920045142024906
5.985549566435749 1.1374775758945732 0.07525745366302694
7.509742677596771 1.057243254480226 0.3392467588393972
9.002996174482 1.061958255509946 0.31804667036644935
10.014332232766487 1.0847662955494102 0.31053639567326086
9.930539789783928 1.0970206320912599 0.2786417025467477
6.482944553836596 1.1506613903743705 0.07535562165984798
6.070713182556366 1.1422872694021577 0.05816752536914692
6.277797909017286 1.1343900936207416 0.07126479018468791
9.865821578622239 1.084468653377876 0.31969261894854467
8.429275521871935 1.0657390922873164 0.36010121679545665
6.935358277512034 1.065909698807312 0.25658470427157964
9.161195082917406 1.0839087524035336 0.24719922756269921
7.840690425867253 1.0745427926015356 0.2339297511236172
9.22969376725642 1.0718318476708482 0.3598126134242308
9.357863556615097 1.0601186262703997 0.37617107583390813
6.830788109212682 1.079016436788844 0.2710706142599909
9.138251306535269 1.1130097100273075 0.23625668623156215
7.6582554867008525 1.1153227799384215 0.2163146080691091
8.752539848880492 1.0675764783441424 0.3616642465860021
8.498863253926576 1.073763653136416 0.3421611255087623
7.6595849510630885 1.155051293137304 0.06439963966874727
8.705947790150534 1.063615935867423 0.3676890855169339
5.9401540562064685 1.1539219656144757 0.027807535855912613
8.291784265041823 1.0936779998880137 0.1913959221274549
7.505893939255335 1.0573657250701562 0.3258952090884884
8.25727748821976 1.07610077280137 0.32956891673143096
6.171670831000641 1.1028152091524948 0.16428098096114793
8.676639185282076 1.0645882672114317 0.36303161541820667
9.133626762292074 1.059813115827716 0.35141627493370625
9.697854683500616 1.0779035171500368 0.32865144204185887
8.535714824742284 1.0591221792957242 0.36631262562753875
6.341495035363497 1.1264832554064514 0.09258167344865421
8.0879783920995 1.1027651446945663 0.1636423839078257
7.246356938575746 1.149544243103556 0.08938671757198702
6.228965675704734 1.1438135970500045 0.08512213691245378
9.29212028494518 1.0637686945949356 0.35725430850086676
8.02961341975563 1.1293145316399424 0.1750203823643582
9.01597489453693 1.1319054229213608 0.12813453673446165
9.80007660561668 1.0986734538093899 0.2517045871267724
8.320041972124248 1.1093643317571797 0.15325626548564653
7.498249146785833 1.1173246088961457 0.11740677746857815
8.966940509095322 1.0736723345258226 0.28031624122884335
9.178579017787381 1.0705098606858365 0.305901500855386
8.873009309497462 1.1242653894088095 0.19381452819754924
8.248110794414682 1.1163620295195331 0.1350098740215986
6.981674027987857 1.0724492973038349 0.28118337648951347
9.065611577163006 1.069100168350551 0.3541455649625882
9.395649971605396 1.0725608942733074 0.31748981194902065
8.471110499441787 1.1438582702464686 0.09189948214611471
7.649538903023675 1.1169158005220656 0.20784662785272057
7.723643523859916 1.0580351943069184 0.32057557214316784
7.0564133299727985 1.0994846291962903 0.23651413884602704
8.94056472224843 1.0638044816366674 0.328471347368634
7.342736011873315 1.1587794565497465 0.017098906455376348
8.804815543629106 1.0661873368332238 0.35272569612665905
7.848420700184342 1.0581892204480559 0.3143611065551977
7.383644457339518 1.067666835889521 0.304958203014596
9.415879806768325 1.0759942911031666 0.3280785149033254
6.255603752987845 1.146644121280329 0.05623293788833207
8.900256947639592 1.0713184937497764 0.2920945358170795
9.259191129099712 1.0792828969021333 0.32408735301839203
8.184789141996434 1.142273790312074 0.11946201953547883
8.943929530642402 1.0812578739345236 0.3196897093151527
9.146313605628233 1.1248208217067606 0.15167908728320148
6.7784570187856055 1.1367848523028832 0.12520243636087205
8.674597008556525 1.1317055652895678 0.16184550038590545
7.681236541288037 1.0658601901284812 0.27392406023952104
8.57922369558302 1.1067330493049397 0.17070363656640483
9.436458881086658 1.093947384731638 0.24499545679280763
7.1966033554887066 1.1680012422530837 0.013609381064988237
6.7488870703639865 1.1286890143217116 0.1488176241330332
8.454937212744664 1.064570409180917 0.3076907022524436
8.841314766645514 1.0698690627109217 0.33693869022877776
6.987708023667665 1.072724788747477 0.2539085781269555
6.48638656207223 1.1496741898636547 0.06522584207550078
7.978964450674178 1.0742517639619498 0.3139378707504659
7.05009602307647 1.0901815562518045 0.1877282770961975
8.96785990078536 1.0692644009489396 0.3284504957943061
8.71882882943529 1.132863878178396 0.12083504284567693
8.957690757826045 1.084610409746194 0.250231396812086
8.135128158884227 1.144240736812717 0.08036500355744411
9.294346527138496 1.1186188456235122 0.17616710190841045
9.318292565398076 1.1005602584228198 0.2573864272815205
8.228512679998675 1.0708364319733323 0.2737925880468918
8.668310381675246 1.0832820077200986 0.3058181494325371
7.510587546559899 1.1113887795252984 0.13768695704713618
7.42775070298117 1.1161129391737141 0.2006021258696647
8.926490221687072 1.0819065270040693 0.2621846329962994
8.130449675637058 1.1443696003573416 0.10017918403601095
7.969541108376218 1.0707550908648154 0.2679786593160134
8.790874067242118 1.08316574562631 0.2525231418534626
9.099454666956587 1.1053747937010845 0.19961909233796235
6.624984626682128 1.090997067014612 0.2104066865873307
7.372137150977306 1.148281362775894 0.058565314255603663
7.852226165642323 1.1004418404778864 0.17327620548613418
8.681514432072808 1.0763691453712074 0.312859670055704
9.359826213830209 1.1035182625276008 0.235617451725639
7.193652628608154 1.0739666745218652 0.26097768182149944
9.119514142509134 1.0975215770681832 0.22480613049719222
6.148750056356903 1.1648177815401997 0.01347793266721354
6.5146650828887545 1.1578841353594385 0.029889780501911947
9.203243634354404 1.0878000052190173 0.26978555357778305
7.015339583513004 1.1555518606764157 0.034707785803175496
8.62587897797609 1.0940043445148286 0.21389733396514996
6.75494858037743 1.162722013068268 0.022347697845187933
7.624220876833865 1.123750918913462 0.11274236506873292
7.2075276586699655 1.0756430168528648 0.2624195541934658
8.255800856358148 1.1258205890671238 0.17782924515836973
7.4837554206159975 1.0788762453316771 0.23512578955755578
7.751355766861895 1.081352713521573 0.28408389985657667
7.561599599706186 1.1168308239468923 0.19781253960665288
8.325133531816485 1.0904215734429796 0.2782751886420272
7.290167208724629 1.0764841240772032 0.26802357704361157
6.9640237429351455 1.1004799377059407 0.21800740856354894
8.9885416984847 1.0842285718201319 0.28068298732390934
7.9631260223714495 1.1347968620723607 0.09770145982303374
7.621251611991527 1.143697599033117 0.07432725491200841
6.4806388429487 1.1173116237991227 0.13255998319864928
9.22633355743246 1.1009699209283779 0.23383392771257502
7.120099848112572 1.0893301656741652 0.24487000786890697
8.325330400463141 1.1209193752288582 0.1925438548072918
7.346144749551495 1.1360698595824543 0.13200662435910684
7.031729812689047 1.1027988770733417 0.1615931959947553
6.6985038989959165 1.1414204006865654 0.07265262748504293
8.37629611377155 1.0950876134859817 0.20613780498382323
8.244612794516836 1.0757322212539282 0.2959358109415148
9.014131785186725 1.095369053309673 0.2600888023427564
8.21357156647496 1.1155778317245262 0.14789243401180796
7.505961401787861 1.1088670243158945 0.15010686497956793
7.9407386997941884 1.0802748963221904 0.2429569026379137
8.74699903516967 1.0906091354499827 0.2748614605866943
6.679150664256426 1.1447756633149435 0.07453249548578009
7.281378393889387 1.0845369098564743 0.21949421786656706
7.751295893921377 1.1410672167091143 0.08356392879431518
7.783690491514571 1.117364814686408 0.13399274187702015
7.6744834090063545 1.0764079128552162 0.25724629657127046
8.218916563959505 1.135134326474214 0.11004945991004225
7.866329156961893 1.108744011249144 0.2219661388630309
8.038003138670478 1.1136450006060037 0.1490999207450811
8.854664060059163 1.1202135141162377 0.18401698233267327
6.573302097848611 1.1203590154089067 0.12732401337190527
8.936449726743419 1.1171753198856569 0.19078936887383494
7.3277027485641355 1.1039476773136183 0.21958452868446374
7.841295468162496 1.1132111903856952 0.20798275842623323
8.180733910306916 1.104274554844118 0.17835932816029515
6.94543953542405 1.125045802185825 0.10955353212329062
7.323894600912796 1.1463602764515615 0.07665174674953866
8.26378280280599 1.1227523201186862 0.13646651174776583
8.468911024849124 1.1228498428597242 0.1435049328800458
8.256970813612746 1.0789900770278893 0.2780463167483475
8.720025300200527 1.0873927101831677 0.2664995923290833
6.498990238564023 1.1643504014787478 0.012074042584391551
7.040372566570104 1.1198069397103982 0.17011381523085
6.594715382730513 1.126955057464961 0.1157931925160051
6.8533866990185 1.099224147088312 0.1887218512921201
7.071576191494174 1.1368034840581904 0.08647121074250115
7.261446980911376 1.0865348138940751 0.227891149405592
7.31469128487436 1.1207178226628824 0.17371107299529523
8.325276491860334 1.1074123540925602 0.17746489479154703
8.445014791689749 1.1221704556926568 0.17816270099777007
7.5369632637938295 1.106183393743709 0.21550230866864634
7.648025130410414 1.136817551893867 0.12273141746057141
7.6310884497383125 1.0921055143980265 0.2067846081415412
7.94727131381333 1.0840173295360251 0.2643019976673446
8.045642623936898 1.1190992926951338 0.14219831698551133
8.650327738537639 1.120195093518562 0.175680228767015
7.50158747529311 1.0886912192454483 0.2447609502368656
8.152123169433386 1.107881124022775 0.22055873268682752
6.7711863867731665 1.1125887955413263 0.16571890732304412
7.050724040769591 1.1392669540586347 0.0989707401582168
6.8811300656124335 1.1141011175158673 0.17068048348832354
7.577309383514143 1.0924319795600155 0.20763202028795047
7.517702333884058 1.1016581176518743 0.1780315264198976
7.178511177169568 1.0943997310698048 0.20426869481165516
8.498588213881193 1.0947630827779649 0.22904044849173769
7.918588210750292 1.0889632408281082 0.22758415296490583
7.215596975201191 1.108166626169317 0.19820207524311978
7.791125235090867 1.0882571009053699 0.2293644970750001
8.079502479546834 1.1211321498479043 0.1789202242447974
7.047057918708779 1.105383735657745 0.19366060632837417
7.145539607621334 1.1251304186873226 0.1177334780906995
7.4330281331904775 1.1060294755384725 0.20860812132876888
8.308743793224904 1.0950728225992026 0.24543012573147713
7.7823395429611395 1.1244749625453494 0.16550891848113689
8.388282408733195 1.0982060420940947 0.23826885797925473
7.051372437187272 1.1149250267441642 0.14541792509053586
8.222144024058219 1.1110676871109502 0.20579012212505168
8.216887269176974 1.093991935670585 0.22877098402648938
7.239204565982005 1.1272572179172766 0.14418363715331967
7.597187455188763 1.0936832650495543 0.22987267730733993
8.423392740347511 1.1184377017732268 0.1754123166284587
7.2069428692388176 1.1320975698668756 0.11088447241737384
8.354773773929793 1.115287793213368 0.17257524982874892
8.241890273823275 1.1141507707783038 0.16950772418144622
7.747269144657382 1.1231892575465785 0.162881785192316
7.820123140687786 1.1025689318106884 0.21573826835458226
8.270657406080103 1.1103613891550101 0.18675009235771542
7.180428765880116 1.1136594195605733 0.17099956538894803
7.258686847692093 1.1105703826531783 0.16791634703454128
7.531258086506046 1.1119160850504388 0.16297936719893238
7.206465063689812 1.1184082021547188 0.157543636937034
7.99341615767889 1.1184990526874914 0.16183370860432564
7.699300620511229 1.1140902271283497 0.16757035772639017
7.709989694672595 1.112932826937801 0.17401107541622324
