s_mu s_sigma
0.46135442675553145 0.2184841936809274
0.2908384758711331 0.24418963257686815
0.37654403483170706 0.2624845863519429
0.3292140378663129 0.25726950015345607
0.2863431299283125 0.22924343283752388
0.4230632112946005 0.24140715062425203
0.45527053865947303 0.170548666866047
0.2751005978304828 0.1917131276221612
0.31207108273539536 0.23909613039865724
0.3526848632446591 0.2481354636861551
0.4211983424334268 0.1321384221749183
0.3785180393108703 0.24466947994897362
0.4431591689502033 0.20774536529928758
0.35731984073095646 0.2441085048026538
0.3133746233610484 0.23247918709512427
0.4178977868072602 0.13309918125072856
0.4228495062002634 0.22435913455999493
0.4355421297703569 0.2121675692450828
0.35403207887912425 0.2403915829738566
0.3940572785831759 0.23583278400289417
0.41251179854487807 0.22707353666530627
0.29312020405395844 0.20318414633013485
0.4405434418611462 0.19606280116053965
0.36239100223620063 0.23727466380138543
0.3140490389677606 0.2242034419369179
0.3956491971420969 0.23144392992291282
0.39345019148212035 0.2309332507152015
0.317653913443267 0.2233141309968381
0.33213629291038 0.22960011938865277
0.30620441014301575 0.15130815992062355
0.296638374203569 0.2016984691949952
0.43927727475450257 0.1738562882713253
0.377392221878053 0.12394301244363133
0.29788040844610586 0.16696611311258042
0.38217808373347045 0.23055126487998417
0.42532598059982263 0.2090463039791562
0.33350015928234317 0.22732639141019598
0.37603991377035445 0.23059455036324786
0.4373163720957688 0.17774319996562576
0.41874215829389766 0.14148590772223216
0.31342231753181743 0.14720403516811015
0.4296107529570626 0.2007882761971956
0.41582123394665166 0.2139099334096251
0.423184844346904 0.2069093419455237
0.30674840519065133 0.20645491142081926
0.43384870067355924 0.18819041426611774
0.31778048057508873 0.1445823196079915
0.4329776589599547 0.1885581858176142
0.35023095873595805 0.12824522220086873
0.30883830315488037 0.20692417679742905
0.33871614419550117 0.22438832471600484
0.32260044276672795 0.21768718207200202
0.3913860434831667 0.22332740442785753
0.4094690960703722 0.137092970309862
0.3893726522029312 0.1284869308970551
0.30088824935173164 0.1734457767729042
0.3132790159185352 0.20947185321602643
0.43296632605148005 0.1780108836073611
0.4282734102077201 0.19473759360400297
0.37831628095497016 0.22504651945032414
0.40899936054315267 0.21404856959466836
0.42568580771981424 0.1983688780446757
0.3577197460557221 0.22556221898637713
0.33502614078959153 0.2205321653782037
0.4011282631970501 0.2174492823970908
0.30149703252057775 0.18367493726278866
0.40416257351179535 0.21462992226087005
0.43066067955783377 0.1782481083825863
0.30482348771104956 0.19185562508566195
0.40976836702929204 0.2108616808499663
0.4024559411705918 0.1350993995228649
0.40454738242343485 0.13633706281506877
0.3188270324167869 0.2094241992795032
0.40172628789615195 0.21473929315799523
0.3326975715626603 0.13801346424389563
0.42754543034487996 0.1881079957165114
0.3184817397897701 0.20868142126296396
0.42644056569221417 0.15999167522158272
0.4140539494726112 0.20645226986021123
0.40706455631160543 0.21145128418372836
0.4162345467787632 0.14577390212553745
0.3228351358097473 0.145460509254632
0.30540654990110455 0.18120479503044393
0.4015211735378327 0.21220902823108018
0.360074737920523 0.22073076785554144
0.41103311517516283 0.20566115124576145
0.425947975065488 0.18464629200612387
0.31097112723731113 0.16146746585104071
0.40948724597580866 0.14181676361738457
0.3886780288297081 0.13174275270114508
0.3584398733125754 0.2199377549104857
0.30703459166869673 0.17376354828941493
0.3290641612832499 0.21178375016639517
0.31802445410398217 0.20375013996914038
0.38445132731032183 0.13098072458545668
0.4198260149164913 0.1535508061389816
0.42467784189092034 0.18510820323627108
0.404176720470327 0.20895144098943086
0.4234810722700777 0.16043530305938886
0.4214491343859223 0.19201275316018784
0.3096943077092972 0.1666209706172113
0.3457347843988766 0.21709619072440914
0.3906158763524846 0.21483669587693588
0.41276900867960997 0.1459297337486138
0.4256538520829003 0.1713847787849801
0.38295526934442436 0.2166151859020558
0.4081706292633137 0.14208156175965292
0.3917840299420547 0.13367419624780436
0.3357893656758913 0.21291604696581135
0.35818922980544 0.2178070489301918
0.35516271368402375 0.21752024401474293
0.3932389081903032 0.21274588827320584
0.30880308458541594 0.17598128013559972
0.4079442831940265 0.2042987465108187
0.343755387320182 0.21490237756320732
0.3092127252183456 0.1791928963750124
0.31943927194931065 0.20137862285272026
0.37217551105183844 0.21683432094004051
0.32057739224616355 0.1525126421584818
0.3268418196116657 0.20620107974466376
0.3211098784647303 0.15204428340022821
0.3151602924266433 0.1601939753089943
0.3146470254163412 0.16147572360189355
0.41040378845723435 0.20053838765895315
0.41196804393572267 0.14772693647772658
0.4160776855469006 0.19370233183111146
0.3183497410329361 0.1976932364515491
0.4027586338830387 0.20563771829718566
0.4201791799442985 0.16017896619701896
0.32575896653780795 0.14831170197046997
0.31147609412688215 0.18074632461193996
0.329257652676307 0.2062193446050547
0.3827434293962019 0.13303982476284876
0.357782599115416 0.2148257942611349
0.31300288491359124 0.18555994373814544
0.32230734209699385 0.19961290775491886
0.3496406544785368 0.2129244924940649
0.34259263908631304 0.21107601431273584
0.352119303582286 0.2133057958767103
0.3125683709051784 0.1794607666909022
0.3132948034557553 0.17065272137784698
0.33918170049592333 0.2092775245650594
0.31305397706458377 0.1752663274682251
0.322685636670528 0.1533501042462591
0.39834851652103476 0.2054571804162686
0.31782951210204624 0.16038840561421228
0.4117055080216507 0.19500471444444564
0.37821852228520153 0.21221432840734852
0.3798776370898321 0.21188824025566283
0.32631403172500717 0.2014151601783174
0.39928921479371776 0.20443297099187102
0.33220018488267006 0.20510604223367046
0.31507603957962826 0.18544125826913102
0.3217687897551057 0.19668488810228368
0.34773255752648385 0.21105621535949684
0.38941627398477 0.20869687892774505
0.3141922287632086 0.17321930319941828
0.3180175030609605 0.16132831919445945
0.3268085778715014 0.14993545553176216
0.32597206912116033 0.20026815680802723
0.3872111883208437 0.13568006399538401
0.40060569790880574 0.20276548053924612
0.3154995374049278 0.18406281710296185
0.33715241328193557 0.20672674143779418
0.39534324841675283 0.2055994359287067
0.32195519463643857 0.15588471971732232
0.40501215457335427 0.14491364158551642
0.3765185385185554 0.21114968557701416
0.4189917827189128 0.16855682966657284
0.3148678620337616 0.17800462535658823
0.400517435331164 0.1419644457672153
0.38218108802170714 0.20977093922713316
0.3935930391061668 0.1384482541165515
0.38857742993012884 0.20765952582744962
0.32939859717757936 0.20132715287403402
0.3158992556887532 0.17039340739938746
0.3562233564841093 0.21088657195505167
0.33054021993339766 0.20185505126941625
0.40010692839573925 0.1421258406117631
0.3889468684885225 0.2071543216645299
0.4075747155776235 0.1480802186487945
0.3639915112533127 0.21124723293085296
0.3526778697227523 0.1364316370168223
0.3948346329117063 0.2044301109686576
0.3227387432745949 0.1944401596386951
0.3178160282665717 0.18607190591677383
0.34412207363308794 0.20768208145305517
0.41677378563950396 0.17932710239822963
0.38185423520427053 0.1356043627991586
0.31850088484179123 0.16564592794412805
0.37914678582528044 0.20873796674097111
0.34026753266142473 0.20541350219013504
0.415084805480151 0.18281375123541974
0.40812822041721414 0.19345658658024384
0.4152052574138654 0.16139675751206708
0.3347361330395005 0.2026005973155447
0.39311998749072136 0.20385609037605606
0.39414558390915655 0.2032638671367881
0.3774035454393344 0.2086336774491153
0.3323623426927728 0.1477438289903515
0.3174687495496998 0.17866675638781204
0.3738036090065231 0.2090138418742769
0.40394454543694863 0.14646214094086504
0.3772681888761301 0.13529054159794615
0.4085731230789414 0.19210781087612935
0.31797473672505955 0.18031697542189046
0.336476161221158 0.20281296951284147
0.40499168562696175 0.14766355288573263
0.367329505567674 0.20915603790750203
0.4034349725968962 0.14633707946418167
0.41103138512285664 0.18829048333371393
0.4106511005234015 0.18876837745703465
0.3473372742052976 0.206717360028453
0.38580301461019195 0.13736401205093274
0.3486691892292155 0.2068926442019222
0.33221511947340876 0.19934470960169806
0.36386273139333053 0.2086012796148343
0.3489370380597921 0.20667469190217408
0.3377476961050495 0.20248635514664898
0.3779908444029473 0.20723021429584654
0.3508824482097705 0.1386290568063711
0.4155194861989817 0.17099160131748423
0.4154024675449139 0.17343710297280898
0.36004728252092794 0.13641945013346293
0.4105122279294461 0.1554153484859949
0.3487235633432357 0.13959358779693817
0.35520921418555995 0.2072843457768527
0.332092565711601 0.14955155994480512
0.41504804778352683 0.16945819144263674
0.4102656556239921 0.186874925398462
0.41032757830134686 0.18669247961773225
0.34540107752079013 0.14122910684150095
0.31970718591460595 0.1788568690425232
0.3695945517965858 0.2074840642895329
0.33357669486725444 0.19887483292374833
0.39201010583635565 0.20178184589153442
0.320347882373022 0.18086538594674642
0.3380637394513335 0.14549387077176576
0.31995028245381646 0.1779704099352616
0.3839341221574427 0.20457514362288776
0.4140325709041327 0.1663314971949361
0.3336940749143151 0.14887469795976252
0.3597625889379391 0.20675059276849456
0.4113037152265284 0.159007764794978
0.38497287873026304 0.20375936277172058
0.4139484666313022 0.17052617577272605
0.3489712197218729 0.20475506720351536
0.41392567943299863 0.17136255358432292
0.41006556456053256 0.15697425723062772
0.39173747886063215 0.20092517136772764
0.4115830390545497 0.16021685025200746
0.4039141252975486 0.14927502171563067
0.32052894358223283 0.17545951986606514
0.4048014035651127 0.15020658448269564
0.4036323929499658 0.1491135150746212
0.3573942093596828 0.20594261698054186
0.36818424106023334 0.1366539772274745
0.3952248014331681 0.19871545482708053
0.32306502324949 0.184973534816201
0.39484862510781565 0.1988871931392618
0.34244490544653683 0.14365381378293493
0.3223427801268666 0.18280399399260236
0.3751930466670073 0.13696887853077822
0.40613862098722747 0.1894919143507316
0.32388129175516983 0.1857942763948409
0.3895069787171793 0.14065416802170186
0.33456489527627814 0.1972390802605165
0.36708736182810836 0.20571389890475966
0.35267319292707144 0.13968355937544466
0.34921223676507235 0.2035571965655351
0.3755435492182608 0.2046726932642544
0.324101162046872 0.18477557351758686
0.4078346306151982 0.18588831431650207
0.35587356957006344 0.20471687828942864
0.32322761945292044 0.18236592063974577
0.3324563398442773 0.15174043056200198
0.35660346091679757 0.20472148109720514
0.39593341361749074 0.19698647435149
0.39834186906395064 0.19537332364217488
0.4073499927160628 0.1550558473598636
0.41209559236637433 0.16757883523818565
0.4039849134473226 0.19024417355265597
0.36592975507334957 0.20502311970343942
0.41167375975993764 0.17530278540883448
0.3336644865931811 0.15111683490962136
0.32785988367919255 0.18945291643163817
0.39816311069254035 0.1948752778060875
0.4036793272243139 0.15104168697147063
0.38974645704453614 0.14148467922123711
0.40715708840340026 0.15546940015196578
0.3833572919087745 0.2020672845798922
0.3231246155439517 0.16910672146645753
0.3813529354331589 0.13889804724891233
0.3384235294632984 0.1475615344601273
0.40442924494970334 0.18871382937334977
0.37590651177721224 0.13807311428773647
0.3893837370120031 0.19947955550605925
0.40624479749605535 0.15462954184830205
0.3464338959483574 0.20137228106788685
0.3724339988832993 0.20389490762415793
0.41015703188534636 0.17822788860264144
0.34639297609344954 0.1431302689872559
0.38216637814935295 0.20183229812751424
0.3496105636251474 0.14177777785402582
0.383470092252829 0.13983670957658598
0.32334608577208945 0.1732393928978798
0.3339669874199006 0.19422599080711975
0.3816650032104814 0.13939471125472555
0.33148651839057114 0.15430850965367623
0.3277233073683282 0.18735012922690386
0.3956068551487431 0.1953870358613738
0.36519492716355 0.20380536384905068
0.4029536037517317 0.18918104131855082
0.32366026036812795 0.1754043159905717
0.3377030195992808 0.14888817287055248
0.40393114590565454 0.15284758074681204
0.33460911410473443 0.19405659209204093
0.4053792947623619 0.1857587697808286
0.3974923641186378 0.14699797353229335
0.324065995890486 0.17383170484925806
0.40652372850971025 0.18357629690065086
0.355616565435316 0.14042527526251178
0.40830654893351265 0.16140925636422876
0.4020245875674168 0.1886212741272756
0.4094887068097316 0.1668216021864951
0.32733751450778115 0.16242983959965968
0.40548088300317614 0.15621044425459962
0.4092939978934725 0.16588701477024953
0.3798161115077215 0.200753668650235
0.3475261156183247 0.19966248490278213
0.3473577837135861 0.19954799812678087
0.36543072258382053 0.1391543208879551
0.3314413342209494 0.1893842671977841
0.33444113136936054 0.19227314176298324
0.40545957782352354 0.15669653615392776
0.40428176366780383 0.1850546607642551
0.3911256733213818 0.14410914040374737
0.3819379859317025 0.14069863468272079
0.33323271638132673 0.15459854069622245
0.3299406888835425 0.1868697732254119
0.3955602638801336 0.19297311387822533
0.3413971936024886 0.1477217516004769
0.4050114317210072 0.15697349636233562
0.40456615351974246 0.15653774573183102
0.34585953017784404 0.19798457678172102
0.3440204041773379 0.14635721439131158
0.3514622400857768 0.14283343839822732
0.3885917220193516 0.1965281432730339
0.3446463870524472 0.14602373563455573
0.32881292952797797 0.1619067366471181
0.3751830141922242 0.20060854512435972
0.3317586559768131 0.1880368603012913
0.4030674501846588 0.15470181041296235
0.40550205023550284 0.15864593750195985
0.4071382014609555 0.17682621308310917
0.36671450369366704 0.20121038300110408
0.40761446517367317 0.1745849008855112
0.3285873730428179 0.18231490117680194
0.37207190090583636 0.13988906715671406
0.36383936772971354 0.14016706395412154
0.3896616443157134 0.14426859660969565
0.32701368683609994 0.17661688494779407
0.35952066355222145 0.14092989164558462
0.3412097309775953 0.19488783210809413
0.39882932962877876 0.18878316722748764
0.3446493238742343 0.14659597707287758
0.3272270676271343 0.17675899675301696
0.4004480426971875 0.18662888311480985
0.4046654591099505 0.1588275904667902
0.32741075430648414 0.16990249302408947
0.40049268640435726 0.15281240939993385
0.4039824245169241 0.1816543384101902
0.3926606982676688 0.1929800376380616
0.40503619795390033 0.17949365721186825
0.3748125664972198 0.19951117764068405
0.32751608118138703 0.17188008480633968
0.3974711646923822 0.15008100138492342
0.38548708732453285 0.19635264744151465
0.3287724945314692 0.16533945171472839
0.330424969039775 0.18349264490995074
0.40624183702551475 0.17539850432799312
0.39164964149243403 0.14601687501022068
0.4061576987359754 0.1636346066753509
0.39321407817019377 0.1922233166252614
0.4062764364666679 0.17492130539301795
0.3737587813560153 0.19935983744576766
0.40686991362553937 0.16995576143415975
0.398276550655514 0.15099928263691462
0.34417290139995393 0.19533473839784363
0.4062938620029987 0.17423352184979815
0.38736966853688376 0.19518682886532457
0.3307502703214981 0.1833425207253941
0.36901079357867045 0.14057574160532868
0.3754524422807719 0.14099907134430836
0.4062155646443369 0.1660996698499554
0.32902532678972923 0.17870468770695583
0.3783984755521542 0.14153587865591954
0.34295745207130296 0.1942666503544251
0.3619713392553783 0.19939003252283585
0.40182847865991533 0.1557012756602966
0.3986524235366492 0.15191067592439875
0.37118982059503397 0.1991846693375926
0.3295780458711737 0.17999560806938145
0.3311459690072595 0.1832246021706647
0.3822570022034941 0.19671780018798804
0.4010909253689648 0.184039760800592
0.3407963731230506 0.15034287610294564
0.38329590192048413 0.19633715677549574
0.40598253877461116 0.1666497716844522
0.40496887936761694 0.17627595184455594
0.4024660654782319 0.18158628561420587
0.35289823342313864 0.1975823008157287
0.39795992805823716 0.1516902438278921
0.34232736390363827 0.1933672191857639
0.39353326779153036 0.19067817055639535
0.4040516089748827 0.16073101240539608
0.3502326361613564 0.19651894784802917
0.334821112427437 0.15679730897779487
0.39585525646056074 0.1500827741154285
0.33131683450399246 0.16239831013867825
0.36407449519222135 0.19877406614827722
0.36339393817874405 0.19873592148646824
0.32981551617515414 0.16656623691697864
0.39228150515127563 0.14753040051889155
0.3787408751033232 0.197052072678199
0.3628930102141483 0.19862501309497924
0.40380933568613525 0.16089275083357085
0.3323568896419084 0.18321522888919853
0.3885950721279039 0.14567012290946602
0.3344529852967372 0.15773848407314395
0.3703491929138766 0.19820278597787275
0.3885819360953733 0.19288708619976455
0.34923475961004025 0.19558437248342633
0.39330288093529836 0.1898942253821713
0.3960006635261625 0.15077837346477638
0.3493049977089078 0.19554418102933674
0.40057711637597176 0.15597549891573534
0.3788732076438914 0.19637390273098448
0.38675307859843266 0.14521966342554568
0.3453112385889773 0.1935640281420534
0.36262096478210387 0.19782131328943925
0.3733820150875415 0.19730879498136777
0.39714424500719553 0.152499502281347
0.33037053245490733 0.1744393865998521
0.3482169927084796 0.19449493132125556
0.3897951906143628 0.1469888980492697
0.37242631795534525 0.19715252044333414
0.39526782593182835 0.18742911808238052
0.3492406226236828 0.19479388625161145
0.39847324291797726 0.1841394228457575
0.4001188044774908 0.18194679382170864
0.3396897404458396 0.18953809556449563
0.3993405843741469 0.18273409192167303
0.36559410920142166 0.19735235780306953
0.3838089202878484 0.19380698655646786
0.343191645314633 0.19147178593120437
0.3815370867723049 0.19461407074605075
0.35492769616804937 0.19601022380817362
0.3370741187392939 0.18666117791257014
0.3382198637068372 0.15498241247680739
0.38967819509124546 0.19064270635241565
0.3310936070024103 0.1706154137945259
0.3983561142562942 0.15489257966865477
0.34157686404544335 0.19001426474339553
0.3355382584918124 0.15877505357719746
0.38495755394789516 0.1928106416022016
0.33925864153906926 0.1880454402853295
0.3316842746997691 0.16793235540266738
0.3463725080139807 0.19255687028528237
0.33549764342985117 0.15901247813605293
0.3379796119397802 0.1558582165006896
0.4013920801490049 0.1776496996504705
0.35175681294522626 0.1945616104222523
0.3779229624767252 0.19502972123575005
0.3366102112550607 0.18506116307286866
0.3416340328525638 0.1895275010736599
0.33693224802777755 0.1853249959797967
0.35746186871627667 0.1957628944274428
0.35099872404652743 0.1941217309341967
0.3594938723343908 0.1438425317550317
0.3888301049405117 0.14755608156077146
0.3576008232346949 0.19566526019629582
0.33181444518171394 0.17012086894540177
0.3670685741889641 0.14288002816619147
0.35720735618829846 0.1955077026688886
0.3363530321359606 0.18405155093429035
0.35749329012076086 0.19542151356324064
0.4019372710081069 0.16329424860282335
0.3421497647996968 0.18936881987111617
0.4020015877496646 0.17403716350909218
0.380226899801463 0.14435714472632066
0.3620746914732342 0.1958826835989576
0.392264893676402 0.15005939655961192
0.33803058300049466 0.1569202651928971
0.3882632137848079 0.14774479485925918
0.34390527410218086 0.15137687779365178
0.3859768446209459 0.19108962887661912
0.34125680584402607 0.18805048366950433
0.39404696907429076 0.18562207881984033
0.3879867910679872 0.14780268471998048
0.36704231776976437 0.14339598020832275
0.3333462379671332 0.17645594883710922
0.387344849232399 0.19018588607063014
0.36717585817453674 0.14344241176954334
0.37921902453943584 0.19344244935020466
0.3382789205571945 0.18491809364452186
0.33283978960640415 0.17042618662839631
0.3336607158692616 0.165815329267285
0.3460624079002655 0.1907643019044275
0.39961746101235907 0.1779248229094269
0.3944455190534897 0.15269501332023294
0.3913467641909231 0.18731466544706188
0.34188404956037716 0.18793940170760853
0.3996307035760577 0.1775539373074953
0.3373574132973587 0.18341106625325382
0.37497700433591336 0.1941744104579508
0.37613573483028045 0.1441562481268066
0.3381964102187377 0.18428115970785722
0.400606292146794 0.16262039458498861
0.3382587922402533 0.18416124099845985
0.400671714922207 0.16346973196522305
0.3451151868685573 0.18960788947299442
0.40070503390163253 0.17350039751782942
0.34953914344341935 0.19173700832930296
0.4008915623110585 0.16491250017528092
0.4005381989450227 0.163538114792445
0.40065776084411114 0.17299651600094337
0.3500257914119577 0.14852507505213955
0.38713914960403967 0.18928854426331382
0.3336997209290792 0.17028797867136197
0.39235110599180456 0.15161433060701965
0.3843881206753012 0.14687683849567185
0.33402347450396014 0.16806399261063248
0.3945178743105888 0.18336125482348695
0.39989198168801504 0.17455154086279312
0.3374206951719046 0.15990703988046173
0.33896486335326725 0.15781584298343296
0.33687444670994854 0.16103983133337804
0.3364583842443839 0.18012643676517306
0.39806572090824693 0.1589323591960991
0.3345671638364878 0.16746316143307438
0.39716256216774565 0.15752646644585208
0.40016109542068823 0.16475717352056793
0.4002519158559033 0.1716095577456344
0.36041031921618183 0.19370021892751774
0.373606129514314 0.14453374577360734
0.3416065211888926 0.15520887241216288
0.33952003315931994 0.15753787728918503
0.38625580102067386 0.18900558695106165
0.3982160223375105 0.15964927965021058
0.3573307451085715 0.14611845466528967
0.3344982869151042 0.17135510547305938
0.3734051773046368 0.19317084204460286
0.38441405477813495 0.18972286356549226
0.3942970252408107 0.15438874625838858
0.3464001132246607 0.15148309745344732
0.3352685923191553 0.17570463833911198
0.3406807766469762 0.18466017245335298
0.38517239077989945 0.18925548784327278
0.3975337529794879 0.17798690818273194
0.3460970112672282 0.18871925291966096
0.38668611301512057 0.18837525864608626
0.3899138276257502 0.1507630154099379
0.39922736255964975 0.1636501831863712
0.3858906504588489 0.188618368831407
0.3644975818742236 0.14500817910798838
0.39549527685489855 0.1803873607903523
0.3378245200715379 0.18032336498892026
0.34956162236782184 0.1900108840270145
0.39948396531507346 0.16625690530918275
0.35985332749898546 0.19281230251279655
0.36767354802279306 0.1931754338581198
0.3839183600559992 0.18920403169354463
0.39469360406169673 0.15570687891724005
0.39737101410130826 0.17686015897376978
0.38919402009507686 0.18604755890297903
0.37132878272853836 0.19265852061003397
0.37473793469366057 0.19205409819388852
0.3957343418971978 0.17934330885666633
0.39250202570285336 0.15360572764724953
0.3727293603564679 0.14521559407005313
0.39909582392853576 0.1664346423666929
0.3444284320133918 0.18658906866060077
0.36309738417639814 0.1456300901308196
0.39684035987036426 0.17712801724431262
0.3557719114956356 0.19154073278357858
0.3893816742902933 0.18554492772838918
0.3935462704930028 0.15490320983126354
0.35242900868660726 0.19035928678161634
0.3848897127832307 0.18808730592516865
0.37885562618284646 0.14657622161270994
0.35621833407988757 0.19136281396991067
0.39196512432270014 0.15368926463583213
0.3839134633134163 0.18833113383539818
0.3496602818846924 0.18886016054324178
0.34577411338379105 0.1866271754283661
0.34015399058335194 0.15935020903148395
0.35122621058045833 0.18945066438243024
0.3982800909561391 0.17050192548223475
0.3649811999284401 0.14582997485109686
0.39667150559613223 0.1756276018777132
0.38357275980827266 0.18814420312974028
0.3457762914628619 0.15360681839999663
0.39472658232882196 0.15754317711415866
0.3367057446598255 0.17038053205407055
0.3958156239227343 0.17695281457218154
0.39540350525393286 0.17754041653855923
0.3597435436476003 0.14701473717021657
0.35450835447359497 0.1900158569896268
0.33846685161740225 0.1772105790855005
0.3387944925471737 0.16295953389907647
0.3575005712257387 0.14788104286892684
0.3968621058483305 0.163057023480201
0.36015362961289693 0.19098447435871233
0.37579965579755303 0.19016870068003036
0.3924646175597918 0.15560547950499798
0.3790791638255017 0.1891714539599259
0.36494529116814667 0.14645800888387112
0.34630426935348246 0.18554866810274845
0.34118905336237026 0.1806208261109081
0.35613387247263334 0.14863625875731953
0.370765689425836 0.19075762225729787
0.337856868139237 0.16900605079510955
0.35750088630580806 0.19000293753327513
0.3485706375798483 0.15262832385356265
0.3636069156175348 0.19075685622042457
0.35748115156851074 0.1483761375192335
0.39521855498262937 0.17521820390253742
0.3942967543913402 0.17689887598075216
0.35765176781388347 0.1897784407044763
0.34240918290912536 0.15864584187352354
0.3958349250117582 0.1625212204837524
0.3966823968320323 0.1690271076708873
0.33882357437064964 0.1746740338546197
0.3465210565740696 0.18492744511273887
0.33841532225076165 0.1726743859367071
0.3618595511502976 0.14742150369841686
0.38468770757795995 0.18576029296778956
0.3414888049845884 0.1798338582668178
0.34800495386708163 0.15349316096090307
0.37915038579562754 0.14825479585600307
0.3894470592652301 0.18215730310972608
0.3963236759271812 0.16885068799262767
0.39446940099782296 0.1602344566736768
0.39285292331510263 0.17828100565377483
0.34177113073793625 0.16018720547700457
0.3644862148296327 0.1472047468376122
0.39415470832637484 0.1760868251837881
0.39611514939643055 0.169782600204403
0.37373425649262504 0.147248882179264
0.3450536378182701 0.15635398836572337
0.36069206231728224 0.1480079952415611
0.3959216885992711 0.16965919617830225
0.39343561234233976 0.1590068965757261
0.3833529140933555 0.1502864359518367
0.3829453015819042 0.15012277664549073
0.34306263891310673 0.15899269200234004
0.34734076195164265 0.18450469508995773
0.33915132987627483 0.17143384834266956
0.35285331834420364 0.18734923520316696
0.3874065551872123 0.15284820015542572
0.33935137557509504 0.16804280528037452
0.3858763991425263 0.15193395888219044
0.3537613151713074 0.15079404280688116
0.39550372533117745 0.16835111030671368
0.36042882525261155 0.18904947081175158
0.38592456670400666 0.18368761784296064
0.3601620911919129 0.1889390370153851
0.3497661932471125 0.18533912445449297
0.3678053379422979 0.1892652650885313
0.33974545533104883 0.16916899981125644
0.34384822214345157 0.1588914675855151
0.38275701935435874 0.18534207090790808
0.37497134655687686 0.1481337829263912
0.36511380828858275 0.18915604359877575
0.3682554255849883 0.1890933249536291
0.34173364331302103 0.16243282014397892
0.3409546074834599 0.17549747698799018
0.3440980697882835 0.15890393456641974
0.34432459047534997 0.15875432292349154
0.3611125320476397 0.18858482007813332
0.3906632664865918 0.1785353882144403
0.3452756639672492 0.18133825353386895
0.3637392946288257 0.1483308526947009
0.3404226031463303 0.168853995240299
0.39449544298084693 0.16654066803582826
0.3843785611366799 0.18373577416666684
0.34542975672002113 0.1811506763659161
0.3859650861629967 0.15305094223376572
0.3636265951559385 0.18846155143215465
0.3929667038140646 0.17416823950435348
0.3715131131097661 0.188087315750259
0.3444849525105315 0.17982363834168502
0.34360135590713803 0.16059631847075184
0.34575747823521835 0.18112302372397648
0.35794675972070555 0.1874282311091622
0.37736623765141003 0.18658165139380858
0.3444108575573925 0.1794488849152185
0.38536611606453236 0.15295104835238232
0.3916799781922632 0.17596420586150116
0.39292733601122337 0.1620577003398749
0.3563219923813894 0.15089318498354184
0.3462068769094614 0.1577352648517448
0.39210891483305327 0.17476565091074256
0.38431536226447366 0.15251658761280054
0.36258497740377027 0.1877349414793325
0.34185511891607595 0.16571703420155767
0.39193406976272255 0.17447370546469543
0.3414191075415111 0.16917600660042367
0.34148699901174945 0.16824803662870316
0.36710680341897617 0.18769904484682456
0.36142700193804994 0.18738328163356352
0.35475733107798246 0.18564862604112797
0.3726546280166321 0.1490449573110935
0.3545817630021457 0.1521720030070047
0.3576171178139118 0.15091250034055295
0.34647215417435495 0.18023635169704297
0.3482879856689418 0.15660420517237789
0.3776132806918839 0.18543897037449322
0.3762775929519748 0.18585493193837482
0.38740964110799614 0.17956131646148804
0.38534394654992715 0.18118663858230452
0.34386129877365634 0.16265434004851576
0.39121246763263534 0.17409098132442097
0.3885788745911564 0.15709143926640287
0.34240935396968897 0.17138154284486362
0.34855218357860046 0.18139421547783266
0.34288533511847546 0.16576187982751384
0.3571235021173863 0.15151181277241557
0.3424221180356622 0.168972392572376
0.38867900402665234 0.17761206426609216
0.3818200041287387 0.15230341957726476
0.3482820083174965 0.15725779003971382
0.3780236305910986 0.15081707692795898
0.3429619175493773 0.17226437074307074
0.3684389041145046 0.14945432466351588
0.3441177313972291 0.1631701202139067
0.343333198328322 0.1652944751456346
0.3599257542649581 0.1860436639700946
0.391837039539816 0.16428606282603628
0.34413648371814853 0.1753016076706124
0.35091246383892594 0.1825676676885628
0.38396235652193644 0.15373690705143317
0.39174185673505907 0.17060978126342413
0.36318511947923887 0.18639081312330766
0.3724705478027668 0.1498115618037587
0.3429624317927575 0.16861827871083523
0.35257170768519036 0.18335672758387425
0.3438582725392209 0.16442024348455703
0.3826219508093872 0.1821073367363901
0.3514027609115044 0.18266109361255378
0.345277152474976 0.1615539601059267
0.34844721145321844 0.15756557003224517
0.36837418915998815 0.18634408842025862
0.39179403081904196 0.1684560262221814
0.3579731445268274 0.15175711821158364
0.37756286095295766 0.15111264079203277
0.34877014543374624 0.18039480074970007
0.3448393567811959 0.17521056695621792
0.3606628745796893 0.18556710373208254
0.37792607437870473 0.1839215158211946
0.3847068501570221 0.18009416171968856
0.3445698250647748 0.16410560930459286
0.3843688676504915 0.18026340524654247
0.38791461911389863 0.17669627104625643
0.3778614642115266 0.15149669458344509
0.3567823126897346 0.18436999934326517
0.34596765986521805 0.16160543572413003
0.39124634065680786 0.16676380160183193
0.3888513003888138 0.17517715837534198
0.3505100228520338 0.1565416276951177
0.3890876870592685 0.16012476345274912
0.3658113788375267 0.15038323956558503
0.36757763101842106 0.15025869517338442
0.3886868818919134 0.17513677212349718
0.3842441685606813 0.15500193203880316
0.36561354417544667 0.1504726604402925
0.3519269384775217 0.18181845751326506
0.3790592049434417 0.1829172833380128
0.3905580634596249 0.1704091558405233
0.3789215530466571 0.15220091265033053
0.3714240393574741 0.18503945927256743
0.3444835913345387 0.17182439541832614
0.38858933330945433 0.17462755634101484
0.38564462590974163 0.15650763595773923
0.3479119525620321 0.15989710151930878
0.34810878416084867 0.15973094146257344
0.37933231086345987 0.1822887350341401
0.3692377783672327 0.18496513022606823
0.36120576903178536 0.184658600880719
0.34779814612645493 0.17754910801938642
0.3869548259785156 0.1763797148137473
0.3902036052856855 0.16661444778432052
0.3888276338856432 0.1614603102197519
0.3718339642965187 0.18440893906851116
0.34496669275223374 0.16744159426658328
0.3520228563313093 0.18090032510032153
0.3619924791798756 0.1517123835356656
0.38986987190392725 0.16603822523478123
0.3469287441584746 0.17546005234863754
0.3826516379318278 0.1550115941368014
0.36263244217827584 0.1517374985829042
0.36573627278516024 0.18452827089012813
0.38256337868461254 0.15506384525928193
0.36034025212309745 0.18378203504559576
0.38795362221994845 0.16096810228929587
0.34592997652759433 0.16558433453562318
0.3756219131542598 0.1521257269785978
0.3699581862647391 0.15131638737349626
0.38942646663825903 0.1681913319714536
0.3464773295612916 0.1734691234459511
0.38942288696257193 0.1679432295504116
0.34599965738046917 0.17199837608756682
0.38264131471903207 0.1553816400881669
0.3458720332429953 0.17134403115444546
0.3496598058058754 0.15925982809624503
0.34586104179167165 0.1708643155573015
0.37704950215864863 0.15269622913365852
0.36252294938274066 0.15212809729635146
0.38864619904041553 0.1710567536157637
0.3462985996228258 0.172335469886691
0.37038336982325104 0.1515597962058497
0.3698120199770974 0.15154060236307265
0.3459865453344743 0.1681752652794248
0.3647488734224051 0.15185650553096275
0.34602470642162375 0.16789691114397673
0.3660259320693403 0.1839221138157787
0.3881537932230994 0.171692855892176
0.3562726811977571 0.18194449364455098
0.37502688060026046 0.18257948504248428
0.3755615698188096 0.15251726561091744
0.37174622752419134 0.15182547072270902
0.35576708908558197 0.18156283041035423
0.3635581083039396 0.1522564096161404
0.38383552918014807 0.177401381631945
0.346482277124407 0.1703120952898637
0.35145064183415065 0.17873522602287634
0.3699466183014493 0.15188713693602032
0.37054808238344905 0.18325693395011952
0.36910707458463726 0.15188940980327173
0.3856746199910448 0.15914574675388563
0.3792732978470255 0.1542501308117005
0.3779379493149147 0.15373808135765826
0.34677233415856434 0.167625203955357
0.3873225508441242 0.1718906722568136
0.3681226483860727 0.1831984406365874
0.34932075233067744 0.16122069357446325
0.36127649562022907 0.15315495224009143
0.3753426876218525 0.1817671494424752
0.3875083276719482 0.17095979831675112
0.34761972768442473 0.16499930989228603
0.37064712851959225 0.18274762286945584
0.38762160888576075 0.1640467122617601
0.38132515897568975 0.17853976363442725
0.3500356668280587 0.1763682809466793
0.3656745139240602 0.15250446376276341
0.3819563319075025 0.1563723346355105
0.3684949593179579 0.15236201717477943
0.3472384686766832 0.1692155510341924
0.3845945957740208 0.17518020156184885
0.3595503589483849 0.18178342668088487
0.35453469635920903 0.15681573840561552
0.3751725845557248 0.15339519337904553
0.36272490275158287 0.15324492427473407
0.37352564611993455 0.18169428595398202
0.34850120951953134 0.16423009833788782
0.3531129030269938 0.17846357313436909
0.36106398365153736 0.1538509952064095
0.3660535046003048 0.18244338453119557
0.3526040488314271 0.15864000274793724
0.38717181762991587 0.16755820563162407
0.3727367614969896 0.15319756082255556
0.3632122834433893 0.18205482693309472
0.36501548131393835 0.1531363569257997
0.35525071510429684 0.17950088651492496
0.3741817859285474 0.15353683159878823
0.3620947066567507 0.18179220946684432
0.3717991115234399 0.15314053409471845
0.36175310634409336 0.18166985534736835
0.37192256643366073 0.18156662021296374
0.37659561917050505 0.1543911088613046
0.3483038443031726 0.16765848076075288
0.34851838819346814 0.16640886761066565
0.37634117198764044 0.18005138861479408
0.36098628950567535 0.18132669087762013
0.3820774152554289 0.17646416198388923
0.35346798910494054 0.1585741136510665
0.352678928735981 0.17710777474793613
0.35865080606941707 0.1804976313963393
0.3530119950937632 0.1772489501045383
0.35162284588768633 0.17587143713191924
0.37295903584509194 0.18087555556274193
0.35071078825757146 0.16202308233171084
0.3492009070186433 0.1714848839935217
0.3738198388540946 0.18052256549498805
0.3488605154906977 0.16931173191185397
0.3849063391894103 0.16172018832291707
0.3489081809043836 0.1676478729372658
0.37837134712678044 0.17849144744428444
0.3499584955493619 0.17277460832369548
0.3629707037666032 0.1811392223169784
0.35814358301622834 0.15596688532951386
0.3855454796546047 0.16360669825498633
0.3512081151349231 0.1747694208917501
0.3822933396128165 0.17536888095426537
0.3810639424831491 0.17647360344204466
0.35273915658037164 0.17630359135303217
0.3697100990668155 0.18102112509542448
0.3690527741739292 0.18105967034325726
0.3657754647969648 0.1810800129062762
0.35173603223466665 0.17488474333536466
0.351922754587645 0.1750080644333167
0.34959428015824306 0.16688349897438837
0.38185029813370147 0.15877201756409448
0.3629114099768005 0.15469928623292323
0.37381072523345066 0.1547210685517874
0.37900414732298243 0.17719727714369296
0.38150659831202693 0.1751331208635411
0.3827314416038787 0.17374400319461056
0.3834637406809917 0.17265864385139687
0.34997448887283766 0.16771861567397983
0.36594860946040836 0.1543305458412083
0.38358210257203185 0.17226317293775892
0.3849299825736832 0.16593246642847678
0.3842385246674424 0.170587740751251
0.3736253084355812 0.15504912170227772
0.35538823125208135 0.17699993517932472
0.3621038453875202 0.1554828172982394
0.3743123326154812 0.15535024684201765
0.37404209647416625 0.1552949566214506
0.38198819138010326 0.1602141091339752
0.35210449520399845 0.16346249166008073
0.3527278738989269 0.17363619523213175
0.3545037567230628 0.1754986130604388
0.37719601365341054 0.17698456011829453
0.35483362760313386 0.16017564149955293
0.3678460893496866 0.1549955660343725
0.35332207741094424 0.17406369090480192
0.3612411864621783 0.17870400197911046
0.3732823899392982 0.15573441401877017
0.37799782677068533 0.15770391259685512
0.37303721404382 0.1784147868353
0.36076260860307324 0.15674530299861902
0.3794798211156402 0.1588899778642778
0.3804044397815396 0.1597682940613169
0.3553822561436796 0.1602284643877022
0.3714774076128475 0.15559392145225026
0.3517515074668005 0.16860283068055615
0.3709224291639943 0.17868046984245944
0.36271363243737603 0.1562764967888499
0.3724513575667074 0.17825947922738333
0.3521448221940556 0.1662629709115441
0.3780248221199125 0.17548983101380167
0.36909155307686364 0.1787395073074404
0.354783663670795 0.17432703250434214
0.3770965284975244 0.17597893907744824
0.3524212837774059 0.16614068969361492
0.37329655588726274 0.1777059901683931
0.352539290360357 0.16591512642096373
0.37265447476225644 0.1562138322437527
0.3822540963355927 0.16382283027433303
0.3827350902469438 0.16682216629344376
0.37771585604776214 0.15845361292797444
0.37261850114576345 0.17769783608861994
0.3737360992533926 0.1773184180441984
0.3727840272939936 0.17763659358892692
0.352869993252604 0.17032631892280287
0.3527460806546041 0.16958535226543817
0.3802859521954249 0.16089576376417514
0.3613369360739917 0.15747909773287605
0.3531580389371766 0.1700003900993574
0.35781998375183216 0.17583236949784398
0.36801517383921806 0.17810042036436577
0.359121972363 0.1587763807514361
0.3593802739848687 0.15869474013728777
0.3533446995782423 0.16642783347810866
0.3655959136175314 0.1778330164017009
0.37081205204721257 0.17722536918268755
0.37731950895631905 0.17433025713032366
0.3685017127597851 0.17751954217904664
0.3570120410180695 0.17435582051351145
0.37310297928256836 0.15737687085964386
0.37491914535327975 0.15803121468362932
0.3770337833682017 0.17440070788770065
0.3655330991297308 0.1569978232669784
0.35472279376429483 0.17127546668671256
0.37601705818973036 0.17493521736213447
0.37629415249635445 0.15888509172684995
0.3539525370219071 0.1674572354855152
0.37360715267511785 0.17607757241308847
0.37675860555563323 0.1592585439700892
0.3795253418097669 0.16196326129737015
0.3735573946421869 0.15790170371525045
0.38023629238660245 0.16358924686172976
0.36943991790909275 0.1768643323442844
0.3552125741586203 0.164271941380237
0.36715639531360333 0.15722475791510243
0.3546588250768599 0.16922154954271643
0.3557667931045729 0.1717758926967046
0.3594315897901432 0.174995665887372
0.37952183838483133 0.17023806665211913
0.3585459031959187 0.1606947303432666
0.38039512494031663 0.1660926918479796
0.3602390378372475 0.17525558843234715
0.3769739374122554 0.1602124695232182
0.3580766802266532 0.16115797677274663
0.38006464143851687 0.16514292321469748
0.37711933937779574 0.17268196948669384
0.3637399038523927 0.15839515442923557
0.37657972509665955 0.16036877414368822
0.3662550689552218 0.15790665209912363
0.3553048870412469 0.16701453125142388
0.36538286438747075 0.15805595395429442
0.365759403861758 0.17616544163226924
0.37938596237210387 0.16438832995244684
0.37095697558196394 0.17567513199700924
0.3628467367705169 0.17549939825601366
0.3718195019785333 0.17516035381743475
0.3575507518634757 0.1628266299163719
0.35975088992768717 0.16075835859912171
0.37696310743103184 0.1617367419556023
0.3562738788902302 0.16850270374084453
0.35637013994944394 0.1660831170527317
0.3643301766735864 0.17530055222507276
0.3604462620525128 0.16080175439423314
0.36993282175443154 0.17512600138254458
0.36600735555684216 0.17533015049826994
0.37842653693234 0.16853628578351867
0.36610152364026066 0.17529380130518726
0.3604037832095934 0.1736172298481491
0.3565642032678928 0.16687764519375592
0.3783831181681814 0.16493590652125012
0.375855352413092 0.1613055970930742
0.3732936836161315 0.15984173824365708
0.3570286700615214 0.16610198222353348
0.35758710031901925 0.16464508844577405
0.37157752361269586 0.15942745171982423
0.366753700267867 0.15912850454653443
0.3664198310108697 0.17475712907081403
0.36080894893428683 0.17314241466090652
0.3711950982899706 0.17408743456326692
0.3779187371340518 0.16684599645309656
0.3610158969783746 0.16145480482216448
0.37544273502049186 0.17141420620664158
0.373640228455804 0.16081454555746058
0.36198042601544095 0.1611294948553941
0.37576733188969447 0.16277322246941545
0.3757016908661453 0.16278987747820817
0.37052327680455244 0.1735792370389983
0.3636839723201755 0.1734974443542866
0.36720308475447494 0.1598829872493604
0.37357568490147575 0.17193332933504546
0.36053067581024484 0.1630156091778787
0.37609015127115375 0.16888685266165196
0.3765753558896993 0.16601198093835165
0.3670418714493003 0.1601911111886057
0.3608530741731516 0.17147737188959933
0.37407516249693656 0.17117497267566786
0.37642862469512134 0.16651034814482776
0.37029085739288164 0.17301177989775618
0.3589463218179444 0.16757958645981677
0.37606545913310685 0.16772028720407786
0.37451974344839134 0.17038930490783977
0.3758088997218847 0.1648828514844499
0.374375494558277 0.16281098571467834
0.3688468251651315 0.17293542008156473
0.35977635411034264 0.16913046949431365
0.3757566366218085 0.16570441148631215
0.3693881194842177 0.1608093008322248
0.3642005476927183 0.16146636594368052
0.3688593683774661 0.1608474934724465
0.359647689311955 0.16721126304783168
0.37002732293887103 0.17232437932355618
0.3683382433366253 0.16099466317726924
0.3706691161884198 0.16153929379876802
0.3741314409835263 0.16377167068090423
0.3610441859157615 0.164421598530912
0.3692057169943668 0.1613258833966206
0.3610863310529356 0.16455665631231908
0.37062952603258764 0.1717588931900422
0.3678208873046819 0.1722443392374231
0.3681075524288209 0.17221480903414152
0.37481822028244044 0.16642458949873876
0.3741431764119569 0.16443481862054135
0.3746230620132783 0.16741169267184483
0.37402192532713574 0.16451998233870577
0.37098605230156084 0.16228867760758484
0.36161903523947975 0.16503157118003287
0.365015337988671 0.17141133257937077
0.3741499043201743 0.16649251125418604
0.3618470022723139 0.16499850614263747
0.3653487226753329 0.17131780263418248
0.36881681389211357 0.1713782682839109
0.3617087469958266 0.16845647466418515
0.3729809757100565 0.16870405743094383
0.3618325438799171 0.1683176597028578
0.36498340579591126 0.17078753582762538
0.36223227972268857 0.16577549732286495
0.3728852658723972 0.1657268741248912
0.3623160820602911 0.16711818064257183
0.36271152845851506 0.16744564030531528
0.3698548923233601 0.16981795635085375
0.3713303954899378 0.16874313940837574
0.36316558691600664 0.16748526714414416
0.3637853444637371 0.16757800562319003
0.3697433096478746 0.1690400027886757
0.36410768819415557 0.16636832168278237
0.3702928326076481 0.1683044737042313
0.3681222428144187 0.16435856024650286
0.3703491652323534 0.16543711091832364
0.3646846678455419 0.1663202613538878
0.37054973915460543 0.16722633796257852
0.3654569025725222 0.16813391115264903
0.36662541100248863 0.16806171212638726
0.3692180181677138 0.16746327746944145
0.36726793057013624 0.16792982090771755
0.3663338979228493 0.1663200654534187
0.3665142204006825 0.16684406511009006
