mu sigma
1.3535191301750942 0.2813717710144852
1.27150372893224 0.26310145523637163
1.4009793635553534 0.2560871508405217
1.3220513601974415 0.27313821151163115
1.4533600279616832 0.1901238895409777
1.4450751534500186 0.21399415246399445
1.444839155539496 0.2103339743489678
1.2712327248324065 0.17806332039959918
1.443252666190351 0.16312160086347777
1.267004018592542 0.21108267671407183
1.2950661460956472 0.25012545694338256
1.268530614558494 0.20547461320146634
1.2874517160944519 0.24150585661383914
1.3629051491883417 0.2511226186602279
1.369939713425258 0.24946850407946067
1.422924731911921 0.21796008251715854
1.4319876331100065 0.20554055255617062
1.3240200786868928 0.24909381187555135
1.2772316057229554 0.18794825994573022
1.4180840519521896 0.21813352599772887
1.285991369024464 0.22073725168481922
1.3228377743009516 0.2431496388100781
1.3784618402525026 0.12207864422242531
1.2910300438078914 0.22397670118305313
1.2822238281017515 0.2037901319544298
1.3186416476176088 0.24001786525513089
1.2851374228181298 0.17570985117988733
1.3156988461969155 0.23694970739356172
1.3026052182135612 0.2288352203537954
1.4190130738949844 0.2092801330448376
1.311697435979513 0.14043029543954325
1.3312329117217971 0.12871039238025309
1.3111585335376676 0.23195219304754686
1.288777902259537 0.20494928961633593
1.292034193371732 0.16820786144697886
1.42884296713315 0.18509852830152013
1.4214955919996335 0.20129396661616122
1.308331154219653 0.14527705351062953
1.388258700522731 0.22679598602243106
1.364967546650574 0.2334057692792283
1.2890552293217055 0.19463147252825508
1.348941988323649 0.2350020584876028
1.378273657059386 0.22939303957879775
1.3433525846244931 0.23370455862744066
1.3144003409847627 0.14176783168481055
1.2971785382198906 0.1635477702505474
1.3882673153002818 0.12855599939188286
1.2925532148901948 0.19845819472984721
1.4261311695436882 0.17212008029764822
1.3690000903059714 0.22877246029197965
1.424677667967293 0.1651188887684476
1.3090407003498705 0.147982630960827
1.3983319639444176 0.13386014482037017
1.2961879744950533 0.16968206630907265
1.3891254427370767 0.22087602188934138
1.2953697093953336 0.19605823853709814
1.4034580258690483 0.2109538528120855
1.3846624311905302 0.22149085373117938
1.4083961141091992 0.20652793615146176
1.3092867304658182 0.21702559967645013
1.2995880331364793 0.16466531382525168
1.2956954580396514 0.17943765460695596
1.3185797554074639 0.22164897761237876
1.4226182170670612 0.17961719480900717
1.3455663983654826 0.22708789938724316
1.3750310341490861 0.22279037018379716
1.3314741783922954 0.22477931010273414
1.3913483302999041 0.13243027101478974
1.3913483302999041 0.13243027101478974
1.389224765171297 0.21676099268489413
1.339081292201735 0.22514796561369935
1.2974543083914256 0.17997783374683857
1.3850101773182106 0.21794448352103496
1.3829814744649758 0.2186984607097287
1.2980324091467994 0.18896074403694155
1.3900254803414895 0.21505958437128586
1.3835079795749436 0.21799488858406907
1.2993601944943125 0.17576716668221135
1.3920558903838667 0.21274418345897994
1.3997402487120572 0.20771280477910728
1.3566776350635823 0.222895139651149
1.3562975749473338 0.22279983787089977
1.419512719977421 0.17633331564270258
1.3034856581274161 0.16521545110807423
1.419274984801811 0.1678640988377869
1.3000389762050206 0.1841350788766387
1.3021341097016874 0.1701999919659738
1.39952778311932 0.20633746714868767
1.3029514877365207 0.19556155579520834
1.3925839042922683 0.21057422056634978
1.3421142139004023 0.13170382445263218
1.4003782132571918 0.14000514769589897
1.3072232145373772 0.15968181312613622
1.3951239942741895 0.20837335526756912
1.3053597665683874 0.16399650415665673
1.3310182338042256 0.218312919712964
1.410839737890218 0.19356447626922202
1.3039214355864561 0.19479149651694785
1.3907354453872527 0.21058857739538522
1.3045312715198871 0.19605709875647787
1.306904928045313 0.16132744171380706
1.302369698606126 0.17565475146155576
1.348974739192871 0.22030776789540904
1.4012157588681011 0.2031159584717362
1.3026289823952242 0.1754748071820908
1.3272351341640642 0.2161322247067089
1.3942253566654967 0.2080172216629706
1.341498351065562 0.13249244529939483
1.4109197554808213 0.15171702553015012
1.3745122042675553 0.21627604523009308
1.351161531591739 0.21909957396573082
1.405373188480463 0.19758332909779153
1.3946211546765803 0.2064003719557592
1.4125317094883965 0.15636996124138586
1.3058479472849234 0.16778917427888335
1.411000714850488 0.18943954406893393
1.3061154692125347 0.1927398214778983
1.3865890939569965 0.209753030657998
1.3934003530923766 0.20594627093364634
1.3070904870544677 0.19386663380321967
1.3912711300798943 0.1366450480741881
1.4141012316672223 0.1801966202092537
1.4098519017931885 0.1886508624144969
1.3954553759598476 0.13943116707802874
1.3492307198702846 0.13183606800524728
1.3312397629169128 0.21332910606802805
1.351783683429518 0.21654571957480623
1.3824836024990539 0.21027120954711814
1.3832709344725722 0.20991548639376828
1.3243023274223864 0.2090244394008521
1.3320381376723724 0.21244470839362323
1.3979231352192585 0.14197891783699904
1.3572873740727829 0.21530086368068188
1.4105109551119939 0.18479380242681803
1.308690343257842 0.19072377484913272
1.3583029385763243 0.13132723601666052
1.307461679744548 0.1747104949056829
1.390175653755257 0.20462744182166037
1.4082391624513948 0.18741883216764027
1.3225494522359873 0.20661506258717857
1.4043436922955663 0.19285781430500523
1.4040738797264316 0.1928910338345817
1.3153189345571419 0.15525041438323553
1.4118947712980134 0.16348394155362866
1.375446277776219 0.21066895115894513
1.3776207091943058 0.20991795978606648
1.4117116217205146 0.17817267341829812
1.3120200043088 0.16204330845540263
1.4113825354662088 0.17703633938291094
1.3145295809847926 0.15771113743856022
1.4117120014804252 0.16689867590291424
1.400202501571707 0.1953396871341522
1.3308025995464696 0.20905389628435936
1.387114266138605 0.2045112566844194
1.3539706221135583 0.2129213556374433
1.33160549225525 0.209098111240984
1.3155918725358906 0.19735032758669363
1.342414438982325 0.21191132445461405
1.323813499156631 0.2048629973447357
1.3297378381454348 0.2079879690165482
1.3264440600659446 0.14478322416579817
1.3287791004500267 0.2074371481394521
1.32434291726342 0.2048153541659567
1.324644342837299 0.20477941155191562
1.4066356085656073 0.18581030489932054
1.3099806694526672 0.17340649801269895
1.3595752221432869 0.21172880362007535
1.3580266868010693 0.2118156564994618
1.3650486659122885 0.21097809857764685
1.357992356750863 0.1326116542428187
1.3247082105413845 0.2041887717451195
1.400637712973797 0.14733468835810865
1.4062638626745865 0.18498196507322037
1.3122047641597083 0.18792055886112188
1.3984587561909554 0.14577333570820325
1.3386594239341985 0.13822088589894718
1.3134056905153235 0.1641977330993863
1.3212886884740893 0.20002252225319964
1.3432223639920127 0.20970824631541496
1.350701829352476 0.13435353255569404
1.3115788910423947 0.1740512609728633
1.407483942709093 0.17966080377951377
1.4090635682679507 0.17314722469715163
1.3737774560444096 0.207047406431386
1.312936796576749 0.18502428763094084
1.3252155945527455 0.20170500395187616
1.3239859107844651 0.14936943379040124
1.323782859247289 0.14967516902845893
1.3434185132566876 0.13700113336506836
1.3677377476699406 0.20801336899264491
1.3185866735096434 0.15639245714759284
1.3989745083118004 0.19140089548280753
1.405124362558157 0.18220520529674586
1.4022297580484497 0.1869005294102504
1.3608666094909858 0.1338637682912594
1.3982646528556752 0.14755265244845162
1.405377360416411 0.15786459992635424
1.407621036654256 0.16635251529654999
1.3604372345169473 0.2080743679862257
1.3698955179952301 0.20620720598070735
1.4063433427735865 0.17654220578826066
1.3137426430263057 0.1769159297701297
1.3277181306001724 0.1473409534943826
1.4005003934300437 0.1509130995846787
1.4019160457076691 0.18484287324054585
1.402151506415696 0.18370357517377997
1.366940474916989 0.20567321852528944
1.349368231509436 0.2065810254963424
1.3590929145542252 0.20663056406993724
1.4028980043499737 0.18210463689770215
1.3513467891332043 0.20663077274755554
1.3214683727308827 0.19347385695965527
1.3604244739152702 0.134958853934872
1.405329197256199 0.16291886533329153
1.3167862056745363 0.1846042070324448
1.3167075681411005 0.18399168140282013
1.3938352861913739 0.19248916661695567
1.4047364139039495 0.1613814797902334
1.3155034897863624 0.17333448671856838
1.3267003141054885 0.14966243649087987
1.3484648789315445 0.20577949644770413
1.3694910371566014 0.20437135227352168
1.3723757208876826 0.1359638897799817
1.3296527330903132 0.19956659034032695
1.3616570545795184 0.13530592483634327
1.3642001864647468 0.20499079718967664
1.350960396726982 0.13669305207276208
1.402565111627284 0.1805221877112167
1.3831049431491502 0.19882234505863308
1.3224505301812897 0.15539485324271068
1.318571462487979 0.1862185667832677
1.340990000565625 0.14023838557783536
1.37520533945523 0.2019358890325388
1.3770856553755957 0.1374488750523404
1.398254516973143 0.15078209050601152
1.3938993859737407 0.19109911705059648
1.404699798389093 0.1661236063190915
1.3167139517137902 0.17133458084128259
1.3165466618618484 0.17445437312260817
1.3718357394139409 0.13648353033336885
1.3192959822134973 0.18623775091669303
1.403924342016034 0.16265806627289364
1.3173671408654117 0.18000882088041473
1.3532973149352807 0.20468810609907082
1.403560365519568 0.17474882540081316
1.3180908704644074 0.16677811748822585
1.3535798335161302 0.13680995148393646
1.3623426950141917 0.20390058119626603
1.3272494369865435 0.150817799376299
1.3202153509249657 0.16135835060106132
1.3569131873158526 0.13651082488947552
1.3264134130347411 0.19415272094630093
1.3375443653164516 0.20086666466963238
1.3375443653164516 0.20086666466963238
1.4032188772315255 0.1721833370825762
1.3626458241209307 0.20315389372204176
1.400929910164092 0.1792503404437265
1.3186056691780457 0.16835400020788832
1.3763413432869975 0.13827044374357225
1.324461109991931 0.19107398183739083
1.357018215959652 0.13685352711340387
1.3343381300431705 0.19850138225490221
1.3285174634579144 0.15060750351464827
1.3642101663369937 0.20225990474405625
1.4021803247099758 0.16235471753929004
1.3190064735289284 0.1693115872915086
1.3189012148406434 0.17385569606725357
1.3196285037068396 0.16796112551612413
1.3332249238998237 0.19692840739071685
1.3909600000992786 0.19016843716820928
1.3739649802597798 0.13829939776172995
1.340674410242689 0.19982662445062288
1.321011400280741 0.16425119383506234
1.3519427290219235 0.13855305433796203
1.319773797876516 0.17313953102720106
1.3204769107384133 0.17836604043826806
1.379220351338352 0.19638697196943397
1.3202257873320473 0.1751727933807721
1.3889906655874626 0.19046836383409727
1.4003175545584234 0.17457929494148308
1.322181241609374 0.18265000221596664
1.3286802120134764 0.19178923190358338
1.380704647836813 0.14111001633948858
1.371197276077237 0.19895872510249338
1.3990257059103985 0.17766322414592164
1.3693334521217728 0.1381235220968505
1.3373673243115167 0.19725352802992663
1.3950379736527674 0.1515564207925541
1.3634023958737913 0.20040931439759477
1.379060953214477 0.195911037983235
1.398854284451894 0.1772725075154743
1.3388820917504096 0.14434710949027482
1.3749242390472385 0.19730872054483745
1.3756507413474022 0.13969237336870854
1.3880366793746473 0.19020309027348253
1.3820566986791758 0.19402318240563632
1.3350697750829652 0.19545971157157307
1.3765402599771663 0.14000368548282852
1.3692020035292494 0.19887013439407303
1.3727235068335726 0.13906702754260392
1.3212162540138022 0.17384917620576204
1.343597894575542 0.14219121413646943
1.3515281162328878 0.20001799178186222
1.3332381408851495 0.14879711378928306
1.3268106253148928 0.1881436499069487
1.386722194063242 0.19066566856208889
1.321787047138987 0.17666525282241982
1.3998823025737062 0.17132983682338432
1.388361759621226 0.18934081325653654
1.3998204199882665 0.171606581549514
1.3986750374059573 0.15931098778948005
1.351907316948014 0.19978024962971214
1.3332381252002463 0.14897741237000203
1.3678963300032394 0.19850172882268222
1.3854149309163448 0.14436582617114796
1.3812498947560883 0.14219017745817641
1.3709223954807577 0.1976875587696066
1.3967180666064234 0.15572248785237397
1.3930856554686262 0.150715364232036
1.3339467496714392 0.19373319522983506
1.3286188567891284 0.18931996415070843
1.3968801471102819 0.17887557694476186
1.339895450742667 0.1966861236020339
1.3395222506435316 0.19652594637534102
1.3764061964359635 0.1955320937097978
1.3499513867313004 0.14039670459877276
1.399534912518416 0.16620389813190778
1.3868211809374924 0.14564854409946384
1.3906342287806361 0.14867731920386
1.3238589148346214 0.18088252596686186
1.322340733582199 0.17086162353725692
1.373736427314566 0.19626789840069117
1.3825667603318392 0.19222693783599573
1.3898713591598328 0.14813995992004286
1.3407656211033312 0.19632236478435922
1.3225065938631708 0.1735423475570736
1.3262877659192565 0.1584240882242055
1.3234542098078685 0.17891433157001485
1.3225350217888139 0.1716698176381714
1.3524830795738305 0.14000974789083254
1.3914531002582557 0.18501138183773588
1.3710691166831825 0.19677087469394197
1.3731436747477206 0.1960556712413711
1.3238184341778005 0.1791563531801812
1.3289597467946361 0.1549256362011962
1.376690795121234 0.19448043765868675
1.376690795121234 0.19448043765868675
1.3983302296615852 0.16273928415017752
1.3322038948121706 0.1908051135658149
1.3545267698514083 0.19840731206826828
1.3239199185032575 0.1783816019522221
1.387080318144784 0.14650070042149685
1.3739296833827477 0.19540225589126659
1.3975018448805843 0.16033084885201268
1.3743813397966997 0.19511163236645268
1.3976189136019705 0.1612795824630327
1.3606439167556967 0.13932611187333263
1.3236434105590063 0.16874315590686514
1.391463088558301 0.1507368660450801
1.3518512467247108 0.19772788214460701
1.3536166080597076 0.19777523968845703
1.3948271136990569 0.15535082326528465
1.382713701567846 0.19073139857307395
1.3971344985248764 0.17358438931085152
1.3377203864630713 0.19346114960041932
1.3969053749427434 0.16003051078698233
1.379148090139905 0.14274308147831719
1.383459872100568 0.14487575159506522
1.3251191042665331 0.17871729578565318
1.3887376551907948 0.14864243768680171
1.371242735860334 0.19529457304714698
1.3946190946403658 0.17805769793503
1.3252406920232092 0.17787111833668381
1.375319765269038 0.19360906027214705
1.3801282412250955 0.19116108426310058
1.357092689193199 0.1967179654104285
1.395659142883755 0.1742456047866548
1.3957590228308345 0.17391152552346426
1.3337816934869822 0.15167283518210992
1.3955121334934546 0.15932921497870736
1.3514727249793013 0.1416748848157058
1.3956696154755277 0.17373348364520386
1.371658426783769 0.1411198960028206
1.3612599697640209 0.19599931768108841
1.390634556677682 0.18194943153591553
1.376353695419748 0.14265883164212273
1.3729985670982594 0.193292714551919
1.3904371202425805 0.18187402058943797
1.3918393962637858 0.15360407540981855
1.3580839769297257 0.19580051989740352
1.3700216087650194 0.1411871357855969
1.3897627359665685 0.1513331465257271
1.3260281232795261 0.16824332175093787
1.3680741553768065 0.19439196593643895
1.3920610330289245 0.15442300938728304
1.380441278266621 0.18951342279479916
1.3881462977864725 0.1836758364039704
1.3586537152805203 0.14100874631254706
1.3470051870112663 0.19407786660819124
1.343212848586292 0.19284708119319455
1.3748868150936195 0.19181264132285114
1.3264226678202196 0.17244536210250247
1.3901809812842671 0.15254573372692243
1.3527117990158826 0.19480675971605502
1.3923281394418314 0.15558995304133427
1.375338306027988 0.1914611710952251
1.3850265095811116 0.18573493650199824
1.3665721211236346 0.14124318378981884
1.394983182517388 0.16285690575832493
1.327097120133824 0.1745088875026771
1.3478535074362576 0.1937146297058939
1.3478535074362576 0.1937146297058939
1.3681796157842108 0.19341364086708282
1.3892169497415736 0.15196415755314138
1.3778902431156217 0.1898507626493113
1.3508040383541258 0.14305075090083372
1.3616622276631243 0.19427286183143352
1.3271970847885455 0.1728565747755908
1.3276609021055417 0.1749281737183524
1.3735636760980154 0.19142810272922314
1.3941505457648073 0.1614188419998707
1.3904410104708655 0.15392722709983167
1.3507087048463142 0.14327674700384224
1.393110228122087 0.17435911781315555
1.3421884087980849 0.14708651042401585
1.3937328010735521 0.16079871106551213
1.354051019457279 0.19386464208641904
1.3943645566870353 0.1678798005039016
1.3559731671356068 0.19379043373225233
1.3786449881775928 0.18856039205123576
1.3415200442247581 0.1904122367674588
1.3366125851560176 0.1517111816041398
1.357639558303443 0.14217819550633853
1.345487839177578 0.19174500907542427
1.3282834920037487 0.16840865251321688
1.3282834920037487 0.16840865251321688
1.3324504358721008 0.1824368003172129
1.3733912532721988 0.14354377160769574
1.370087815188063 0.14281423934052678
1.3706119833351824 0.19114713287573867
1.3341301994003714 0.18418062769414953
1.331174197232287 0.17999366017125742
1.3770353528695147 0.18849053060146195
1.3520503172766536 0.19255041229184558
1.3932301466546702 0.1684942475058214
1.3541719293361432 0.19259367744918313
1.38739518579639 0.1805480199471178
1.3851573451691823 0.18279436578783248
1.371000706720781 0.190634308843177
1.366655472130412 0.19174723273918934
1.3317135301407608 0.1798095612850952
1.3300540740261722 0.17597604281469906
1.3885214042852856 0.1537671401197133
1.336248955068897 0.1851915789494431
1.3928627820364998 0.16437636682318216
1.3842043035047273 0.14964274575637468
1.329439211678503 0.16804437366892172
1.3510751817585862 0.14447686112141211
1.3841713401240519 0.18290166190689994
1.3427231480266917 0.18890272042265718
1.3925133935362384 0.166527675358311
1.3301209283484472 0.17387518546867714
1.3924538354579294 0.16510181732582244
1.388150911658733 0.17795645407707433
1.3830405212958743 0.1493106363649805
1.3379311490201187 0.18539346015594774
1.3913806630316004 0.17102936035205984
1.3360602938522796 0.15481125657221959
1.3346768459554639 0.15671376486550226
1.3910078674204593 0.17116660875826933
1.3305198596508792 0.17061045914402703
1.3598873665474116 0.1911000510340104
1.33223253009494 0.1614917621902832
1.3421366413866893 0.18742563947850627
1.3585861145227311 0.19106545132473593
1.3748178929422141 0.1454242939861141
1.3904785701824538 0.17199192198764737
1.3312147019317297 0.17333734256757802
1.3751763567145572 0.14568859690882283
1.384191608901216 0.1510194755091357
1.3527251647670477 0.14485354014763327
1.3695186234149752 0.18919717574951297
1.3820426994862516 0.18290965124278993
1.340710725540566 0.1861695738321586
1.3346987728929411 0.15752169617792572
1.3824112661045893 0.18240351431058324
1.3780305039976057 0.1471449811895017
1.331487711207398 0.1656896405397036
1.3485298393975889 0.1465254458461743
1.3896496412313495 0.15890730837769143
1.3801814531987646 0.14841748045621062
1.339646960839659 0.15216598642894627
1.3316752992839753 0.16549643378381754
1.3382784436178814 0.1535315440716673
1.331312003554113 0.16937534206638163
1.3753721856186845 0.1865349056376342
1.3789872490076744 0.1478380972367279
1.3531631018100039 0.189869473958144
1.332033367981508 0.1734910744841349
1.3862471481504146 0.17768118895187499
1.3486540104290172 0.14685564460891504
1.3623056757259733 0.18974470900146873
1.3760096064753653 0.18574197451783678
1.3894760801533117 0.1713792627950793
1.3383183882674885 0.18303156282085217
1.3807744393143992 0.1494017179943847
1.3736166260369504 0.18646219171437634
1.3340452610521514 0.17696765929074293
1.336737783831144 0.15645614802791472
1.3773452316256596 0.14765582253521514
1.383038650443462 0.18034898788094092
1.384647429779981 0.17863949530840145
1.3816292337834728 0.1815077963813685
1.3827867774207698 0.180497004003793
1.3329090825466836 0.17305391066959877
1.3730684788689587 0.14608722652655226
1.3779518691372632 0.14817210704861425
1.3353500872629618 0.17851114389798145
1.3508167404380482 0.1883517432404763
1.336171664042709 0.17948746049669545
1.3880761628859113 0.15859190598253958
1.3362307370026842 0.15782432535301857
1.359334141609322 0.18891468564113495
1.3873482580231817 0.17394175170533538
1.3718312191836057 0.18643897319753835
1.3366201579754677 0.157576027506835
1.3885421103191493 0.1707605034582585
1.376505145172593 0.18420148244283782
1.3344690746887777 0.16204288510185025
1.3799361463409174 0.18184099714661148
1.3493047551642006 0.1873919329931019
1.3369610544455706 0.17957476017413002
1.374049903500931 0.1852145646548304
1.380481219676703 0.1813383269032414
1.3356127091599979 0.17748991808684947
1.3346784997324532 0.1617631912302361
1.359486504504487 0.18850718257623358
1.385407837921728 0.15508395672283012
1.3333417084522692 0.16782782464381837
1.3621783944133814 0.1449617231918949
1.3859369987982884 0.17536784094073182
1.3631534226812207 0.1881218846827139
1.333929576414529 0.16453475376975496
1.3404852530868552 0.18274118366067002
1.3720877012554107 0.14644126958566728
1.3568677314437665 0.1882569526977927
1.3403831221010933 0.1825327627037951
1.377703015422616 0.14880161127388272
1.3879346723264296 0.17066510654148614
1.335204127568209 0.16138046551510532
1.3826564738429514 0.1788755023165176
1.3396814988974288 0.15463193715466098
1.3706131275624993 0.1461739206147879
1.3373336542053227 0.15762582718392526
1.3881423825600872 0.16927661073048153
1.3397820897140493 0.1815176984224679
1.344280011437704 0.15090801930778136
1.3799282475379977 0.18077913021490594
1.3634252533315996 0.18741851442284924
1.3380123114228892 0.17922654807646246
1.3881591011255716 0.16451730184260174
1.3819438771770822 0.17881916212607227
1.3550064473790144 0.18741753027710065
1.3775429469958271 0.18225005555891444
1.3345916718860513 0.17169210237787438
1.3436613610021677 0.18380964802574318
1.3822202367269578 0.17839939011152947
1.373108116679122 0.18442671172359285
1.3416083038436117 0.18222958795216757
1.3387467309714356 0.15668783393289068
1.344633937797997 0.1511491018615198
1.3782350733838893 0.1499035568432807
1.3449969883900574 0.15096033131057615
1.357924986027275 0.18728709610807376
1.3874549166623449 0.16874140348373115
1.3604590214958558 0.14583052441980282
1.3613677981798618 0.1871591189986978
1.3877774246804115 0.16587558700123917
1.3383535939913251 0.17868183896736767
1.3736273127475518 0.18388737917413595
1.3348729569935296 0.16970456908128723
1.380394995045818 0.1794627389416002
1.345352885708457 0.15096385024815887
1.3467627225874061 0.1847138957172647
1.3594228740580476 0.18701002672533348
1.3696883620767313 0.18527955043344846
1.3651696878789898 0.14605199158659088
1.3351845617183926 0.17086868258990948
1.3508952104422054 0.1859123670079994
1.3851652423558733 0.1575160861743918
1.3452333833615362 0.18362061624110976
1.3482352663473345 0.14954761665576877
1.38634927060518 0.1602919729815714
1.3869814946931902 0.16282676059348464
1.3462842295803155 0.15072544435801472
1.363361081816521 0.1462031121512565
1.3599993999224265 0.18655654468151409
1.383328273543803 0.17564707097407564
1.3363047247716393 0.17344017580522694
1.3697080694980324 0.14707236307420443
1.3865049307485027 0.16918521970137287
1.3869776689604323 0.16536332267365464
1.3731846902699352 0.18333519184572247
1.3360753838328825 0.16397967866478866
1.3822756424277067 0.17645358255812577
1.3822756424277067 0.17645358255812577
1.338829483059938 0.17731750209812894
1.38065269065156 0.17787170870461652
1.3712218549954431 0.183682707570894
1.375575275448177 0.14958199062989974
1.372508961999133 0.14831893105859706
1.3832760042701124 0.17461816877588
1.3407324809609626 0.1562220255023947
1.3406778087956779 0.17907092944519645
1.3771372606834533 0.15052842384735438
1.3748627556407476 0.14932773056366438
1.3580970811531317 0.14703652732077688
1.352248137927529 0.14849949676098922
1.3712674416408364 0.18346981282424896
1.3369755155602152 0.16331403144745757
1.3369386791574478 0.1634621916787349
1.3738757907880643 0.1822424336605395
1.344287280948353 0.15297338704521682
1.3413780865279936 0.15571629560209502
1.336969272058041 0.1637085211790484
1.3392655868152152 0.17693993840585756
1.3437504539193599 0.15349803878248858
1.336414998286519 0.16791478205855181
1.344492686067552 0.18177367885852935
1.3366692992969385 0.1652772781645301
1.341766569432994 0.1796700597195106
1.337057619850624 0.16361803470348324
1.3848331423139824 0.17106745664320913
1.3809702531041905 0.15404375985868565
1.3405098260751735 0.17790182035898966
1.3774078579025844 0.15122629350047992
1.3707046297797125 0.1831291453959988
1.3550137449063002 0.14806228495815998
1.3390433701491418 0.1757280204353714
1.3738698909555245 0.14940118741134348
1.3417932452370502 0.1558913271940023
1.3725595029733064 0.14893080087950034
1.3855150993805634 0.1636785213328446
1.3771242161980384 0.1512226431549691
1.381445794006745 0.15487225457734813
1.3373261342785683 0.16463161945952012
1.3783194892053632 0.1785472350557903
1.3652582035888585 0.18439101426904647
1.3458250505668536 0.1817407717838647
1.3712774676057784 0.1825884839699726
1.3714793755827404 0.1487339851598144
1.3614400051588522 0.18481205831901257
1.3631434514067895 0.14737218088866025
1.3661587093210616 0.18405521983638667
1.3416414312742053 0.15658170946065603
1.3373215485449548 0.167808743175144
1.3494780638805346 0.150514395360285
1.3494761242873834 0.18312609882174039
1.3413209777103854 0.17776466777464908
1.3848906794254903 0.16723657098258704
1.3378491566949682 0.1707028096421083
1.3512818265664426 0.18348923837561515
1.3822450616192619 0.1735789109122559
1.3664077772756391 0.1836778266918105
1.352406104350668 0.14943637402100327
1.3380372560740432 0.1646137831241015
1.3638910823836632 0.18404135033383262
1.3834197931879324 0.15909762923683296
1.3638322442245996 0.18397855580246766
1.3382238379081786 0.16461028889243356
1.3382705064074625 0.17056833892173817
1.3671404110215817 0.183155933239966
1.363206051515474 0.1839175430877549
1.3592562569454887 0.18414659569324043
1.3729169081704122 0.14987329888955558
1.3708098092471706 0.14915148475224577
1.3446772978484813 0.15439377739306576
1.3558670047370667 0.1838277147523327
1.3390803913012554 0.16264916975736557
1.341209472584084 0.15846659406133556
1.3806205976144135 0.15554762665970384
1.3838515854139644 0.16172031100570547
1.364380464302863 0.1834241203403992
1.3635344491629615 0.14807192900070915
1.3787975254735605 0.1765303041896037
1.3397906483286113 0.1611677861661634
1.3457962115323654 0.1801464299804871
1.381831249208082 0.1727007927988135
1.3745424314790258 0.15100539333547605
1.3756932085727203 0.17881082034784967
1.3604067860857219 0.18364214218616318
1.3835304353403788 0.16138574757083687
1.3572140521293299 0.14871343612830906
1.3664793179706134 0.14856713751090325
1.358881446236438 0.18350655765737303
1.3548152649032197 0.18306563270762488
1.344770254080457 0.155038850855516
1.341449685690645 0.17533337090555598
1.3618231026264738 0.18318925124793356
1.381357593378404 0.17214879379612
1.3392712703311638 0.16839196666342088
1.3654503969650154 0.14878549537858796
1.3816350061888396 0.1584072720986318
1.342072722040315 0.17556390729809607
1.339291473738347 0.1674989676605526
1.342310120709974 0.17584971906804273
1.3561705452565094 0.14941272813350384
1.379809828028668 0.1741283814449863
1.3393693127056587 0.1684679012850926
1.3411427816007486 0.16025870891861022
1.3400574812107167 0.1628900557240107
1.3536068394087135 0.1823079776662745
1.3810225126349125 0.15760426705504543
1.3401872343669718 0.17157198225501766
1.3814724308593322 0.15850833061464245
1.3414694061166015 0.17427738156510755
1.344295824927956 0.17757996160240275
1.3462792713217178 0.17906184666756195
1.3595346591728292 0.1827132300702613
1.358288700626794 0.18267563227909883
1.3758363862933263 0.17745954118519358
1.3816644519738954 0.15937960459713812
1.3510552637873254 0.15152268449427156
1.367499841651421 0.14945769781336624
1.3501072657389444 0.18077280417659375
1.3699662515044726 0.18045944646912518
1.3479040272990495 0.179694157910113
1.3808841344318548 0.17146162072463866
1.3507444381211633 0.18084865270530656
1.3486937425441676 0.1798640452785907
1.3442412604731708 0.15694240024161846
1.3442412604731708 0.15694240024161846
1.3701939845291364 0.15041253578599434
1.365857037162432 0.14950961569543833
1.344535381748699 0.15681492134149352
1.3567204974178197 0.14995088467480525
1.3720785645631488 0.15126035307778704
1.3820955173136014 0.1668746805676535
1.3811667647788464 0.1698963812570109
1.3426873775955537 0.17429272497992726
1.355159370114282 0.1505055188896537
1.3585193885368119 0.14983381680140986
1.3528872083446961 0.1513975185969083
1.3818236247267968 0.1664216044420053
1.358190918602858 0.1816166498185205
1.3776689184311879 0.15530133314699046
1.3429094074010128 0.159702752092274
1.3801088389751053 0.17104230852541066
1.3445129816695884 0.17575943862057664
1.3773788837661374 0.15521194699051702
1.3729340107415429 0.1521946188212577
1.380126608714992 0.17057882780983002
1.3651275010353157 0.18079709359878166
1.3546391951649663 0.15106009360007525
1.3791195070135016 0.15746325900609442
1.3415167466466897 0.16933599904772803
1.3440710255965684 0.1588684488819394
1.342880221521587 0.16091969852901417
1.3705173306537746 0.17868726347776714
1.3467105701441358 0.15598704419341114
1.3671366188521115 0.15063040572096864
1.374983197440316 0.17576326184930854
1.3703299890832863 0.1516162239717677
1.3452633021958444 0.15787546201007227
1.34255668254728 0.17076848806651593
1.37159608399535 0.17749370912647505
1.379001831336849 0.1704428368461365
1.35814251747713 0.1509130986636532
1.3556207273874668 0.15156980214434498
1.3753243503047528 0.17480448874182403
1.3423127428567356 0.16720721017484425
1.3424057992751464 0.1651856309458783
1.3424951360426491 0.1651359038663396
1.342449588794569 0.1674604267689128
1.372756006175452 0.15339735730614412
1.3709649985622034 0.15252975023744328
1.3740521159291916 0.1754002289310559
1.34741222653612 0.1759294019259736
1.3452864188771878 0.15919668242669183
1.3587410182484974 0.17978749790033915
1.3488192238364203 0.17681290603967664
1.3457275282031174 0.17410421638538193
1.367692316916326 0.15163954590807768
1.3491871392050017 0.17676026293079425
1.3624759911539406 0.17940219121758774
1.3479957442841943 0.17584414463965412
1.3437548105381363 0.16988937412644242
1.349174655972758 0.1555711640295778
1.3603395890903511 0.15131388753106634
1.3479078119539958 0.15666981744426017
1.345817004800247 0.17358206900578682
1.3705962858110012 0.1768461849735847
1.379346086301807 0.16425828546379384
1.3487609335005943 0.17597511857473125
1.344043099157382 0.1696110687079546
1.3678644201338785 0.1522079344900915
1.3789958191343055 0.16531370773352047
1.3729521286174478 0.17501242753685753
1.345000450255794 0.16115911797265842
1.3529512241745831 0.17787835585725684
1.3500077341177756 0.17646489526775697
1.3778491991671027 0.16896235259216796
1.353343490578835 0.17779906161533318
1.3653366249936059 0.15192801666398292
1.3786742091654118 0.16539899824082513
1.3761385509697055 0.15761289135361972
1.361846497200383 0.17856310739972703
1.3612710781006767 0.1785758088241206
1.3498990086435767 0.17590480089107005
1.3544661904447672 0.1778740952317495
1.3641279279465932 0.17812285059985844
1.3485868236021976 0.17475400402385607
1.345992177396098 0.17172689073741504
1.378063544888518 0.16225091802284203
1.3545686884451893 0.1535466530319934
1.3772882175134633 0.16027443526975776
1.3707893529200323 0.15398000424041716
1.3689200540403745 0.1532387759295297
1.34655294370419 0.16010761672500806
1.3516702377116805 0.17595208335798435
1.3579503226318859 0.15292506306724318
1.3669134434605545 0.1767207065805803
1.345929917446259 0.1622072880722203
1.3755071502430176 0.17063556357659956
1.377412661979581 0.16292292701172273
1.370246884832048 0.1542871735062086
1.3774174624170203 0.16316549372443026
1.345565487926085 0.16808105355381064
1.3543355344378172 0.15437541404719402
1.3615428647554522 0.17742998831758297
1.346592536899787 0.16157648452464346
1.345601333361234 0.16591043094149677
1.3596674801241928 0.17738493181755965
1.3477775931910028 0.17210564531542902
1.3521575241491435 0.17556006023484239
1.37685383247291 0.16220421712064048
1.375574541233549 0.15944502667767915
1.3761484528628185 0.16054056953508553
1.361323830022852 0.1771191139778553
1.3549277119038976 0.15443511110219968
1.3661856322953791 0.17623529828656326
1.3749808661954162 0.1701472271879602
1.3669683064090896 0.17590822606283057
1.3753511382798196 0.16944190612699858
1.3595463237850787 0.1770346954160982
1.3476655802271904 0.17126910390514125
1.351491822263843 0.1564651227589863
1.3647621675606139 0.1533355693749228
1.3697204600656439 0.15477288155048446
1.3568511950301607 0.15397234196795956
1.3736253964176148 0.17142567196165956
1.3731860522873596 0.15713114225442912
1.3477350093206264 0.16077932784191074
1.373344509206448 0.17165586968748073
1.3507805280747323 0.17406390576976521
1.3471925489832148 0.16990236900648084
1.3586831354179267 0.15363435913457255
1.376147790582523 0.16667883868331168
1.3471245833389294 0.1692035458213595
1.365719502644449 0.1757302300295072
1.3665117323699765 0.1539996141278897
1.3523710022509652 0.17442148019670337
1.3645779340627189 0.17579643685096244
1.3607609095026123 0.1762742723125813
1.3676134398289985 0.17473458508915332
1.366661422828539 0.15439368287862942
1.3611756635112822 0.15392083475786897
1.3620512740781154 0.17589634078592375
1.3518265801437068 0.173630793612664
1.3666867455693832 0.15459643381970062
1.3529351014421773 0.17414914637192236
1.352664328772178 0.1568755489438052
1.365294734091321 0.1751750683609889
1.347461441908938 0.165008722630271
1.3566486830012365 0.1754328558630427
1.355550032998773 0.15537187123959115
1.3648162687442797 0.17518411808593837
1.3659192693269353 0.1545453994887076
1.3680840183219285 0.17392518183001993
1.3671946329498057 0.17429265171843145
1.35531901534132 0.17478328379804592
1.34962218314883 0.16021642906226446
1.348159310205302 0.16824844594255992
1.360457279647895 0.1543836148766478
1.3662807086847772 0.17449174618105798
1.3532022906962615 0.1737810001577538
1.3559519185246696 0.15555926761954178
1.3622053936105685 0.17526965061342434
1.3730275026738066 0.15910006954568823
1.3734855485117516 0.15974748548927617
1.3572479131891568 0.1750586188113352
1.3689625539998471 0.15600091529599788
1.3516692161296575 0.15835190994657186
1.3695618710817192 0.15634894916367156
1.3702321033644467 0.1567825865360172
1.3702541764408485 0.1720930911160036
1.372567192225305 0.15883972013228323
1.3659714596131483 0.17421743405722248
1.3485007318952191 0.16369869522436337
1.3561261586535274 0.17453529830932116
1.3716309959737882 0.17075465276655813
1.3531036209885374 0.17322136555273063
1.3745172599060478 0.16435009239823414
1.3610133010475622 0.15474126540589822
1.3651054147714945 0.15500952456966313
1.352061503864125 0.17232915023674286
1.3552703997177094 0.17400908147115995
1.3730555425299755 0.16014320431787882
1.3741894049055732 0.16488088617085034
1.3718455666902636 0.15864736388796677
1.3741355167810276 0.1633602612804101
1.3709294721980418 0.15784682195442878
1.3488547551338899 0.16694964125922584
1.353038835442275 0.17264615030201477
1.349694423762289 0.16204685761673673
1.3600396335432727 0.17455416357457246
1.3490675570753794 0.16415556131729112
1.3637380105626313 0.15515980310667027
1.3666855025653395 0.1557653984822043
1.3543473639659913 0.15719250825011755
1.3635593258552308 0.17416914921561272
1.356736338044686 0.1739421601532473
1.3737623233996685 0.16445908728508069
1.3528323467996408 0.15841893322674652
1.3685790018847228 0.15669914501012114
1.3735950086235658 0.16277535397522638
1.3537608518399828 0.17272409330964986
1.356029267541785 0.1736683419203495
1.3732109994573802 0.16172195207795703
1.3698427263325135 0.1575961268963013
1.3602665620748295 0.17421773437084867
1.367531430795124 0.17249549908637088
1.3688319065567274 0.1571167161691808
1.3671922369843683 0.15634840768223837
1.3502889806895642 0.16879066910712118
1.3495894272342546 0.16425008139813
1.3496264288191822 0.1668413462151926
1.3654559613369726 0.17323090029471216
1.3699084925566662 0.15790702230699202
1.3669480710804707 0.15636826453680067
1.355637101191653 0.17310597376435471
1.3506680661928467 0.16165128237758258
1.3535000940887019 0.1584795664238194
1.3498053129511118 0.16520465109597499
1.3727340370953673 0.1624047112085786
1.3518393671350846 0.1603296207194632
1.3499731454160995 0.16537707943019284
1.3651712689473152 0.17289783219798383
1.3693906082336817 0.15809750564273548
1.3637606779323432 0.1560495287292934
1.361953483643626 0.15598495175697805
1.350964452802154 0.16834044514289
1.3666978089423276 0.15687448105348248
1.3524358740254345 0.16018673957061388
1.372466840131665 0.1648174679248019
1.3528094125629224 0.17054461261862253
1.364642345623223 0.1564232370815069
1.3571627595168345 0.1726057527485365
1.3721927545046335 0.16428802761166328
1.3686396109886028 0.15816988115923877
1.3670358754474785 0.15732668089303967
1.370667528701264 0.16005061530765866
1.365801433508715 0.15695358629871778
1.3539131201572312 0.15951320678125647
1.3692416088913482 0.15899545630390102
1.371597111271522 0.1626175197915639
1.3543761966624857 0.15924216828861953
1.3523852630089206 0.1615035642729425
1.3524008144242998 0.16157420815682774
1.363122368965448 0.17229002614490865
1.3549062496216953 0.15902099952930487
1.360552793713712 0.1568891190912613
1.3610170379106004 0.15687929526716576
1.3690241514908474 0.15928338692495558
1.356212044669224 0.17145434654271352
1.3519962969463313 0.1674280578175985
1.356232475626681 0.1713839036320413
1.355547925739051 0.1710125619473522
1.3699929043043721 0.16058988185738846
1.3529251464925334 0.1686652174197728
1.3707747293587382 0.16229901787400117
1.3598621172099392 0.1720327537554557
1.3590213798472193 0.17188849516169574
1.3658378530410027 0.15786350690808937
1.352229627114656 0.16348864121169432
1.3614953523224402 0.15731260558288457
1.3593965183057088 0.17176997523315346
1.3532879283237143 0.16159884628155355
1.368203902616772 0.1594300569619759
1.3524811745898084 0.16405056439776372
1.3622583202959961 0.17154465246554698
1.355129685372698 0.1599242617512027
1.3572250285573444 0.15860832521359222
1.3534549790510608 0.16822591549038415
1.3527698284319252 0.16686846948646444
1.3536495123349117 0.1616051123968556
1.3674172188265104 0.16943784922784944
1.3546290411825181 0.16942356368345562
1.3578915335932833 0.17111815290864454
1.3529988250333782 0.16288572776087934
1.3526178095110772 0.16584978792490362
1.367079363715769 0.1589922300432006
1.3602198070970815 0.1713117228546255
1.368865311870332 0.16769112014992787
1.3574140325017041 0.17048122514244768
1.3644052973514706 0.17048507277626623
1.3567050438959898 0.1701563712623567
1.3544906769998777 0.16849853891824174
1.3655184951942037 0.1699879155972281
1.3538536356151338 0.16733132071356166
1.3660649909829197 0.1695458201437639
1.3626001307707702 0.17046178134493487
1.3540390425711388 0.1665962617758334
1.3553789270625636 0.16128008866099483
1.367732184373248 0.16093835800566353
1.368961643405818 0.16471035340525067
1.3554890185362576 0.16807874094776612
1.357648844157511 0.16949789736906995
1.3632263899960806 0.16983983760000948
1.3654948356903347 0.15969940544671882
1.3559050370351775 0.16809196105860344
1.3606040896309697 0.15916951115461433
1.3672369793211832 0.16717551451072324
1.3554265413514555 0.1668039040950166
1.3674655660140915 0.1661584347462032
1.3577316250829068 0.16870874980725142
1.3571493715369858 0.16825463924329528
1.3673029692907588 0.16540208468958073
1.3560636220321023 0.1664139875421999
1.3602912947004158 0.16872725515874415
1.3560727199656588 0.1638051796556483
1.366489334145341 0.16546624057123288
1.3568313452675511 0.16275510893775066
1.3613182438720215 0.1603439865849676
1.3577612293280057 0.16181475839622741
1.361263324745849 0.16842696941105026
1.3655868953688186 0.16656364947454777
1.3647806881312556 0.1613246258800394
1.36195161032531 0.16823630599926764
1.3657200653156778 0.16308997586367166
1.358778730584284 0.16640627995239615
1.3638430962062482 0.16641587295482596
1.36073394203146 0.16189515800380133
1.360149100636285 0.16651666315834185
1.3640365350806887 0.16456666285019395
1.361446378096892 0.1661194110991963
1.3637145404494264 0.16403378608439406
1.3625206177013958 0.1654433612605656
1.360666589730029 0.16324886879019634
1.360141110373935 0.16494151939909718
1.361082460340093 0.163491829239629
