mlo mup beta
1.1792469453213883 2.3315111502317607 4.296577453974507
1.1275971019131281 2.1921503155763467 4.571876040912034
1.1878593275013851 2.2242094379779074 11.257628088754394
1.162243688659309 2.208986056689827 11.449712723776582
1.16653895898558 2.567330504052012 11.893846536783485
1.1664838520421605 2.8549171149301946 11.476865476063303
1.1479311688768283 2.3090062503890483 5.231975108526493
1.1431307652701892 2.7731783140255297 6.665175266598517
1.1837324230986146 2.2985159792432257 6.054196526313229
1.1832386158066965 2.5918682322297912 6.266127469103029
1.1460447863324155 2.0291730357377995 4.220948411083006
1.1732258994833489 2.62835507042959 11.967775036313078
1.157276913501772 2.4913536054700693 5.347787070106037
1.1551111174279376 1.9354338517663234 8.514370077065497
1.1465983063549063 2.5549464069110326 7.8399196960630455
1.1669597412473807 2.523969575909832 11.148998778615365
1.1667915468487349 2.3941912270346863 4.983944474337939
1.1693696408384149 1.9096401814724577 9.689591333340221
1.1562190221672923 2.7766691585744736 9.383491465941924
1.1789384424746745 2.819281923732217 11.658968196395165
1.15149261346414 2.8595919458076864 8.42916729018213
1.186605653929029 2.578413290676827 8.364278850923228
1.1701563487340823 2.2271733559236697 4.7581513526471895
1.1788507204644252 1.8965481694999422 5.854263797729143
1.1529007495454744 2.22893028694089 5.390989912478963
1.1837319064484788 2.704260375980918 10.138791882494916
1.1679738392183872 2.6369939031788867 10.917415189373841
1.1572338837591944 2.56309134061264 9.286370542596904
1.1564356107597127 2.0049600577642686 9.213309524321962
1.1842662159422315 2.4308800971485183 7.123486590949714
1.1852256752096832 2.406618625326135 7.872160765381805
1.1835454523258009 2.833519597119791 7.231226104711363
1.1550184168444964 2.474136921693652 8.811315162141698
1.154102325994194 2.605996863762651 8.576481765912147
1.1475074511658194 2.007902846002488 7.724972341755636
1.1845179902245966 2.536497485172954 9.686128723613443
1.1562932446438445 2.147420902583226 4.986131367579068
1.183715371198083 2.592035111920471 9.98120669256426
1.1655915849943574 1.9049351672888448 5.0197665608785105
1.1546941455603565 2.7751702423479134 8.55137642787214
1.1611325486683195 2.1230309297426886 4.69827942988384
1.1644863308943392 2.4621649203013174 10.238273531786229
1.1715738607282657 2.818416648088462 5.724089162588683
1.1435843010419369 2.0451786644826013 5.97416297879467
1.1822683813830572 2.503805781972933 10.543793470011533
1.1518117918798423 2.523611198106034 7.057123462078948
1.144253042425994 2.059122134380243 6.034132038794143
1.1541957614399494 2.3314398712199647 8.38357955819504
1.1464670734109426 2.0643355833484263 7.135369718893699
1.170826549701822 2.637015368305327 10.871268948741198
1.175003800381138 2.3069442162738927 11.173339166579577
1.183440765477663 2.3650127550136926 7.238009455544521
1.1819719467551266 2.206356697082355 10.471980825443538
1.1804781897020644 2.695394111292099 10.773217751262017
1.1647621844273528 2.1758443387943633 10.115073588550038
1.1530214237291285 2.2696009417039775 7.896491844822284
1.184774923802475 2.2707443109197456 8.19150572753036
1.1720898189314257 2.6659852429732793 10.918537262682202
1.153092105881803 2.393744124483289 6.927276862260051
1.152778778737785 1.9752462916280022 5.083604964257832
1.1560295307815684 2.793241744448256 8.144210972819542
1.1563292967437369 2.677932848793601 8.2847586989749
1.1647263333871876 2.0317764786655395 4.3767408235939165
1.156019593434396 2.8620090802777374 6.99703239291825
1.1638042784742044 2.884749612062265 6.1431100268444965
1.1566149105763532 2.337643935571359 6.079042760074087
1.1547337905229966 1.9829161676520863 4.876974352090455
1.1614783385965999 2.8169816164469594 9.36811901681939
1.1748350440916249 2.0198309694374204 4.402020035097612
1.1840208318787961 2.2644812375039884 8.877416810366922
1.1627609442504414 2.676292734475931 9.598806880034338
1.1718170470444014 1.9396071714727912 9.86443846943303
1.1663467121330153 2.554405831059544 10.159316252818053
1.15541213903417 1.9928941294475755 8.308330039331357
1.1558157120278418 2.61282714350434 6.912598595102001
1.1754284928063194 2.598547227063559 5.88953300563189
1.1549762215722081 2.0901963705759634 8.46183171878064
1.1576853856210745 2.2438217286990896 8.766014227301875
1.1532225940637604 2.2353445620333674 7.7674363163664975
1.1518570965825918 2.04264736177124 7.920936739950452
1.1583717484347147 2.703012962249135 8.61982311635891
1.159461105667218 2.789843799287584 8.80656360202655
1.1753934856064017 2.335175575583604 10.965042220085762
1.1714671764906126 1.8987160390362416 7.5971356295414
1.1579760215431012 2.8563619850414943 8.383445646720768
1.1509257216608297 1.9765151478700451 5.877438520075458
1.1577662526603907 2.7653563169821282 8.259426790131483
1.1657203770080626 2.6517394670175927 9.920571684295401
1.1681740597222916 2.886448383155513 10.249466593515443
1.1683740371909024 2.7107576264998485 10.28451632849189
1.156409061870621 2.524948998332781 6.978167246255145
1.1656095613227682 2.8779867914105495 6.208608234258996
1.1679119239260911 2.0940482724463854 10.335214141104855
1.1604185291588918 1.9255705352862518 5.8972914003362735
1.1839819919495351 2.151317152340167 7.958393001790649
1.1580926217236376 2.4842490130293586 8.392708832785992
1.1779231116106543 2.833388610924885 10.757984930040276
1.1729693603634397 1.945518969379345 4.665083691229347
1.172724544963457 2.6590081306016202 10.684916819151178
1.182024531780025 2.7688912577935296 9.761367897649935
1.1610556602265638 2.57798029995765 8.969929549740954
1.1624094514110834 1.9452442096062614 8.367868449846089
1.1594179373328761 2.408248995218603 8.686169318076683
1.1555218164058156 2.0049669674349997 5.06033808044827
1.1542597671155166 1.9661693872987311 7.065808674027506
1.1647056423243995 1.9185826496060472 7.62087929968407
1.160668220495952 1.9537504408669202 8.225715218531445
1.1785169795606136 2.365362460046783 10.675805460303566
1.178372768789627 2.1253201712801344 10.754278583994314
1.1519591784273415 1.9785748318539529 6.310614855381768
1.1762087885171777 2.0700218313265886 4.922274701996427
1.1741304806914197 2.72611791011642 10.692118480539117
1.182679659753726 2.717314250240782 8.146360211680301
1.1734715805049243 1.9301332627862537 5.0455823602023315
1.1600526577251566 2.8303979051622767 8.479112222833644
1.155971801225101 2.178603571588679 6.108199611492193
1.1717405653712714 2.409138614229686 5.759065518978325
1.155459355678076 2.000954694508506 7.91109655676922
1.1636531546381004 2.1064645615522473 5.079380373856463
1.1641017124367705 2.3111125772867664 5.818975535931093
1.1831892692070078 2.224071150077194 7.879658273615748
1.1718439132458387 2.6184428240946533 6.040340331399449
1.1759497624343072 2.845653608696468 6.342152454010954
1.1609605055474086 2.7577804782906905 6.804499433589269
1.1711390173732412 2.8136358554861065 10.358557289262212
1.178139950453067 2.5035057341967515 10.529422421066863
1.1724966843137974 2.445222119158629 5.868044474347977
1.1559832089211004 2.0888124155564447 8.04576420737454
1.1612630279521379 2.60825998656383 8.687143833175405
1.179816186117219 2.0595959614709503 10.404741626104277
1.1706768090249184 2.016603339831657 4.570251482263746
1.1607789382092377 2.738253593254252 8.465473827744683
1.1815453695906903 2.0135359412173575 9.751970613523842
1.1824464336727865 2.8949027043329076 8.273490290837183
1.1764100118021532 2.02337759675048 10.60722143218191
1.182717784583184 2.1342220358968396 9.296519047402024
1.164246279478555 2.842057486482617 9.265581054320576
1.173972168693199 2.736673062248883 10.536295451869844
1.1803911971988228 1.947749741942208 8.868460250050923
1.1787315099206381 1.9609129354687902 5.375439439441486
1.1629429010986128 2.605450733123507 9.019363843487454
1.1611349141656242 2.3369610253753788 8.736236803441495
1.173302790777374 2.185355381088428 10.558070486731241
1.160090394593226 2.0445438150004227 5.068275237689704
1.1586324781312562 2.098446511893635 5.500929726502553
1.1727581209705882 2.6388969169731133 6.141302446862943
1.1730214539480182 2.341286249789522 5.764462974502363
1.1736080988184923 2.765540385112729 6.245567825552644
1.1661785640348745 2.644517304017194 9.579951631315089
1.1820737984553527 2.511667051684832 7.732237833615388
1.1745057337477032 2.291983827738008 5.723731528424006
1.1734849627397457 2.2539074855300507 5.588289127030322
1.1688881814730394 2.623734217484588 9.984358038800416
1.1831301461907513 2.1539744255687046 7.941210762194631
1.1605975922146334 2.598681116032437 8.293390300837446
1.169668445664247 2.317545333257063 10.10413936279479
1.1666490896995134 2.6293682644975913 9.606749202087563
1.1803428180618776 2.4717463669973094 9.951204290478406
1.1622545118967587 2.466621733262105 6.51092034950033
1.166095902264081 1.9323672947008188 5.458517230087434
1.1553957481642514 2.1557468857798416 7.109732951545672
1.1592035503919587 2.4753661527046003 7.365842599370323
1.1600879160669142 2.144837215167085 8.59440257399611
1.1739987546062234 2.6949349590911655 10.415092205205807
1.1645468099857823 2.6493331648061123 9.168223638177588
1.179679405371068 2.063386894939418 5.590094927715343
1.1618755001224337 2.456798255744462 6.594016520682116
1.1809688414331871 2.293293773844116 6.849872791272201
1.1533131821323699 2.0426866922586164 7.030011464308613
1.1598926784931496 2.24353633643726 8.343388567619188
1.1650647877833327 2.775979343709822 6.606963056065478
1.1739309451737072 2.1877101244416566 5.463195703912634
1.160584513261925 2.1787909441706828 8.602010859026416
1.1710400967797088 2.565278650073663 6.159869743463254
1.1629844328416454 1.9307390601195629 6.692546495070918
1.1796072424828081 2.406599604850949 6.672454336968164
1.1684781185265165 2.1763555633261107 9.933075341136508
1.1666136968916678 2.2321628141753123 9.633830606386677
1.162599462605344 2.589277445070577 6.741692623752876
1.1608973657625086 2.502889810527509 8.216150656279504
1.1689382462737439 2.8311566786846885 6.413989402243313
1.163838948326116 1.9500629608698765 8.162053822582424
1.16879291045856 2.8733599017107734 9.817917620604081
1.183007108994287 2.121955231142665 8.32622533875868
1.171145725450763 2.4894036848161285 6.100158389631574
1.1817290509158154 2.7583981383360765 8.781700367235906
1.1603983573434806 2.526349683359398 7.86829138383383
1.1755101151234648 2.7452866490483747 10.354841501734322
1.1751617355911568 2.156938257783515 10.454872032592503
1.1760825724196404 2.5326401748249605 10.316188573713497
1.180154363510867 2.2695422588229404 6.645957795084792
1.1817908239574915 2.5195390067837393 8.148237752080133
1.1738614846299917 2.5032828914964336 6.189733731083303
1.154044481648382 2.0419820822769683 6.837024173959472
1.160343744393708 2.1952623211540647 6.16519802824849
1.1600320620110534 2.4035755486157693 7.30862110293428
1.1790736470572698 2.258286150176616 6.345654380972199
1.1776865869005904 2.1822368984192555 5.87793702950632
1.1712755611890513 1.9173203439981832 6.120893786332806
1.1686617970208362 2.1300002152737325 9.874327844479492
1.170155774622332 2.092415564098208 5.098763429703991
1.1542129965723915 2.029699504280558 6.454571596914285
1.1672926727772073 2.4089315996837986 9.514086358929832
1.1665579062829483 2.62561670022633 9.341972331271087
1.1826232034858273 2.166406878614358 8.059675802462955
1.1816818758873981 2.2136138361901403 7.237958111111929
1.1737547964920436 2.8240758238630503 6.471607676866947
1.1805743194815506 2.0524253988293637 5.9358598574394925
1.1732570412118322 1.9135883379005167 6.651446779683578
1.1773341587600887 2.345910210463847 10.225428609494182
1.164128321349331 2.188761883200031 5.801148379217263
1.1745512195314758 1.9898673585494748 10.08259862802673
1.171052540371007 2.586425199511244 6.304155312866918
1.173425642082734 2.770302154594064 6.453093047982394
1.1663513735884012 2.7146812272999536 6.638373840881393
1.1819190391369991 2.273682255069249 8.865809922244377
1.1803769430824431 2.8557634444171995 7.548779613021402
1.181281165473901 2.3378900105257907 9.213140240591823
1.1805403248513813 2.4315711645672438 9.543429034539399
1.1629003605544166 2.26111983117659 6.210848500133137
1.1603907314212591 2.244842031080709 8.109397231930652
1.1613506854894624 2.3138678570926015 6.637119838846889
1.1712968573007376 2.5720814246557255 9.976262760202173
1.180373932748663 2.7345116167519476 9.465251849810432
1.1586711255028619 2.2199305004669214 7.420917995566626
1.155639743563972 2.009566007909943 6.037717721746008
1.1652827262716579 2.690873873094107 6.748047497545928
1.172384239326652 2.7839386844871603 6.469668973753363
1.1630882362111148 2.4269105662255 8.582338080064527
1.1798909726310292 2.8054818889644286 7.3759204964974625
1.1698856037369547 2.2873619421818843 5.877320303054669
1.1699048896068098 2.3383674749326038 9.85090663977282
1.181902076325018 2.2973228059304303 8.594832187488894
1.1714501018039711 2.8007425676550324 6.49472318243731
1.1799963439722685 2.2580823853897236 9.746189072525267
1.1603812068802366 2.1320614504958577 5.950624401732442
1.17234641207724 2.359293167494223 6.034630698813823
1.1623591505711308 2.107484790131729 5.602108398513373
1.1824710406044463 2.162985794552039 7.833343744795174
1.1786368262867437 2.053245416820655 5.559271713789668
1.164615620434081 2.4450463184238935 8.850441975776844
1.1807921841875473 2.765534015958806 7.8735283008254004
1.1642286037092517 2.2014913839125705 8.969261366353843
1.1625262294074896 2.717708406996347 7.917510068792833
1.1625150406092488 2.72183442695347 7.842668827518365
1.1625150406092488 2.72183442695347 7.842668827518365
1.1685768903755995 2.634257908239966 9.53402370724854
1.1625021321877653 2.70162702230685 7.598083536889185
1.1721211745338984 2.159637406667788 10.102980003133
1.1692120403226451 2.7381540813153102 6.5635245863840215
1.1617857004645953 2.2590190557538703 6.500624615556937
1.1710489243992948 2.672311370989105 9.847348881984809
1.1625536523638447 2.6873379489951064 7.588764069868104
1.1659339463416143 2.883010101641955 6.91078249367607
1.1700195521015226 2.450436456121558 6.252552996169966
1.165999832811088 2.785230233205064 6.8472821560615635
1.1720668654378792 2.6216230691504894 9.949764760741145
1.1630182096865485 2.5553361925417906 8.274853058108341
1.1645209079600232 2.8130769161230957 8.61520261583063
1.179508356063495 2.719354218815278 9.664758481083492
1.161397429112169 2.3328059030381914 6.939310933232212
1.1702523426539635 2.2828083115420594 5.925147704008419
1.1662215248279733 2.778943694045382 9.040267806039944
1.1634501277174745 2.3656716648133687 8.583358945958713
1.1773939429980005 2.5886495892204726 10.011607233986956
1.1593543947788474 2.013738041447109 8.018463395052851
1.1746281410645043 2.591305554915535 10.09239672073044
1.1763260604522316 2.823957876224209 10.04503043558055
1.166122328251338 1.983714011329318 5.061377430061112
1.1806086539918181 2.1019548060682727 6.351717644070234
1.162512770770347 2.39748497881396 6.902948503620221
1.1629086004982758 2.6339181847351067 7.411579903739204
1.1632709662957281 2.3676491549960894 6.698816527244974
1.1668516470519898 2.678193535116076 6.733462793546433
1.1688673274860988 2.629934608416206 9.510868713648748
1.1758575068371369 2.32312171827888 6.220246383772057
1.1791143487076066 2.5098497712591046 9.706296055057592
1.1779072570413793 1.98408552997163 9.683440267708965
1.1725645242141338 2.043454527598338 5.027018477824342
1.1761066725684814 1.9405845955443046 5.833750027406564
1.1795213927662687 2.187976744310557 9.78991220661878
1.1737617407338667 2.275890143839571 10.088573684004277
1.1657022878894463 1.956366961896868 5.4612035030255885
1.1655911603454785 2.3503888719776094 6.400705789999815
1.1643161286422936 2.6224334439314974 8.496003029856205
1.1798870286616763 2.4053493329495907 9.485428933156118
1.1752478513725617 1.94827192517105 5.55728476443851
1.1655179467786894 2.6961224731051345 6.957342966916748
1.1794735851765246 2.877522869057927 7.450597191139529
1.1665488207681873 2.4409778242685984 6.5141241007052635
1.181038177839221 2.4537819786918735 8.526740013613983
1.1736204423679277 1.9506830551412435 9.108755632254603
1.1824454103711095 2.0076790104490883 7.543046344520782
1.164237410864784 2.5456611317503883 7.018815272295768
1.1768942800903879 2.2008489308787476 6.050551270295152
1.1713845951094992 2.2072050718628233 5.762364431393795
1.1790846822873302 2.507668692465877 7.096317862320825
1.171961511253537 2.1598390609814957 9.975931901435219
1.1722165412125374 2.2810992344541146 9.92841332824674
1.1618589853852033 2.028846127975947 8.478807094216569
1.1640398784146067 2.839229443120662 8.075298623201817
1.1738583369675826 2.8063654475411113 9.943359410596985
1.1668760461534733 2.2670537670973383 6.120816068035854
1.1671002877875012 2.657012991635706 9.080455215618738
1.1801903066945938 2.3861966330247144 9.24522531324732
1.1627082017077006 2.0912297570064604 8.649684782299461
1.1662487268446948 2.640354000869788 6.877654139515972
1.1651727610414528 2.0956431351806155 9.085541088778212
1.1693684649273464 2.8457077768255292 6.753670806160262
1.1712556798225813 2.6806770440439847 9.70916531377621
1.1639207062623962 2.5897053549167737 8.1414419843692
1.1659459357690656 1.9365027654748879 6.398856847037498
1.1619225473045547 2.32563457460922 7.511562271716134
1.166975247716812 2.168130822172751 9.26649275643479
1.174013369678892 2.8176344722177933 9.898220650094066
1.1802389234486765 2.854741925199855 8.214881127063386
1.1671383944467575 2.7124882976345197 9.001277117329481
1.1792418719364168 1.9588373355882522 8.608172896940038
1.1682655027695241 2.6983081674770153 9.214311099355038
1.1797580044420803 2.309756157815766 7.051555364391495
1.1803725640299803 2.567442750807442 8.829538003534537
1.1735791784640228 2.802375683753909 9.857038880926671
1.163903805857158 2.6128828759554232 7.588800251942017
1.1710514358643045 2.584397349608794 9.64390762231245
1.172947579445654 2.5731993443304044 6.541759665718143
1.1794889733725802 1.9540648640504803 8.26195820893408
1.171444602240185 1.9337323339025445 8.124646902656282
1.18086520533678 2.34558320345582 8.068737015801304
1.175421107428718 2.288974934187504 6.2413372356071
1.1665493982898674 2.439275932015687 8.916543496432512
1.1686409438776098 2.62541265052493 9.254638747902556
1.1802477957636195 2.63404237771189 8.1767700018336
1.180419513514182 2.5281610426391126 8.666705580351875
1.1776206327031964 2.4700873245876105 9.741704794216705
1.161027770065509 2.108408736607574 8.065606005859046
1.1641804711002584 1.9805387207011127 8.312915330937349
1.1808355586299664 2.1364637038486314 9.112708647517952
1.1615139745117564 2.2491419865217765 7.453050697249569
1.174485339005395 2.216768240891436 5.970710906541013
1.1675821544867526 2.546384881594417 9.039363723067723
1.1806572502010306 2.2050317849975904 7.172359429788248
1.1730971424815964 2.5805264393228162 9.787295039478822
1.1695586988992914 2.683780061290606 6.7476132606146635
1.1751030120770258 2.1332805411501337 5.717957721223753
1.1641898784195388 2.5629476577557395 7.651237763899065
1.1728640597399147 1.990653562779234 5.118004829830387
1.1815995787650106 2.107508568947175 8.491305808206597
1.1702507484015223 2.1426192137176643 5.639647641861396
1.1648379505548168 1.9858817422560513 5.380162914182526
1.1670420916067392 2.752257164801731 7.06995344608087
1.1688719833601227 2.009509567112913 9.399578565283669
1.1692298406335218 1.9597744420393288 5.401920634162872
1.1726211915596378 2.6184963172087903 9.697167831201664
1.168739308217188 2.649882693972402 9.19479498728887
1.1813065300433012 1.9848635481631778 7.5263249139665565
1.181077592951211 2.185842288709473 7.553800315984832
1.1780160294730422 1.9485365197904416 8.339842848164247
1.164406822021764 2.5738266962280925 7.655178958585433
1.1700208274989639 2.7125755682178285 9.381887507082503
1.1647534654399667 2.503128010968557 8.212145500063796
1.1642890179852157 2.541939055179412 7.71483523362215
1.1757397974067159 2.3023314689468393 9.865978761554427
1.171928109178581 2.583514901536955 9.624596926376062
1.1607120775658106 2.0846346996347838 7.94093791747785
1.171981236092782 2.4992628787828615 9.647363375612805
1.1723756464093886 2.764231892114016 9.639652956440084
1.1735694799949077 2.729099192142943 9.735477941722172
1.1698225412371133 2.789474290357373 9.313251957469772
1.1636650778131012 1.966405209091685 7.698199956521993
1.1785552035499756 2.7034830390346993 7.3923582323072825
1.1796809875892151 2.446471792363601 7.5475555824975125
1.1811784352210621 2.0015239484039147 8.540480670750826
1.1801941489774646 2.2940154334700615 7.511099314547993
1.1643434616291373 2.306880740723287 8.310485374249106
1.1754148747286726 2.594214992610268 9.7373804795033
1.1651873418208878 2.446861214204456 8.356692483117836
1.164085056743167 2.437253244597533 7.73563675278651
1.1657744436168818 2.749213983812459 7.469334829121369
1.1581590796993622 2.0277490593606946 6.828463752929711
1.178966192248347 2.04697317190781 5.932981312615725
1.1632757882094584 2.3376137015438028 7.535362373492623
1.163224352307213 2.308284747225413 7.805476584493412
1.1682793233275497 2.7037827972213426 6.98506564408178
1.1760827875912738 2.6002861358890925 6.909940562437672
1.1702225672916455 2.394894610606053 6.457825862332054
1.1646629402490185 2.2205334722859815 6.414878988432003
1.1667891074862036 2.3560208996267065 6.613684722281127
1.1651367707886942 2.2673708594408857 6.544688635816376
1.1766072065848279 2.1856763728248616 6.173450120851502
1.1727372414396071 1.9309542645288724 7.7299075348147515
1.1717231394933767 2.596405957576665 9.530154560960096
1.163661356329993 1.9957822351128423 5.521482787651232
1.1697023593078524 2.7495419002938144 9.222595298323512
1.1643347771665398 2.170308714625583 8.51553825617651
1.176079166679593 2.8647507787282795 9.623142648635271
1.1671173120934626 2.504359293492371 6.913225701458678
1.1657238606610358 2.363738410822057 8.54416634107566
1.162827353152538 1.9621403511542501 6.700066052688214
1.174995599799439 2.1208824781182463 5.738618134330411
1.1699187732000689 2.799312110670984 6.943746941264644
1.1807676073318891 2.2263307577389586 7.747271632323439
1.16202786545121 2.200962426321999 7.021554446544682
1.1799055034235741 2.5239852464129076 8.538000717385907
1.1793509972340683 2.5866016923635184 9.00662750799426
1.1634573271868218 2.306702856570018 7.218879368094518
1.1770787220448578 2.416132863957239 6.857808722603423
1.1686497665576274 1.9352916230208734 7.11786602469032
1.1798364603212463 2.3359581646283543 7.52470581617381
1.178170473803593 2.2200475758910767 9.59612522856022
1.1663024216254418 2.6044917925096156 7.25830816047338
1.1776085623169545 2.8984512338546846 9.413751582321861
1.1774196301051738 2.2375491501383564 9.661513926175566
1.1736244595247378 2.685310246764133 9.611114601630707
1.1789383314031925 2.1280895560481286 6.399766263079512
1.1754007855130495 2.7959096298813417 9.603982780708003
1.1698213074754298 2.792491408271037 9.159051846241638
1.1704695528396372 2.1600803729001687 5.82843073857577
1.1661939617722523 2.8086348161768813 7.998177940207832
1.1694946973294151 2.346071748290907 9.24952125679183
1.1726061994830366 2.6080372538136247 6.780787396336597
1.1798742192830551 2.463166986141583 8.483612288963812
1.1657355000093168 2.6401862394716105 7.9398301523383665
1.1647552695530412 2.352672179674901 7.109840769905633
1.168375898870922 2.361962799206904 9.038102809012805
1.1760458440631683 2.464838208980825 6.840356058066275
1.1687170798699964 2.0050500924390313 9.180790859654186
1.1649365574460415 2.1050742332836703 5.880644273152502
1.1747473135143485 2.144702622088689 9.819417641962165
1.1668140111219876 2.5550107428293174 7.178848812375351
1.1742059706150285 2.8237833944566972 9.576263449196624
1.1787340574711518 2.3674647976217402 9.272763012224157
1.1653527501085508 2.111153654643314 8.732670805634406
1.177238514871028 2.7566916727777344 9.409371887932432
1.1777476962315647 2.843361912554294 9.296117454102879
1.1792848841079706 2.6418881307278914 8.080862123192098
1.1762580948882986 1.9723650149940464 9.124939748932858
1.1753317355398196 2.1778410208418553 9.763010402865175
1.1701843462309052 2.4411611723936604 9.246465274927463
1.167224750643098 2.4295130836652055 6.906541011252571
1.175709529257251 2.0091972405160514 5.442704956994168
1.1789918374361932 2.623728378594805 7.805009769191152
1.1663361900529348 2.4278123267591805 8.422099817999934
1.1679400715956536 2.7413940510428647 7.268691934938968
1.1735593907634443 1.9780747500680842 9.275968293933307
1.168395289308822 2.4013587956924893 8.941428442512285
1.1798445071449828 2.26294223530358 8.867528757461297
1.1807244948901672 2.174757036290914 7.620966116408297
1.1810021814689748 2.135737420357776 7.804600514370605
1.1686587600508744 2.5981266996129477 8.89174104620097
1.1742258979154796 2.877889496868179 9.524507080358779
1.1736717719457288 2.8582730826842395 9.494710000331375
1.175230516388263 2.0075221471556968 5.409373063375414
1.177314754701381 2.777226629994588 9.333878446579723
1.1761229436465177 2.722245984771592 7.186692317777464
1.1737282694849627 2.2307814394065426 6.188720936108776
1.16744842201648 2.4773518423649423 7.036163323769204
1.1726358280668534 2.6678601728840325 9.417779025489851
1.1710698516593716 2.3980462585592877 6.591830491052161
1.166826013822729 2.51034718142936 8.413176601728606
1.1715581326393516 2.396052117365484 6.577207563317744
1.1693319031863052 2.1147402415741414 5.712447254631128
1.1723892664039806 2.548060553275986 9.408918218258536
1.1718590764333938 2.7539578187530105 9.309780231917307
1.1654290717541032 2.380431024920459 7.278268371563303
1.1619110467826317 1.980846827927229 6.9511953115319915
1.1762621376394036 1.9406173677320733 6.860058784687707
1.1780556113019602 2.5465915718390852 7.433760069315715
1.1750330656634316 2.8352081318127444 9.464055392635396
1.165200452221904 2.383486942143826 7.857391166493649
1.1716518847973996 2.448135484886956 9.349898233504536
1.1795431894568125 2.446318045760201 8.339972293714663
1.1680553596381626 2.2770201903694316 8.898549269752934
1.1629329866906792 2.1021894773050165 8.080308998966292
1.1795919080220982 2.4176427150524407 8.352573403910487
1.16689858732927 2.6196521398301407 7.520660999391284
1.1787055865130114 2.581550956430088 7.755372991423892
1.1771260579005935 2.4685289226133507 9.365740234255211
1.1624242050385558 2.051100961434217 8.048606690665341
1.165667034609128 2.427632364333471 7.74737120580042
1.1811206800918252 2.0978654180515863 7.876107074200792
1.1787995768056507 2.8487702748341266 8.513210970985035
1.1714218104825125 2.7900440524015435 9.193845661959175
1.1746168180995658 1.9428060619168535 8.058421871495447
1.1701239003701611 2.646260070507707 9.020165099187748
1.165102035416412 2.3401443090980827 7.710838026549817
1.1682396724295239 2.595445284329725 8.603221924153804
1.1675589291811543 2.853421505716687 7.999938750642235
1.1703089638202773 2.6838636076160736 9.020412994160944
1.179923592120684 2.2749579533757753 8.003288688207649
1.1726581422761515 2.5004401949903317 9.36765916786175
1.1728364396881166 2.1340334046906255 5.847449216096029
1.1740564549184085 2.467101561939786 9.476571571053338
1.1698113244732504 2.4607771474422524 6.848742514272191
1.1771099157591496 2.273860255201602 6.756493941546143
1.177395897781801 2.6380799687576264 9.186647604331291
1.178809780900637 2.3485238290388986 9.017288236798437
1.171102238739927 2.3065879406986802 9.289816476140318
1.161640797877764 2.0527177214752372 7.748946853173559
1.1651623855249964 1.966289705811258 7.520315727828461
1.1759705202708859 2.5993423560463427 9.358662603245465
1.174573026069178 1.9360260533148412 7.306781813602729
1.174114746265103 2.764403150124986 7.10325629287914
1.1624174116067583 2.1464486603413677 7.016678128129486
1.167885219751979 2.815902056896747 8.256756279885257
1.1748042727295742 2.2321755006014836 6.34659147161744
1.1747930585222557 2.334849140684872 6.628608313443204
1.173814033375814 1.935282725143832 7.246212081644053
1.165597678597418 2.364253855812877 7.823869029831785
1.1721928177515073 2.1869377008742332 9.487465545667973
1.1684432784517726 2.706656629346141 8.533867983160084
1.1654906584456697 2.1534668800747556 6.317404040782677
1.1782508269632674 2.0683362219625243 9.487829140214437
1.1794509415144179 2.3547473704623365 8.51077296801796
1.1610295653408027 2.021471379278461 6.276431869515287
1.1679146656324497 2.8027658295514533 8.158117073727652
1.171862523444455 2.337826009369435 6.565855601962111
1.1674425860883266 2.645916751920499 7.759680018295089
1.1669993422815963 2.5419328158194054 7.679125230455437
1.1753079025263233 2.6513343486849603 7.175265643717138
1.170392689685551 2.7628972820188396 7.220133035033733
1.164817392788338 2.1278096091904177 6.287035586831625
1.178345880504725 2.7614640720221475 8.598042645496532
1.1738350736022485 2.1312620406672855 9.619594912655687
1.1779139965941852 2.2568321937690223 9.251826883708707
1.1717559223225429 2.4765578948153335 9.209177603526308
1.1677025251146103 2.669225660294968 7.85034710895944
1.1760788138644747 2.803743241450909 7.422270796393091
1.1768304723088843 2.284031300129148 6.815604574224684
1.1681387422974265 2.5437460237765714 7.32335760467258
1.165901311759592 2.3596180011561056 7.830914000654005
1.1687882076564813 2.265029995399094 8.915873843717689
1.176549955344992 2.893690469914305 7.569620305150767
1.1663160089244569 2.3978392633254435 7.536769740384498
1.1663706952830324 2.1526125019379774 6.262092745986058
1.168556507058369 2.539016551504991 7.231942904768864
1.1747459987976765 2.6611092096744313 9.3096424791247
1.1703931911070813 2.7962419964964083 7.288551079372436
1.1778681990131559 2.621027014165769 8.908157161026704
1.1715434536725196 2.799108788835257 9.060034202888163
1.1663539261153075 2.381859327276033 7.956922731563848
1.1778493610922285 2.6572553622507815 8.89172145602838
1.1779794392883494 2.2938318563048714 9.163544714793417
1.1682962380518278 2.5737871846332556 8.417481653598337
1.1722570530393708 2.577260577041163 9.18661293958966
1.1704386203037267 1.954713158279033 5.955880448270097
1.1657246419104632 2.3125332484758645 7.879891225042172
1.1768897164822727 2.2694135898323844 9.346216752339803
1.179272532247958 1.972639674349333 7.956484961678473
1.1800979905935791 2.1541443103024154 8.43967187820513
1.1702866412262605 2.381057425513766 9.01257671104786
1.1666660097035106 2.008083514850579 5.559953814038913
1.168307648036321 2.6904595562144618 8.242840466022736
1.1670227607427293 2.464807064430478 7.9743609898725225
1.1749694390936947 2.7375678399981496 7.273837026604992
1.1779879882421653 2.3405125831878295 9.072137084754543
1.1653938806562167 2.1242085665254775 8.395506684465943
1.1702577440973725 2.7267306187272595 7.295708753691613
1.1661708309468182 2.327839907242653 7.292659381863974
1.1762565439593515 2.8504730493513644 7.552671359029674
1.1731084091420778 1.9513786863651277 6.069126204223544
1.177319007765007 2.6709673419127133 7.6541640267273845
1.1683746756896491 2.0308652115909207 9.011337552208943
1.1693607883975865 2.480091090527504 7.064124931249779
1.1803825467232052 2.1379232451339876 8.018358486056659
1.1751916548382706 2.7872854792236197 9.21395965777854
1.1634943242487157 1.990674196452846 7.592030343155397
1.1774493144444984 2.186027759201524 9.34134039782051
1.1668300414393769 2.395040435455991 8.02699880689989
1.1672626536043655 2.4861006473928757 7.807745836144086
1.1684140426620726 2.5605350809328247 8.391920124062272
1.1715328420637532 2.006438717549064 9.262051766544847
1.169919882714281 2.8555020666057964 8.662986210072765
1.1678814159948812 2.350891873031128 6.9975830354004
1.169525230918548 2.3645435365829615 8.861041588741553
1.1756729563199435 2.052922039710854 9.60551782020359
1.1777231330105622 2.041365914237978 5.993071826058161
1.1766730722196428 2.01661654606748 9.430690666030983
1.1711757534915184 2.8161782068714896 8.90993370195306
1.1767904601008297 2.1681947164666058 6.465945869700139
1.1769735643769494 2.3987219143044287 7.207258196370173
1.1713347320387215 2.377815506695906 9.109499382719612
1.1707394844420795 2.833712395129389 8.816165490307146
1.1671804384118194 2.405800844183317 8.109481818781287
1.1617408889622456 2.0761535395845994 7.285052464520701
1.1676806954248151 2.4064509698385246 7.26360802674999
1.1773799167093748 1.9577702374237103 6.761692375484834
1.176125413360917 2.337642083611213 9.282964117212932
1.1797699532459314 2.173366310527752 8.565872502917824
1.1790243391408706 2.3492383575049334 8.366457130294059
1.1686433471146949 2.638768573342923 7.538463910865163
1.1797313239349265 2.1769373312110862 7.516517565676402
1.16497313158695 2.1089821819168884 6.2506121002078725
1.1744288742545261 2.0967281079279516 9.591603631683522
1.179951653922825 2.160611541011884 7.633172456963585
1.1770277432854632 2.0747573311546996 9.495714044360392
1.17161921265539 2.334271085307094 6.668072854024283
1.170194182849521 2.8895586740700816 8.66872713119376
1.1788055173713776 2.34625910014247 8.630301980746372
1.1764722525016227 2.507325308990124 9.123787432569458
1.1759309480018425 2.7029947275123307 7.459407937377332
1.170622143787342 2.653998012526537 7.260593053885978
1.1756058252669659 2.424477774172715 7.047008985058209
1.1746772376777466 2.525918318865685 7.113149866030838
1.1776760294231048 2.643332739748301 8.71737266137099
1.1789424000730762 2.353832855672218 8.372736860508564
1.1688020941899007 2.3654633050086966 8.666263324166351
1.1702674972106986 2.086366310254996 9.251283315887088
1.16732859752981 2.414458015488357 7.474345228090364
1.1612270438024117 2.0444004866173375 6.921584524782153
1.1705827254163503 2.1396228967223117 6.017156344501169
1.1787306070267731 2.2867051091795068 7.497048143902063
1.1648729490378196 2.149709269973187 8.040652600625371
1.169357235728357 2.8315615087553283 7.682809760449791
1.1775973926878927 2.8119586161142216 8.230162426414728
1.1805021221943657 2.099010516903109 8.186126505975595
1.1721710316931855 1.947855125708737 7.838146733134911
1.1807532985125468 2.0454713631892507 8.199303142425464
1.1746709495811252 2.561532576330775 9.187130961464595
1.1735555274079583 2.5424746815861883 9.18087628181091
1.1722848897247289 2.8627143698527213 8.969036782708946
1.167525949486318 2.0445964278424964 8.823789038207453
1.171401803377411 2.7449334860371426 8.867825509510137
1.1776365099715933 2.1168181655152996 9.32170940436361
1.1689501308193955 2.3398750061546085 6.900392514842569
1.1744800851713288 2.5067630766256395 9.202222507282752
1.1745086776932037 2.04471766161064 5.637290166272031
1.166339064634608 2.2532907243652485 7.032839434124403
1.1693326390480427 2.8783093114744087 7.858030236297381
1.1666318584182016 2.125276402801398 6.212512255408086
1.1681401937384304 2.4041318068327078 7.278791225249323
1.1657474183272876 2.0037796769660723 5.771581840896655
1.1756841236894378 2.1197655007234557 9.482498383885154
1.1629130345657943 2.1122245359143066 7.100047419756846
1.1725323618224937 1.985807606723014 9.018169529606963
1.1761447296561134 2.7220190174397727 8.952808106688906
1.1683222894836143 2.2909225624982943 8.552373660538862
1.1685639484983914 2.5475216637125024 8.191608343174744
1.1661498266939911 1.9864117650850526 5.881251746963846
1.1720057298853233 2.535013129090107 7.111752877415059
1.1651324824429399 2.107045534314186 8.222560894913046
1.1706643720408738 2.8685242436784733 8.624606899059156
1.1718699403121142 2.8170260892787446 8.866232870427549
1.1767825834916725 2.207016464532028 9.254868512247912
1.174134939652725 2.5184832369827754 7.114498979815583
1.16644151696264 2.2650788763302407 7.137747893434202
1.1721572568426009 2.3245853875946754 9.139736723086635
1.1765098677068841 2.808294842835397 8.828339435060844
1.1791467923827097 2.1034367879884988 8.971245858313104
1.1780103625334415 2.370896164229624 8.774605879475962
1.1695775357188891 2.7505220450897028 7.687448785692691
1.1695775357188891 2.7505220450897028 7.687448785692691
1.1765315585059757 2.30869028848588 9.155185323370638
1.1804334247199368 2.094038602728546 7.9316154513137995
1.1764378011948677 2.5382426835723955 7.48677023660548
1.1765678396438015 2.3832635211716386 9.069058601234227
1.1681562432472634 1.955480235727104 6.635966079050439
1.1805313980200336 2.0766910919860178 7.618649073488873
1.177160930742963 2.7244797908852076 7.974589490729386
1.1700100031228566 2.4973492745962993 7.214089686276687
1.1709162352875853 2.8721706981301436 8.638577607409383
1.17166171352159 2.4142498570737985 8.996092271117815
1.174930932775995 2.288019938734666 9.277908431210157
1.1775248153330746 2.49765055498995 8.691448725777487
1.1664562408250063 1.9796834201471505 7.895250308409757
1.1638981707942122 1.9869188422615383 6.4274481144982225
1.1639967340104886 2.1272894517364414 7.651971101030254
1.171314178806474 2.2137152841279097 9.123102467335869
1.1690445878694173 2.015848112649378 5.542738321063741
1.1691338768363895 2.678912532184449 7.9082854649976735
1.1778278925048942 1.9650066289357402 7.960538597776242
1.1697974740832313 2.8507165176187264 7.884946988037603
1.1751870042773729 2.177979230321565 6.390727316514196
1.1717364214866695 2.846293954255198 7.483736772049786
1.1776804178764535 2.281185776912115 8.954166653135282
1.1755418724147868 2.5192137601699303 9.064394066021173
1.1667597733414656 2.3051623479972188 7.432897850453786
1.1662958593082284 1.9855168775841654 7.992141778265571
1.1708922333434388 2.412329977689672 7.008821584274848
1.1769713386403478 2.7828706511119194 8.51143152909135
1.1723678854079926 2.6061186310140547 7.268866633809564
1.171220574490401 2.439847077733342 7.057679229740254
1.1769404193316115 2.4448494446688933 8.892662493959309
1.1768576166489881 2.5361276416046588 8.788287461406144
1.1730281451116098 2.6241760638102214 8.977841616230242
1.1765777939185234 2.7083349450975547 7.864494894274953
1.1767879260510605 2.805619192114426 8.502385642716925
1.1757611938555204 2.4908646474919722 9.021908415809621
1.170030532750771 2.844158785762265 8.224799040765053
1.1726769657534852 2.8875317527047724 8.835932676739018
1.1733253113970945 2.6041096361856484 9.002951784058396
1.1776825492328165 2.479422105468689 7.969380134102348
1.172025879327658 2.6938205152822823 8.81504230382485
1.1796654983192207 2.1034161764431474 7.158755776195219
1.1748129413318942 2.5271758204371304 7.285565503946069
1.1761104701017324 2.8311690915217733 8.723091144963329
1.175891244739479 2.001009220475577 9.17767176226421
1.1727892257933923 2.1150656622847546 5.981830423056834
1.1736361296107032 2.3101277251835066 9.185484320451206
1.171015147945565 1.9481286480811515 7.20560165856641
1.1737379392944118 2.7507610452862803 8.954928301758603
1.1629293296378607 2.0823798155114455 6.800758142438411
1.1741673588085213 2.0289270317385575 5.632451363687714
1.1784250427458778 2.184676956353193 7.090534132848045
1.172510851665094 2.706840315097351 8.842905978531277
1.173244772756206 2.8696827568237984 8.85987651290751
1.1720446243736216 2.4055041827391888 8.947407216066829
1.170695284039215 2.797839905991456 8.41679265968937
1.1795197570464238 2.1769679272315434 8.018989859975278
1.172958884965607 2.70612814435544 8.878116256876138
1.1705317778833675 2.872503926648965 7.8938291211630744
1.1699860383809602 2.7136018540214497 7.8366728539864035
1.1679555216999662 2.203422040677489 6.658990020051958
1.1714564124861355 2.457684518887333 8.811365001648976
1.1771899436814737 2.228816703364404 9.057134131753731
1.177616369809175 2.164292384225825 6.806824334564817
1.1726093061102674 2.148130766973517 9.258759286203873
1.1772701267836192 2.5182647728147436 8.492903072529096
1.1701927225312831 2.7709271808088785 8.1301120301433
1.1761843320597736 2.7528334223140902 7.931615334786496
1.1738548535553865 2.6966097619583396 7.449978371621848
1.1699810053672204 2.702573475263468 7.890712903092117
1.175511878824964 2.7300334757420073 8.821300011956104
1.179190528366499 2.115096092206648 8.721604409472379
1.164509905631885 1.998822506930963 6.194415271355876
1.172680081074829 2.100011549417058 9.319212783670404
1.1719507815501409 2.728132972316491 7.522992523221184
1.167482139294331 2.317582517706512 7.571143920621736
1.1715024777277514 2.1821150527769326 6.338244246894783
1.1701673690710481 2.573304816060001 8.380191872420562
1.1672361874953485 2.0678635550123823 8.611687853528492
1.1644052883824414 2.0395316704546453 7.971335118325168
1.1775566963103974 2.1875442478898783 6.9425388467218365
1.1715478179349181 2.7426435075103415 8.580692858475809
1.1693410685615662 2.0263182965424607 5.626773063195502
1.1723159060174757 1.9758680860175755 8.638335116726061
1.1720876123855224 2.8097395188874086 8.629696011519169
1.1746082370497681 2.3993263056909186 7.120721688584986
1.1761439789283066 2.8362898823960268 8.331750506881596
1.1694067495609533 2.5376998698150786 7.84764506191169
1.1702769113518574 2.0045092800499678 8.874818497435273
1.1704142121074175 2.579440727756035 7.579343609574167
1.1633033452822326 2.05221298725649 6.47535071526136
1.177541385000987 2.4176479813326472 8.010691129587054
1.1721108223220393 2.2986954888965205 8.977779669375929
1.1777372584450536 2.398785944050661 8.16705303777335
1.1738379473529537 2.7978816096249264 7.614495728705599
1.1639082258426703 2.000280420432472 7.331161489823735
1.1770575760203765 2.4890875035749755 7.991000786969753
1.1768855405315024 2.191443699577107 6.8374136715437075
1.1725603113747929 2.294682747422259 9.016354815518426
1.1767681025700294 2.565697927973046 8.179168363119008
1.1717739411562975 2.6859037374603285 7.591089477392927
1.1727722855446565 2.2211331393526503 9.117669745736878
1.1685667611626904 2.3871839783241513 7.614191158292979
1.1784562257758804 2.268288125320787 8.384362366249322
1.1706904496655781 2.7247598782706905 8.001972563565554
1.17047000573214 2.2425246120433346 8.812991339953461
1.1768479369844398 2.540946995940666 8.159500618158303
1.1629285864355847 2.042136026037188 7.339001141012201
1.172744419699601 2.1448143099282917 6.213859946454644
1.1721287645660712 2.6790083076652658 7.573287327022687
1.1748178273160774 1.9510291128600055 7.2699756839411265
1.1718665444301206 2.8919765852958497 7.86391239766199
1.1695754187708152 2.3901811803866293 7.303078042428751
1.1703187097522874 2.4401518857353635 7.348087710004192
1.167934756118871 2.0338630697912183 8.657065666190517
1.1794851495619563 2.0156218290889165 8.508303699257391
1.1693381908471197 2.279891885219394 6.925494053099657
1.17534806890641 2.3462088394182046 8.995313316141674
1.1735469449290385 2.869234406684674 7.725507705900657
1.1770258001844236 2.0220925610503317 9.147313065402034
1.1728451560355895 2.269009636753992 9.037122443558012
1.173572167227297 2.7948723272716123 7.673425883090578
1.1765856489223157 2.515600347115221 8.509117408059806
1.1735407463443788 2.8929570847207877 8.662737624927846
1.176555725053796 2.574411861955765 8.271091583981141
1.1645437472636662 2.0349661402500385 7.89137213658482
1.1746702661248785 2.793591812811928 8.661714964656092
1.1768767348580376 2.1642955131163824 9.07679818058139
1.1658710279130737 2.1744883976818237 7.70091767593585
1.1719724442911665 2.307364545830544 8.902176938461594
1.1744126379702267 2.6528860628721977 8.782251246682373
1.175916844581196 2.7402099050850315 8.229816006881167
1.1732078521353564 2.806824892543606 8.640369295768656
1.170301362943344 2.020408768657839 5.642201605312735
1.170822834177586 2.671459266228757 8.050600911234095
1.1713477282721072 2.3923850192195397 7.146361193447728
1.1710800027051846 2.719727953232295 8.125492346241236
1.1705964397779043 2.588678463166991 7.761245385309964
1.1756117755615065 1.9651158061756588 8.21182811815929
1.1753090914752078 2.354685351611033 8.943405138180488
1.1670897606130337 2.1273878955535857 6.446419711905454
1.166237784387712 2.192815861663277 7.286507875874008
1.1791494372591886 2.1334083027082493 7.389846424847679
1.1712992015667452 2.386539545158743 7.157893637499942
1.1757841812799126 2.754381187530732 8.225836068827983
1.1752234722228723 2.186268122390179 9.166479709092965
1.1752234722228723 2.186268122390179 9.166479709092965
1.1719401616259997 2.6117732677858374 8.55133885878097
1.1650297616739786 2.1264881352243283 6.975888101635533
1.174976451608661 2.8661702109365175 8.033185857769581
1.1707843043788175 2.5968470292301156 7.864115888947797
1.1682239665172818 2.2630135382735026 8.139304117545974
1.1723907159359408 2.2732453230406504 6.787448890086873
1.1735498516987208 2.2403586378315965 6.68776491276153
1.1716251819959782 2.593032664759849 8.472729814776802
1.169464077814677 2.170791071949892 6.472186621527884
1.1723590927419452 2.5559635646690726 8.627189932574469
1.1783846210750875 2.0496215764776164 6.485651873585256
1.1661422757558582 2.0501691500966883 8.269881809467957
1.1796582180763013 2.0583225885546383 7.139572653124821
1.1739859988863628 2.270124636090041 6.8202398235471815
1.1656900978984168 2.130536645456434 7.831655736276101
1.1726533623520814 2.5130826742169194 7.4282410515298345
1.1733203185806491 2.0290111061772884 5.711808407364144
1.1692946807867861 2.3086749743812174 8.340256302492275
1.1765003077034497 2.20986081734298 8.980530919541078
1.1747552909468988 2.888568775609593 8.196917703091573
1.1713342547101169 2.633751272876833 8.183256118116182
1.1665549520671528 2.1778162024586516 7.042414786568745
1.170687378510792 2.2519027637273425 6.797400967924313
1.166235726869312 2.0751147872866467 8.229475852979828
1.1635550682637648 2.052460404599292 7.3963017449587625
1.1710206554317522 2.4322696560531885 7.38407105191888
1.1732063548195484 2.60852833173716 7.612866277093813
1.1758310256367301 2.0180645633182097 5.934859207855215
1.1698998076192888 2.1597488685248507 6.4234806406592995
1.1758840633018945 2.5548243453344988 7.958291034825329
1.1736108258898978 2.588639403720934 8.670056295340617
1.1743107003980378 2.191843604986396 6.571358348676696
1.1751794647679443 2.4387334930667457 7.469691166119295
1.1788225769666982 2.140296937704217 8.530024677838435
1.1729692577902755 2.646803801025505 8.537743247584457
1.163518752917417 2.013385283829767 7.039138756974532
1.1760136646900623 2.437456684270132 7.697945487989589
1.1757716715599285 1.9664029940930643 8.142710917497412
1.1798816220629689 2.0634382096821264 7.6683487759090845
1.1678870332210447 2.1059605308862213 8.477019115281939
1.1743820038669577 1.9578310619641224 7.821440073160423
1.1744730626572424 2.6241485707799823 8.588386655159988
1.1666440278983954 2.131610443284096 6.651583615764073
1.1757001220160526 2.243731692067448 8.957922640256301
1.1756844269427205 2.227096083314342 8.983339725771817
1.1775176374947676 2.211616231312777 7.288146574998509
1.1725809814789596 2.4576849316700495 7.3904709490068985
1.1692520865905662 2.370435629862885 7.811402897678487
1.1757731652610395 2.2179237916549845 6.899164202792564
1.172044885789989 2.5681592410701244 7.725557960283844
1.172190028649387 2.631098756511849 7.857902652628246
1.1761956897912709 2.4497596810428153 7.999703367490396
1.1728175243566368 2.5465990398519818 8.521431054642722
1.1765967267343065 2.1496847696719468 8.995533635417617
1.1733885029321338 2.6389040477940755 8.4540796102091
1.177402310981531 2.2557901509017637 7.525361036930287
1.1686880888274072 2.1724641837775884 8.42818865675675
1.1683621010679388 2.202828510324018 6.922211589578053
1.17733579438524 2.1733139607861047 8.816570763323154
1.172792636328432 2.669359765674022 7.957541595021542
1.1724407427670345 2.4559349815407683 7.447104169209872
1.174699987195582 2.4002943493374813 8.728712720409114
1.165783216510874 2.1400915180655566 7.453319027569027
1.1654837696278486 1.9872616475451894 6.859249996368824
1.177690798613696 1.9741136002428894 7.277423824688059
1.1757989251160077 2.5066856350137003 8.106982065230282
1.1667047480004025 2.111818112163402 8.114713125460817
1.1720849657500771 2.4066126288895653 8.557545822268418
1.1707743866764666 2.070200508539311 8.962001635269072
1.173465772112103 2.6493948087246713 7.92960544484975
1.1741517964493506 2.638976040419583 7.90231247114955
1.175599504699731 2.5181753328246756 8.205532381103971
1.171988846224652 2.008417812684516 8.914773633539504
1.1740081843358936 2.4774430831804475 8.629930133066242
1.1688038502534892 2.266790883750918 8.068293010582419
1.1704878444020785 2.4261814047217793 7.828830154064619
1.1737291761532993 2.0823114617029637 6.041926431625983
1.1687835159838635 2.1924279493587253 8.34575539587147
1.1697501526858003 2.3634240279986924 7.913436635312207
1.1680591704961358 2.2407170325211534 7.46583548692659
1.1774842120170987 2.013482101762057 6.34315129461959
1.1727486397298503 2.478908372261015 8.500532212236399
1.1784034053783485 2.037248635758531 8.786560557000886
1.1711239449010324 1.9593299736141692 7.418747540368509
1.175063370446701 2.084372663921613 6.175500422774389
1.1726730543442572 1.959167818560876 6.617587706411024
1.173161542481017 2.3736024513934972 8.695411400653963
1.1768674740387393 2.1834048904442627 7.0505911984159155
1.1702091814765332 2.3922577117723773 7.858508687163871
1.1779436549747677 2.2266068557624448 7.885324441308189
1.1773364275560239 2.223538345261025 7.4151936756725405
1.1680716692022919 1.97110061800307 6.754258861873447
1.172037619161886 2.285109130386587 8.692266145001405
1.179153681151551 2.1111397874790367 7.695278796583688
1.179370945432748 2.0713527112630046 8.273141752035588
1.1704350165559847 2.3952744062917866 7.737332955543982
1.1677835307718911 2.2060110064452854 7.295591240517332
1.172108905903907 2.5228731445532846 8.157673999455373
1.1724377652089601 2.4050659727803203 7.420730498209899
1.175109771009969 2.4996434715800557 8.333464814118626
1.1702265007069836 2.374206971338079 7.869594149963433
1.17018917645752 2.0550619295704733 8.850443189600899
1.1641257701052585 2.0189434475509707 6.832198124220225
1.1750825174098276 2.176682310447474 8.982208472695106
1.167835451814659 1.9747845445910739 7.258207256832371
1.175625759513787 2.4200396931820687 8.382916488715098
1.1736440968313135 2.3936347868856203 8.628200663498436
1.175251776586573 2.3943951649121793 7.623395934384494
1.1733982884834244 2.5681070520461247 7.99665746556116
1.1726970957032103 2.3936933043032877 7.40916364272962
1.1759125588368486 2.2216796061663695 8.818575632482421
1.1781573575202235 1.9824172467693377 7.4449053559247105
1.1758179790860481 2.4155820711690454 8.250427467371512
1.1668458813837443 2.153685260207946 7.699145477121066
1.1720618447624773 2.2538822448891187 6.929750386145477
1.1714865807236428 2.2254725764446 6.82474320995567
1.1758077235904207 2.2580834579978526 8.735222606510845
1.1660823021133746 2.0453719095207124 8.012355959975622
1.1776590086726364 1.9805158645988377 7.034611121464328
1.177483414227881 2.229503312235994 7.72508358908798
1.1777382700424377 2.210601428119102 7.704478817466574
1.1691948877664085 2.126539901328681 8.536813250323128
1.1786946003191563 1.9912832136759444 7.57259108066679
1.1687929140970998 2.26055787011989 7.556302651626442
1.1758246081069426 2.2603901972450893 7.257093587933802
1.173406692142998 2.504342116006823 8.288307856626103
1.166473994313099 2.0243137095681334 8.027923526160059
1.173734455401603 2.482310361236133 8.398727181195035
1.1752812467371971 2.4455255113567884 8.103509757999104
1.17361619941269 2.5272360041259954 8.005000457067268
1.1743907903426134 2.443487660698798 7.704337205434491
1.1747487879858394 2.4636122561975964 7.907731895366261
1.1677951732902918 2.170301231106766 7.0888686407114285
1.1736462735387687 2.3426860521439457 7.3194220584295735
1.1756237258173972 2.3466930090852904 8.458516615699804
1.1745261685520123 2.282848777656908 7.170108764836595
1.1741957178598244 2.507375864497087 8.198504419774522
1.17506919741911 2.1718928843348526 6.750423486142431
1.1731650282164394 2.4993944964264863 8.095110505071517
1.177614880238952 2.2080125071087844 7.734565463905275
1.1739094342878111 2.2751004326407838 8.751411029233534
1.171084472961713 2.2824477453336387 7.197696006609661
1.1728265584204962 2.456217832515039 7.85906284312038
1.1679055632006452 2.1383204060033116 8.08643072328173
1.1716986871713901 2.1025273985627635 6.215735720053278
1.1664328543031772 2.129330265004554 7.417818728750831
1.1724562350933154 2.0020810653574945 5.892111155902938
1.1738582503894501 2.461493550968389 8.221006988535233
1.1786963643908381 2.018162720007081 8.362674248221255
1.1659595396661697 2.1084332973224593 7.185087426908277
1.1716929302981895 2.2319112804850074 6.93783209925439
1.1729566808928706 2.4457406501752676 7.8893007553821235
1.1735319623351999 2.439886630912652 7.783315258221602
1.17312534955351 2.416786404240907 7.689599052216096
1.1725451820945225 2.3768917991238907 8.322297422591326
1.1784037448418578 2.1260172429547746 8.267725395334349
1.174662320256469 2.413739075745468 8.10089068753984
1.1692920952350172 2.147995209551617 8.37406409088341
1.1766341519591605 2.158004642703607 8.694884997098416
1.1744488512275884 2.2872430438904034 8.637998127110901
1.1784311863918515 2.137892809037926 8.010747019208083
1.16904188777107 2.2041241525666426 7.143824061545777
1.1701399451498122 2.2179281148140815 8.296048431547444
1.1741947931720662 2.253449256191228 8.714022575540529
1.1723439253913286 2.2533539690841526 7.067517769143038
1.1697933928740114 2.21154707594735 8.202383518514655
1.1758706272250812 2.1302837638854837 6.716889145757239
1.1725129957438831 2.303018309026836 7.303438652021416
1.1753789341780345 2.2113442682769913 8.687736779266992
1.172616846708243 2.298891427295932 8.440416116762481
1.177011543623195 2.2120422073469523 7.685388875873116
1.17422765635341 2.3997202567924574 8.177862540343831
1.1744703028851409 2.3963795859714736 7.9946117611600105
1.171970952575838 2.3409544933126556 7.592083049272892
1.174430486886787 2.3456958461535113 8.381446100541256
1.1666079113906036 2.1163520656736896 7.236815866263891
1.17668398136794 2.2128347923353218 7.54913256068599
1.1668531150826094 2.001114469377608 7.609760609332332
1.1724814854909211 2.322184057116468 8.302672267315526
1.173184390539343 2.2400773469107103 7.065500080183973
1.1763139836975316 2.1700709466683046 8.598640037110469
1.1740221733039935 2.1349398409391904 8.890186856380998
1.1722127154706097 1.9800288641496415 8.196434124816252
1.1690165477211385 1.9794042925972757 7.560900464176683
1.174136191235344 2.334174993932284 8.352654157479932
1.170098884225386 2.25734144115602 7.764040145891348
1.175164052411789 2.3226913157563596 7.899642915184481
1.1699770627519905 1.9704019843775054 7.214843645296762
1.1674584033348188 2.1197182882050183 7.769000014578804
1.1732066427733052 2.2614660361272545 7.211316415470165
1.1742828132332745 2.3627300221270255 7.880258031788731
1.1708126690685363 2.127065517359541 6.524412953988389
1.1715396918614442 2.220384660496884 8.419050209481748
1.1733537162347139 2.3632080342975943 7.966051609711625
1.1691100780945491 2.2006269240125347 7.377283300471785
1.175572347688566 2.268447481044437 8.27680450731199
1.1726765236861276 2.335681098602542 8.012076110308694
1.1769075981832953 2.107815283487093 8.65948056712374
1.1674243020695227 2.1287727006803108 7.448055673214785
1.1730001834159869 2.0536038768500773 6.074091634551504
1.1759255171057235 2.0927357389094334 8.840112364534514
1.1776775069292245 2.119248889566273 7.308591317904181
1.1771694527832288 1.9838561460491562 7.170628237974594
1.1661260813911603 2.0384327692579727 7.632048333607646
1.169278719453765 2.0821006479625166 6.337118958127695
1.1737691197277773 2.171019921709889 6.8091554576411575
1.1758591419936568 2.2452602349396686 7.64503852942793
1.1708319659847213 2.1934119107648034 7.009495555954624
1.1763478544754986 2.070819973684019 6.54137067284638
1.1720614761673622 1.9719703571038265 7.753134901396024
1.1751268536808863 2.2865625305677426 7.799685387845791
1.170578141676948 2.233299425016107 7.418673318511406
1.167897580137495 2.087056043441666 6.62426603893881
1.173800086105514 2.0875964259954034 6.343706512642358
1.1691472417707347 2.163395626213065 7.911443420654612
1.167768135835514 2.1230407914590814 7.362344164508935
1.1751511795325313 2.1250093298758896 8.740278774792255
1.1765885761297321 2.178225194252535 8.212436606856132
1.17331254868315 2.190147237389481 8.569187265859428
1.1728070552135428 2.2962419969344317 7.747672670641315
1.1785160008741329 2.013385424076187 7.509257522571909
1.176051568003321 2.004530750801976 8.497582930493776
1.1726060170756192 2.18844651404629 8.466028257187016
1.1753508055826112 1.9748582852068821 7.568740609078004
1.168183532077917 2.1328943063086943 7.419624767713282
1.176432124783152 2.1905650009627022 7.715336499940994
1.1751764710713637 2.226893854289051 7.485837892424993
1.1731697238792589 2.006495533562801 6.102319947996978
1.1680615012514173 2.000912090586113 7.666639536006688
1.1778023678851284 2.1156702732624364 7.7608119052622335
1.1693017782270871 2.0119810131502787 8.18930612907773
1.1696661602680027 2.1301074086164133 6.8169517887109095
1.1768073479613694 2.0704251509965665 6.777733958612069
1.1750527084507185 2.206679750422722 8.344817811704909
1.1679491513672469 2.110107618817224 7.1094735246878855
1.1744220137664336 2.166276592544742 8.577749946396338
1.1777102403542332 2.0073357888499377 7.1174759687542455
1.1677835411705908 2.0751220293268897 7.836369353501931
1.170727337090925 2.0138356216068747 6.128353085732881
1.1746749116974449 2.179558303792042 8.4540419010281
1.1724964271533675 2.248302081245969 7.617983457265275
1.1674198835268346 2.0750026387734057 6.837641013149485
1.1736436575106746 2.2620649344228725 7.752954428867758
1.1737327784716207 2.249896431629085 7.574576120617683
1.168990408140993 2.1350486335522927 7.111793710947955
1.1724814591993902 2.2342486022945907 7.485469652142017
1.1701357195352597 2.0172389746789117 6.164305253678084
1.1713281535279485 2.17442127461344 7.089997158646341
1.1749026982723683 2.144299206412284 8.559037483810929
1.1756186003439644 2.0790798928542027 6.607696013603507
1.1698279879293279 1.9805007876255507 7.028425451097217
1.1704676541826222 2.013680749333248 6.167771425779339
1.1730762870815394 2.0689411471099057 8.750322278806768
1.1774592739731544 2.0766096500495173 8.326325804166203
1.1731007386675034 2.18688028394285 7.114501003856562
1.172708124397929 2.238683185740328 7.948148398717848
1.1758030155523886 2.1898583646336123 7.779210860855773
1.171509443563184 2.1508900041697667 6.941125302299181
1.1732960466791837 2.027023456031902 6.178833787408498
1.1771720382645796 1.9963964906875904 7.575576523214433
1.1757817265199975 2.1813499949220487 7.652127054302097
1.1670941429114219 2.0457889733931016 6.773233924535523
1.17140285998519 2.176132083055445 8.10035026131355
1.1688652395902555 2.062652194984824 8.11047132994061
1.1746378566082472 2.1466668596828544 7.021872309734112
1.1677773135804903 2.074557917733241 6.908385309739993
1.177044200623436 2.1094292589692287 8.136170032612622
1.1667735386631506 2.045147183545057 7.0013157286622345
1.1735346018278405 1.976801238217766 6.861102651535639
1.1734431846552236 2.014826736935186 8.571250526167997
1.1733957362543124 2.0879465195926055 8.65950065421864
1.1743675570456626 2.1416825201714436 6.960877961272397
1.1722319808442463 1.9989694236862052 8.259782718828362
1.1778323674601072 2.021940035204385 7.251002439941335
1.1773627427061972 2.0376772086228776 8.281720986214712
1.170867272013954 2.163850843806591 7.905210605008337
1.1723474205202618 2.105266635839215 8.484477758655013
1.1681426911695816 2.087981227659824 7.2599211364010365
1.168787737144538 2.0541211789899414 8.005244838874393
1.17123383334423 2.1094451040676643 6.7436835220913025
1.1715691514167546 2.1068504942525594 8.362142521590245
1.1689479659978104 2.0424203242989885 6.462681762721035
1.1770579820708515 2.0139721092599028 8.039051525072027
1.1714345832807678 2.136726170648319 6.990107160090865
1.1687809223073615 2.0665748053147697 6.6531945435121305
1.1673736125808092 2.048897209534596 7.100858658423679
1.172834017905038 2.022183484903633 8.50947249322607
1.1687834445961636 2.099638537926224 7.638518402304632
1.1701574841293738 2.0562475227226082 8.23968748863878
1.1746543140195578 2.0453877291334654 6.448958691197127
1.1722095168040647 2.155992372304288 7.161215434605454
1.1750390210200807 2.0835252063377525 8.534117367319405
1.1690974797754246 2.103456899724843 7.1242926365949355
1.1712619681707401 2.164597954677096 7.601201087635671
1.1753342849177 1.990195035683736 7.831363166610604
1.171182283109805 2.0008842038868035 6.4423305706401965
1.175676902809005 2.0216503132476324 8.409106809118981
1.1688762888712818 2.0982292080672496 7.543052583865933
1.1733473305852469 2.162937145978389 8.156048418336454
1.1754755962801533 1.9938199479474024 7.909991357367609
1.1734279820093785 2.044687726594029 8.572767963842129
1.169298211583089 2.0854696953975607 7.872931368576467
1.171682978807093 2.1185808161889628 8.204435694147513
1.1712874380466545 2.1416032581576223 7.917712757276636
1.1745785100352921 2.12381715325615 7.055227600397801
1.171147370519503 1.9896037653195875 7.5829035444684365
1.1748472607305112 2.044911216828079 8.52024719309476
1.1691226345873624 2.002752008414577 6.851429740387228
1.1692187776602638 2.0793529450453576 7.779427917580442
1.1688670702884087 2.0545035510884873 6.7593451110122516
1.170160012380444 2.012502353599224 7.916321680606469
1.175062547096597 2.1393446021015317 7.512175136571308
1.1768832360729262 2.0716007514880523 7.391664757134036
1.1719954010778795 1.9991333203348365 7.950814155115085
1.1755336320879826 2.009921736995948 8.155115854015905
1.176721061098005 2.077134227080117 7.906100238644827
1.1715613431654377 2.0248359153874698 8.248126587525435
1.1733149504371418 2.1646206924774365 7.70698597646159
1.1685121105648748 2.061172435487908 7.4412312438833546
1.1724012699800637 2.1260857241915208 7.095891013734512
1.1740586083872138 2.1231271175511255 7.094240372675365
1.173118277385569 2.1370908067226386 7.215666046368602
1.1735927767291883 2.138366416321494 7.277460745086184
1.1768950035132242 2.023175799866416 7.7506295955392535
1.1752643444786623 2.008392208755378 8.076589785686904
1.1756326690208279 2.1149285528893422 7.551008160664644
1.1697292896445695 2.0193656910297286 7.799911704220374
1.1696024929799955 2.060771353616929 7.859783719386304
1.1717486976197942 2.1105323400164155 7.0270817876457805
1.175592619239835 2.1014867596996307 8.082162733373371
1.1754396281136663 2.1123792835930812 7.406532269767707
1.17224219474792 2.1403197275564363 7.781864899116533
1.1758986746392024 2.1037302739509958 7.888219436046388
1.1720704215562594 2.1382686867172804 7.574827414092102
1.1708929026954726 2.0851309237754143 7.970586911211409
1.173688873253091 2.1348410873425765 7.409693395153653
1.1762674741761172 2.023769775675576 7.930318865518327
1.1733441310855672 2.0867764587194744 6.831882065453291
1.1755073375487153 2.070700215191965 7.009161588730382
1.1732997575939907 2.1354808917226342 7.834499185012056
1.1752640423269294 2.1065994540321933 7.937847844253879
1.1703918159204063 2.0127304587989263 7.734673889948885
1.1743529583150205 2.104023868283631 8.11554430201026
1.1758387736134348 2.046883435881652 7.0071335489907725
1.1700196469310964 2.0129601412037115 7.560988945328075
1.170262162210561 2.0493273673328773 6.7862155884529525
1.1693684503785422 2.0381789199521894 6.915549293893015
1.1741841251334524 2.0142830480686995 8.12541145802455
1.1726133945299337 1.9966225866768248 6.981138327097282
1.1735244971047973 1.9930647599787277 7.384476105057908
1.1711266450963325 2.0196910510918133 7.864633931312824
1.1734879136379588 2.108438028020094 7.2237440307463565
1.1702274045437076 2.0528933520614445 6.883342559240212
1.1749850763716772 2.09730144774281 7.8480209177723825
1.1745730417784817 2.107750029410582 7.6508849977257185
1.175148937444682 2.0855959256108925 7.337912020128277
1.1729355108563544 2.1051547730639024 7.809275835951343
1.1738131329407306 2.0155396135351586 6.765784481515542
1.1733171923291468 2.106324902271931 7.7258425674728155
1.17535925839906 2.0604687435434057 7.17219562864531
1.173227496155214 2.059905357005306 8.133236367677805
1.1720424931380344 2.0055342676124024 6.994003405744454
1.1725376643501497 2.0420430504098452 6.767304751528249
1.172195400138298 2.0191017829095754 6.868601805469456
1.170800264626911 2.03643931987478 7.511839506145684
1.1748662057802226 2.033831551904754 7.850499714790542
1.1735627194619649 2.0338187073895186 7.97377886587387
1.1743377880786567 2.048621232733095 7.977971010021754
1.1751554590928035 2.023054869974193 7.487984693491278
1.170767776749459 2.038528362317537 7.226163541945807
1.1733737199695187 2.0756442379977087 7.729502350525113
1.1743068385913664 2.0323108932056018 7.130089672684566
1.1733197653624108 2.070073652089179 7.388345857115883
1.1740296942929889 2.051593842276496 7.156049583938444
1.1732829579545703 2.067112142959748 7.500703912526788
1.1730216984150514 2.0342705669076855 7.0534225899480205
1.1720938445095985 2.0360422006779495 7.505223091279584
1.1739245979118107 2.056990986287815 7.291281031017295
