alpha mmin delta_m
8.387678198634369 0.900147508101433 0.9525518199290265
11.079648992257066 1.0839909449472207 0.4916316169225956
10.564591003549333 0.9478062439535359 0.9777035228568146
4.557634936349112 1.0557751865455733 0.2865301190562685
6.375013826504821 0.9403431370430729 0.6489319729043919
7.4303654277468745 0.9852115318191653 0.5332737627821839
11.528984423690769 1.0150132577608013 0.8000831614885433
4.953340573258043 1.1295206552408597 0.08441823147305391
6.751521779015556 1.1265374015312495 0.11963467212236534
8.93609640310104 1.1362357391222617 0.3154645687761319
4.447309117001245 1.1034243434914037 0.1939581183299278
10.122515621460211 1.0859010326676273 0.6018971700380346
8.419335584608879 1.1045222169158095 0.24539271530404222
10.327875680215165 1.0657468775827377 0.5117356665115742
8.396961536118157 0.9260113679438076 0.8991086976239548
8.827783006084037 1.1428815500808205 0.2536199369983519
5.555122506362395 1.1437966187422597 0.23419143220549882
4.594035351873329 1.0969341967475592 0.2789293551210536
11.726241845299228 1.021573673287616 0.8217844067314201
10.3451636853464 1.0310380569424056 0.6360371814639433
10.3451636853464 1.0310380569424056 0.6360371814639433
11.296309663377148 1.050508301650014 0.6935893825162308
10.38056269039361 1.0816485736169839 0.5849202306647617
9.776733725218675 0.9490459647251127 0.93818925369712
7.644720269175702 0.9348166623368303 0.8078053886600639
11.99403689702168 1.0370815919595757 0.982796932508641
8.102163450354938 1.0187860904487152 0.4826129429764657
7.748816523812421 1.0666096733726693 0.31258573053509525
5.303804015870696 1.0023937501454803 0.5424382339438178
6.105853006627594 1.0403744226475014 0.3147611121655218
10.251562339343174 0.949916476808276 0.9956273845959386
10.860615168725701 1.0558078570817253 0.7731560268103687
5.693950512712046 0.9693232520792204 0.6004519236174333
10.832887837080566 1.0595828700567398 0.7293009281524672
11.414139582236555 1.0149556497397318 0.8391674493940807
6.357160098081231 0.9574853072208696 0.6322177063760089
6.918016367755879 0.9776484701579027 0.5656618120660676
9.454379367063048 1.1090031956324518 0.4202257443012461
11.141724951356586 1.0503057613036941 0.7658990175522423
8.210225424885152 0.9930674125423005 0.9509527410008177
10.37870375823476 1.02613312438746 0.688263481582957
5.4294208619896125 1.0079453901377835 0.5424859612646079
10.00862200813594 1.0724316885559808 0.6346308084576775
7.647868364850089 0.9822357873618518 0.6066403507674234
7.188484848916881 1.0172892597280296 0.7408089598781166
8.032748483255165 1.0547940280506618 0.3711824757963296
7.436761112730476 0.9272086595198092 0.9000758339542819
7.436761112730476 0.9272086595198092 0.9000758339542819
12.145969380976084 1.0212348384131236 0.95057050848128
7.175215877005723 0.9466432730526293 0.7575969908158136
10.028683443736139 1.064753458607393 0.5324717639643801
8.414238448701083 1.0908891304796517 0.2964969059035221
6.024754302686144 0.9699477518287423 0.5917889545061557
8.905481907659938 1.103351288063974 0.463577900943218
11.19130294465393 1.035693588916645 0.7812574568610317
10.439315310006933 1.0603586422694362 0.6363651970428001
5.076497041035173 1.1304710437749468 0.10901850646194129
5.661056044592625 0.995242410092001 0.47075756076044345
6.6954910325417885 0.9954627296156753 0.493517207775197
7.542911958512304 0.9713573214894546 0.9197861580320023
9.222432513211361 1.0131461358435567 0.6321795621781848
8.948816508128356 1.057434615688072 0.6919812625230969
8.902635471860473 1.1065101797556491 0.29686187444490314
10.567034705799438 1.0515822604890226 0.6755384934313
9.994041466287555 1.0765126923279653 0.5436059561863491
10.100901807020058 1.0503510429983294 0.5978422340593167
7.224001762995959 0.9389610728539094 0.8902664052966485
8.49158703134073 1.0858933246676914 0.5387605440571527
9.63596247264533 1.043517629463843 0.5635415485744013
11.36960164978455 1.0138729620897458 0.8797626696570203
7.849891898765014 0.9868472357460636 0.6176571730912884
7.796609695328163 0.946623885205806 0.8182568064336384
6.016796471479619 1.0235260453324462 0.5844587918757653
8.473986759729938 0.9484513005044048 0.8645349006154819
7.848431674844484 0.9312781418627231 0.9255051473747152
11.542949906535732 1.0278289301487122 0.9000114726950287
7.8182689520599595 0.9391327221279195 0.8696221757402276
8.89271854894926 1.12878725669061 0.2895149024002392
6.618879042935172 0.9663825833146767 0.6389710476579139
8.587765833798837 0.9976552243757155 0.6407231214481113
7.821189091756375 1.0103418823029457 0.5196544987712485
10.522809353138594 1.0235235142325398 0.9676627101380421
9.165083956052575 1.024477439782834 0.8690798992792877
5.567753092604454 1.0983161660133673 0.36238444296403827
5.220505313942766 1.0217304178461222 0.40321392991577276
11.376764128631315 1.0298851944788507 0.9135929009595796
5.0471823759448515 1.0531248787338485 0.31131012361347155
7.043979030816784 0.9841328166928633 0.5712322823056455
8.78292145385522 1.1059331182827243 0.43935115044357115
6.822672696009565 0.9925969703070553 0.5203611569719653
9.523903440018499 0.9454517874693714 0.986160157917632
10.45357980704704 1.0141711832732645 0.7726860278455905
8.301120420032577 1.0335223930516015 0.7592462443355578
7.885505529387368 1.0614536368012615 0.6172386269485667
7.079407293612059 0.9536941576100361 0.8492089220720778
8.532520902421435 1.0355240135812949 0.766388186205264
8.43629409758551 1.013759424015678 0.5620616645817594
10.801458887892254 1.0418169795803278 0.7877435948500229
4.922940887176939 1.0969337670546266 0.295189273719895
5.398207220964462 1.0304534379054164 0.3604788471221053
6.400991894167603 0.9940770287885156 0.6841284270852123
9.251771704205543 1.1110083789199292 0.34840244038125545
9.747332574442403 1.0817576344734992 0.5147364662973364
6.864000476099532 1.0009515722571467 0.7306150364693825
8.803072532651214 0.9446572907803606 0.9248095962060572
8.278354000128125 0.9291912098843078 0.9779185772683928
8.039104402339003 0.999065349897554 0.873751760722641
10.481930969323882 0.9806656354289917 0.9191509732438625
8.562011264094057 0.9992602406694957 0.6385270761885251
10.739428839209431 1.0333660703274663 0.8786127369185732
5.373363469545543 1.0640833042139126 0.4205610307364093
9.712053043756914 1.0756900352047754 0.5659896839225599
8.381615157098556 1.0374666423966967 0.7423116245579688
8.787411518393842 1.048642949698151 0.4662846438496794
10.217784710732122 1.052221192606343 0.6454161878543347
9.616027062243425 1.0434921326838391 0.7764384812127696
6.9984153091454395 1.1036840281567903 0.20461936073057782
9.704102745367255 1.0678809583813622 0.6187952035835769
6.599939061489405 1.0914306843771522 0.21896970351875475
7.118645331665212 1.0649876605719606 0.30547193261201105
9.668984016851383 0.9598235554921906 0.9387713259552497
5.816499671000029 1.0255001867438833 0.37565786684611674
6.61919975454974 1.0819051731762284 0.47269248833788746
7.962866226890126 0.9777180131923668 0.9331323367063372
9.108185001558091 0.9883372967258971 0.7478218512077266
8.432449774013369 0.9959106847829328 0.6467204088370566
8.772554817939179 1.1060056557890119 0.42961870868063395
9.011798801625241 1.1031895296187249 0.435564995048995
7.228066155172714 1.0862641592352118 0.2570890000076733
7.34761646400824 0.9579778540831572 0.8769816729995771
9.453654697846197 1.0243240180953022 0.6333338547414131
10.298619382195259 1.038532718289547 0.8158224500578054
9.6443505038613 1.012007951193176 0.9597328955508555
6.3635018894370035 1.154663029453927 0.08887282434562944
6.696783794630054 1.1558227433684118 0.10981036387431774
5.390483021952194 1.1567995269641342 0.08539536773771655
9.501644298784496 1.0391671564943104 0.7892892327081281
5.564373223630271 1.0364825881422792 0.4895989208553263
10.012908711966922 1.0430303121031166 0.7781754790970522
7.695805007090938 1.0981665386024573 0.2512503526928039
7.326394882635267 0.9539103807651115 0.7998605810055236
8.516809866296846 0.9362629093030455 0.973469635349154
8.517611247075509 0.9496809105763895 0.8924877067358685
8.409127723686419 0.9524702330022947 0.867831217950191
6.499807115893427 1.0866857790901423 0.4485317605767414
8.287239783080008 1.009147589666247 0.8452518253314466
8.422187511505033 0.9903003678995971 0.9378316718777238
8.234141194530086 1.1062507733730405 0.429578921912521
6.571248999982041 1.1417223079965033 0.2539836173848882
8.18670042879056 1.0690101665746692 0.5879439527342614
11.22794917139571 1.0202127692039502 0.9639559042852771
10.008565968680873 1.0457485179992507 0.6403612956892992
6.308154669352323 1.0952333746749103 0.4113077059103363
10.08873762398019 0.9935489165473834 0.8376703943064858
9.110052784051737 0.9981172035448934 0.976929944056922
9.944203468098376 0.9918466125138766 0.8299269614617186
7.651814439689677 1.067664080253628 0.5695828676412792
5.620510602002746 1.0088878700192558 0.5172410268777594
9.938792047814683 1.050023386210605 0.7128771448925171
8.042706729883927 0.9365607234940704 0.9994626932601907
9.428719550768111 1.0116281424328484 0.9333595415228365
6.353943518825595 0.9787632865229817 0.6185651044329896
7.957318744302924 1.0634485348722205 0.5991282060591506
5.903769072865803 1.0325318502440282 0.36106627127172797
9.011671297077758 0.9918615702487648 0.9945495113945144
10.49183943644058 0.9945594617976934 0.883998551103614
8.477554302292214 1.0885705664460437 0.3235971164911533
9.848005349321996 0.9558642936263659 0.9946276523738748
7.023314301415246 0.964773817328148 0.747435844587437
8.840889232049282 1.1037522063278278 0.31730435501616394
11.034615146584475 0.9986741886521985 0.9393401668938659
9.644255234442603 1.008967330333482 0.9613700873255752
6.033883580655083 1.1551868902697435 0.14709037496570337
8.633299491172753 1.1285130603194418 0.28684425359209803
8.678687302744835 0.9532910601553732 0.9003043541298144
6.053527448360722 1.0670158118931328 0.46938040689489535
10.685249474252323 1.0192909585968115 0.9526440284153411
9.461432150895101 1.066786436879751 0.6057392163078109
9.348774394294903 0.9875173426257778 0.7928771355043501
7.084865873373316 1.0336567288007383 0.6430863507561574
7.732266341440356 1.0294333069498816 0.4582848745699637
10.29460122069087 1.023443168509116 0.9021510260904617
9.259950665122854 1.0090191968293571 0.9243893130076605
8.451403454568299 1.0248781095578454 0.7824817901760421
10.404958787797725 1.0329904643670325 0.7719744645994758
5.146209611464908 1.0441393797973033 0.36840569792587496
5.18493209160169 1.1071902418950725 0.2911787156965879
5.114468883011003 1.0488611392277951 0.37467586150446497
8.669218612606405 1.0051427323887312 0.886342304392784
9.34085639800075 1.0861224774517229 0.479127587070666
9.696002199108152 0.96769512235633 0.9281944379607894
9.08151861486102 1.0782668634071837 0.5470745161358608
7.824415503452412 0.9798090820941419 0.8797593833897553
10.211002138828567 0.9971517929772826 0.8519480630078617
7.0383176548939055 1.1234466158407785 0.1698024513656719
5.323931216636501 1.1519103985728436 0.1021315981551756
9.080078348423008 1.0024793960327882 0.7034607739135028
5.302109003651044 1.0610433163332458 0.4019480821634338
7.600787458107721 0.9596589425714677 0.8691215455838006
9.395132614164488 1.0193214019072945 0.6681781961892719
6.797192750287694 1.1494914070498488 0.12026653335846495
7.164148283450514 1.1245842905759256 0.17358981400502987
8.503821266688831 1.0245610220905919 0.7829788155914026
7.256229503995485 0.987873147807058 0.6036505084349424
9.41549893332065 1.0611846506558598 0.5228822593213208
9.397035372826004 1.0434976426785278 0.7338199741857079
10.618699354889076 0.984972685399787 0.9572682516042759
7.001329572681817 0.9968112175379288 0.5435131369740335
9.297403193396995 1.0718058215158637 0.5680641241600861
10.363692041807184 0.9780526390521075 0.959079524722136
9.032415363056653 1.0286093642641467 0.592177479295495
6.078061902966583 1.0182271349078804 0.41732646214259606
7.2919004059106065 0.9867642870440154 0.7804352556592309
6.892014558884755 0.988743563670489 0.7195406678034518
6.747678322902033 1.0576838132152693 0.5412233661078202
5.271090037714984 1.1305342700891046 0.22260625663126798
7.084817058639137 1.0427802946092453 0.6090611005011014
9.31871608441566 1.0301309874130942 0.6216274749433504
9.320577999349625 1.0041059336235485 0.9439039466389759
7.7986167035010165 1.1189920228523709 0.3633802527690905
7.647002248846398 0.9919486039698963 0.812476601784434
7.686587932165905 1.1073171839607392 0.4106270288559277
7.303598066320408 1.0213444113697951 0.6904406306129116
7.200029738934907 1.008987725238806 0.7145868149912801
9.233419731342138 1.0635739371793085 0.612723136415933
9.747513940491903 1.0400781230140101 0.6513683938743522
8.221972000463317 0.9769849990841373 0.7503481715036361
9.80013971657628 1.038110339774007 0.7614108598890236
11.109761790067594 0.9985424717317071 0.9793733019670237
9.473924336056465 1.019050906981867 0.6884004614476081
7.512360733235324 1.0167565832905316 0.7215978531757542
7.108262580084778 0.9840074186733526 0.7499130363196778
7.293211497868059 1.0572232761223255 0.5750974500005467
7.099188423225812 1.1141356130332065 0.3712611320688576
5.9055918232668905 1.1539307415908673 0.14016492902586278
8.830634862534556 0.9664772273401728 0.8675605920584074
9.776660483992769 0.9989338115911555 0.8101008270225033
6.144877514028536 1.000436198843593 0.5840526090492498
9.83513745800111 1.030876521771905 0.7024349303400119
8.911452427144111 1.012789903508168 0.8559680269028328
7.928424458675089 0.9667121514866648 0.9006408132424197
8.008976608290283 1.0050313675096265 0.5951512659357976
7.8902403109026675 1.007206520828642 0.7855258667563172
7.5010262218134915 0.9693778065709904 0.763582543329432
9.59165114299508 1.0537258328732249 0.6369972084943563
9.693357068647103 1.001653032843261 0.7913722205748874
9.303083328462018 1.0479478804197706 0.6917174918362233
6.672524679255735 1.0547938219199506 0.5396666899826879
7.739059826573969 0.9642339972446103 0.8213586413666635
7.362310533182866 0.9936454510624433 0.5951693736554071
9.271530479821077 1.0406009081111163 0.5862280265614651
8.098443187458498 0.9594351481658484 0.9333284797208904
10.943092085699675 1.0074921119502769 0.9648748846166925
8.010740411045644 0.9959158813713422 0.8333608349423571
8.280602236662597 1.1002647348701382 0.4398594037635207
7.895423535641941 1.0590620329410767 0.37867493360983184
5.349030557415677 1.1354969979395717 0.20529289929408717
8.340818167959176 1.1315194676669316 0.26313302176805936
10.608043231690228 1.0132344965989626 0.8988118565204332
9.930476773719725 1.0341631336578836 0.731715509953528
6.6747432932188016 1.12216070324433 0.32859709590130154
7.629551844821858 0.9767441159900137 0.8282626547035583
10.076222822680329 1.017556938577745 0.8947436925766473
8.127460305232134 0.9640023408962497 0.9282726773720194
7.966749978200596 1.0265072760319063 0.5024106767694263
7.979411686943637 0.9734445503308052 0.8871574624643315
7.269992042179709 0.9778196800280152 0.6966064622477809
9.522382611700518 1.0080103699151928 0.92159563889882
7.037684860249119 1.0025378383858297 0.699941336205445
6.048942909744795 1.000879859630072 0.5431485713354576
7.8229116333731845 0.987772050871095 0.670185362052074
6.726360102967501 1.1405515054306457 0.25144078081354215
9.806897191295006 1.0328270303329594 0.7089776319670447
10.368290421699971 1.0171217872780316 0.8673033412174223
8.023232115740145 1.059175416843773 0.599765979342795
8.11359680047982 0.9750950065295552 0.7695133024530805
10.843607739547211 1.003877718452443 0.9591812545593615
5.027101561009873 1.1141328670963804 0.19592658397986587
8.104214623975388 0.9675165499826549 0.8196514271542248
7.088434138532616 1.0814231914588421 0.48095621456140925
8.627685527250112 1.0475099107267527 0.6711496997646165
8.943754710549666 0.9861613030215246 0.9722861827160697
6.945914503980067 0.9933759096684215 0.6985251278809248
6.491333095471203 1.0699560918946383 0.2824085860506219
9.368484182351851 1.029272235209194 0.787129310229096
10.46298595510749 1.0105720030733625 0.9420669013067579
7.674412350430577 0.972597093270182 0.7678575535450916
10.15444615155594 1.0071083189389003 0.9640525167121767
8.802567159581764 1.075999684313513 0.4085774735786123
9.551399056580447 0.9967888015210166 0.8081221068179478
7.056469323720513 0.9824361712124403 0.7087578189909678
8.643619826912172 1.0493947454097479 0.660282665675254
6.623301427719623 1.0152393456756834 0.4570405689224003
7.939912445528076 1.0286927367192127 0.4951218535370361
9.994033188536925 1.022124744225563 0.8353836436172698
8.07565486549729 0.9708824065813765 0.8047404981843065
8.393009888313376 0.9575531853909066 0.9452350171110481
8.93623089477422 1.040679795268719 0.5525687074078073
9.181392564516791 1.0362690458768284 0.6026355601871038
10.055651898716958 0.9994732552405191 0.8636732500941254
7.497195021282094 0.9800899755109775 0.7056170603110212
9.023733116692249 0.9750172816917373 0.8624674096000936
8.460449906607629 0.9699285220266879 0.954552235048428
8.754665806523397 1.0365497626106979 0.7194177777285271
9.02544622448435 0.9934333112692928 0.9389247662282226
9.735067745579515 1.0250598016714296 0.8088004237522367
7.898986372504918 0.9721525912317308 0.845620158083681
10.665898919668141 0.9967055059652645 0.9650370107281003
7.289475652469065 1.0032442988299743 0.7176613784458369
7.255147783943775 0.9878331009509024 0.7356624146857451
8.08394654475046 1.0102474122114595 0.7779052263364155
6.986331374060898 1.0495759230528274 0.569222777311975
9.159631836664435 0.9982359284114335 0.9262785573932756
6.459886662396357 0.994751152653724 0.594780219520027
9.508081483616309 0.9956438092445534 0.8181083316298786
6.614080352351291 0.9997268722734501 0.6353220656899174
9.460086402451662 0.9857760300034603 0.8592320701774091
8.09522347903727 0.9956785365401822 0.8245949005391455
8.909930410147016 1.0933781051472586 0.43616251965796965
9.77645612100242 1.0172035263296768 0.855279716610387
7.81580392575718 0.9940267014748442 0.6499473064323881
5.857649011343726 1.0144553063264885 0.46335039730408206
9.416189536306227 1.0314898977534457 0.6678882993517756
8.722063208126691 1.11185734961788 0.33113407480987583
8.637224135098599 1.0045548686241008 0.8451278141281349
9.209704210079867 1.053314656463335 0.6315821151306861
7.171371487167317 0.998658242448892 0.70698924532701
6.718689770871421 1.1502040021187714 0.16964641007127684
9.202660265168195 1.0063258166453004 0.7400155879729376
9.57277584345356 1.0152486085301737 0.7529814557417318
7.267845642959472 1.0117609823121219 0.517676402492431
9.064057382811216 1.060062452413766 0.5112231220025073
7.735688054071577 1.1396685734610175 0.2341334417568636
8.335327969101304 1.077006044772517 0.5270557032043804
8.459412403143315 0.9709196727120574 0.9276822237522675
7.688797553657768 0.9904782679143396 0.6655446100641821
9.037103528639978 1.0729568608318134 0.5283173869397144
9.37468765298015 1.0459701731142677 0.6423218713459838
8.587605906252717 1.1179501697816352 0.31425919227283583
5.447627163229621 1.0855077733692184 0.23816662028618504
9.024535195149419 1.0783337442383139 0.4539510219245987
8.212484239520412 0.9942623163695804 0.833207011213971
9.222031701787186 1.023564686300955 0.6744663728816745
9.074626008412917 1.072390401883325 0.48309184414428946
7.564163711325685 1.114368616779166 0.36935737031897964
7.519956809403437 1.1171868890388192 0.21687535353326653
9.847207431188007 1.0019989245490015 0.8514269977010311
7.835232324821973 1.074841687108711 0.5237937296361623
7.7155811102489675 0.9805965332101312 0.7586687045992275
6.313684909671558 1.145150139583935 0.11812608782425803
7.228150988429537 0.9978609912462768 0.5891592826828341
8.850036949980371 1.0794358451536123 0.505620144626411
8.917653194697234 1.0808312941077922 0.4929218191570235
8.08585840099114 1.0146931395410221 0.7523010819063343
9.741634096511643 0.989042642222521 0.8931630518407364
8.918115263026216 1.0422768212759626 0.5591820852787464
10.01935155430292 0.987832531384721 0.934620506321786
8.69467326294309 1.0916952658687264 0.45288279349577526
8.567240867138912 1.0413782150859276 0.6774422630385528
8.938794606191468 1.0432515191971583 0.5592360851173351
10.339450018724405 0.9965605907091065 0.997577525022499
10.08423984386058 1.003458237940743 0.9148326484012445
9.379655698096128 1.0361766821167364 0.6984717149122593
9.395652225899353 0.9747929618742628 0.9286179021166775
9.395652225899353 0.9747929618742628 0.9286179021166775
10.22111177525787 0.99868135847471 0.9417071950292992
9.82547099469555 1.01025774720922 0.8630259506648971
7.363657677940807 1.030301977441322 0.6439870441901759
6.945408594860185 1.00570095679174 0.5311356539420256
6.764578226898921 1.0176786072238122 0.46520362465030923
8.21906456292172 1.0463292304853962 0.6421252803662159
9.23579622090878 1.025635969876327 0.6774934054403294
9.169079820372188 1.0281976336843388 0.6568505616019172
8.00520703933034 1.0099630931925474 0.5982637262566741
5.55976229504345 1.077179747164394 0.25971387769102644
5.844579592843839 1.0696760450996006 0.42514250711044843
9.267978296125044 1.0436888213128332 0.6546632190236769
8.093681136342756 0.9789795426629094 0.8158446157978816
8.699522074384394 1.081660329010051 0.3936001526240338
5.855808792124401 1.053686067659974 0.4586418224184213
8.213494943360075 1.0119769016357254 0.6107208134607988
9.349232192321672 1.0195437163542784 0.7222432688671303
8.567662468050935 1.0621024597990483 0.5857900597041972
8.266931803291904 0.9896053408267885 0.7369671378395946
7.891196948873699 0.9845859337365257 0.7940189979856105
8.26442308971583 1.0579058177507774 0.597024919137724
9.614638707546339 1.000776765032848 0.9209174995809887
7.242356516624097 1.0262668521865286 0.6435142171637411
8.178585066283436 1.1036008575093106 0.41091970611166423
6.990450745884063 1.0281614440603402 0.4376379180786104
7.2886595602084885 1.0286230076658431 0.6406708184021082
9.847253829061168 0.9957589152342343 0.8939923404662291
8.482455172308276 0.9789432203759596 0.8864129844172776
9.693896107034146 0.9803137918920934 0.940829149461283
8.552382724871267 1.1159242969225704 0.31092816294757014
8.171892028724061 1.127476011006653 0.29381166016299537
9.672985130950739 0.9789187716858317 0.9461036823782859
7.340561558062625 1.1180826987394434 0.20827811528524584
9.768343059776461 0.9999801013251091 0.9283576700435892
9.020425165777109 1.035345945093535 0.7082913774451619
6.344660155499774 1.1476758936537153 0.18544274500470737
9.562501188251035 1.000963168518843 0.9091370216680039
6.062175482201091 1.0328231997746955 0.38868391119938006
8.982712194335024 1.0190616941963258 0.785557215449454
8.788940687239528 1.0806996546655545 0.413587896513124
6.843369592498199 1.0318214506957766 0.5939887054162565
9.52887572446127 1.0156631645799707 0.8050616345947015
6.9580043807293634 1.0482888992908235 0.3683643067995168
7.1836621764884985 1.0059461085513328 0.5511244992375948
8.543213826214044 1.0663889259642008 0.5637627509721072
8.457750069718431 1.0050307407047132 0.8059727783426697
9.23475592659181 1.0344911244700903 0.6612551057814205
10.000041195678795 0.9934302946739288 0.9411999325525092
6.6925756449599785 1.0001617530531943 0.6146675023617656
9.125763395118698 1.008136423271207 0.7466257521836133
8.525311991934664 1.0110629770086792 0.656326871846361
9.528095486149319 0.983897546998317 0.9981350743868662
9.455575027060208 1.000134443281743 0.9004003132256828
7.869421474170261 1.0472493704910841 0.6176643921675952
9.32193462967151 0.9732230271398298 0.9531569662695578
8.141762080609887 1.0000990405981929 0.6724024671934711
5.929300011579375 1.0666514812163403 0.2880251094194107
6.833793918926167 1.0057595702977906 0.6358213277131
9.183805627525292 1.0336961376216647 0.6571174793393768
8.715514293844816 0.982541821168651 0.841234914130936
9.17461686752707 0.9985434955505904 0.8869190458793191
7.422029348147143 1.0850750216240725 0.2891334671981472
8.02270477443098 1.0686649360733667 0.5453493790095939
8.651334436745033 1.1062477536393445 0.3662767946677449
7.96483910211631 0.99098367331048 0.7148736897261219
7.806865502977745 1.0045811154533117 0.6149017841735486
8.127547834310047 0.9894488879787876 0.8068121592451248
9.567199217079292 0.993617070270963 0.939330328808538
9.504334418281381 0.9832312868376938 0.9212875626444006
5.97706966213088 1.0244089171787691 0.4244550869716827
9.948111802392411 0.9779869350699232 0.9978334561814206
6.075946422932203 1.0414925609505632 0.36228510204393366
9.150584313421948 1.0134902564476402 0.8093618013259375
8.99737565528005 1.064878897965586 0.5387388683615788
8.851560937920674 1.0876496389864556 0.4263133599579136
9.246975766346816 1.0270339321723325 0.7058759083332189
6.5710459553540765 1.0139005151371192 0.5940404169824495
8.051390085236113 1.0436126705444653 0.6367098615899806
6.662021756337504 1.0108440276143524 0.5000851941150455
8.235400705550699 1.007555624740579 0.6464234458844872
9.315416866206792 0.9752050671051353 0.9915788432135726
7.432902309408995 1.0047813599195183 0.5828256210703565
6.375004237153123 1.0085651827305067 0.5643890065810827
9.315859210115566 1.0140935814105108 0.7681781115544029
8.380867644928736 0.9909117517246168 0.7616654583147097
5.4102180565050215 1.0715234797639743 0.28632344498667794
9.227173379586645 0.9851809987083754 0.9395950855812143
8.341238398983483 1.1033355174191608 0.3039661688097917
8.983794118323921 1.0390455836709296 0.6031331005655057
8.603701009837625 1.02081510742183 0.7485962431205241
5.166674470554501 1.1128284717116035 0.22894257979010604
8.127926398550688 0.9883753797193324 0.790902963285258
5.717773297775842 1.0372688751494858 0.3821857014454491
8.00244245573863 1.132109889916322 0.2505857702857328
6.714384443749093 1.115248554385049 0.34355089167100084
6.841151637115088 1.0915239494468318 0.24901120994027037
7.371633145246797 1.0128855308375835 0.6778606995081824
6.141410071763056 1.0665416615286119 0.2927020886801757
5.913241619035505 1.1294916695744346 0.25977608118874884
8.657251178356793 0.9955118821352138 0.8404879992737618
6.901972293471465 1.000695821012954 0.6335761065605872
9.044862581514103 0.9876976609280947 0.8647841017250147
8.663004654775886 1.0650201728990718 0.4537466466368862
6.288799927656559 1.011229871411987 0.5478589926963564
6.3901342084318955 1.0941202866637643 0.22841817372401893
8.921721580788988 1.0354193632652835 0.6904182383048244
9.082632743407238 1.0385625242138832 0.6617638808737987
8.28853368578876 0.9959135923152953 0.7256392646992674
9.161006007674663 1.0272376900603528 0.7073841896150171
9.331522127283963 0.992848914361351 0.8902081701471989
8.535082779954259 1.013498236305931 0.6565727794984894
8.263142242599221 1.0042726315565864 0.7766656388115454
7.757147752792019 1.0077759009126155 0.6002889046888314
6.968811254334312 1.1230942834191755 0.3207410201809085
9.134514484763468 0.9904584596936831 0.88810068816161
6.915139940179902 0.9988823199567454 0.6097015224980572
5.724886439594975 1.125485785584546 0.1485675812752667
9.107088038850295 0.9937858323621609 0.8729282035507527
7.069431795830836 1.0378543514456453 0.5911658398492767
6.803808315705634 1.0004359528571665 0.5950542735900589
7.812545726090896 1.0634766605451815 0.37561623373145125
6.50369473667158 1.0453628616139872 0.3625946753023475
7.525286554703442 1.1210503145174486 0.33461532689372525
5.229876794454299 1.1247503699264594 0.18242765666090657
9.024776436054545 0.999706077496377 0.8433185998003215
8.659398712451237 1.0244135077903127 0.6228720518525497
5.255186989984878 1.0727424654048792 0.33026013160397993
8.261160782025637 1.122674556593797 0.30452689154318335
5.778237503104066 1.0770014771741812 0.26365005071549763
8.873436088736705 1.0747198802771374 0.4818501305241075
6.611169660970393 1.007487144640161 0.5266345908181075
7.500022770830087 1.0016571148943505 0.702347329674556
8.604965425211203 1.0257645470586532 0.7205524508556158
6.901084505478263 1.0387635669512587 0.5748064453176857
8.438015981930068 1.0248217605828964 0.593081916402867
8.264261771391421 1.0532008926598593 0.4528730831913438
9.071297524490223 1.0156058973157418 0.7581426786908888
8.96587905166558 1.0114148285570905 0.7411377169578715
8.957963402761704 1.025679233552212 0.7194152372061907
7.057900626277897 1.0159751068954863 0.6344671933888724
8.951635713759861 1.0025458124008584 0.8072220010765939
5.458689057288998 1.076510072287201 0.36274370626500685
7.664908431966188 1.0130720231997317 0.6953298024324893
8.398106825456596 0.9988937627426981 0.738864521579433
6.585336970814508 1.0076977161502667 0.5330645674187261
8.39208639774313 1.0188965391824563 0.7296673708556677
8.745209910785801 1.0501497805626123 0.6133679507048405
7.466904832741601 1.1178086782985375 0.34562990459813
7.8937328332573635 1.0239597274763828 0.6823453301223644
8.815410922049459 1.0183972363537468 0.6873726580300776
8.512150134455231 1.0436607324050828 0.641087914460965
7.219571453878634 1.0878904328595198 0.44792445518387747
7.306315522734085 1.0136393083594666 0.6594308494174042
6.224603154427257 1.1486564992144566 0.13340079095773874
5.3184557312170995 1.1312197897281768 0.17862141175314422
5.7882436062794635 1.0504661538895659 0.44490719235871784
5.3746421485450515 1.130224104658001 0.15566888836943765
8.356430465036988 1.0738545525281347 0.39277267253547404
7.917067154238563 1.0434032553692372 0.4596542773165749
8.060179839751406 1.044860038811263 0.6224367695285953
8.407102862923088 1.011852749515986 0.7491476687885099
8.821231332231642 1.0328422946629918 0.6237830174640797
7.743704898867158 1.129404717297618 0.22347053023651148
8.006334868118417 1.0725938853260857 0.5209754384508959
7.097586671678339 1.0244160333877188 0.47219258607236336
8.445103349011848 1.078768252027774 0.49662745521215546
8.895847146850564 1.0408451029700028 0.6173755958206971
7.407996607826448 1.0038534864809505 0.6079347079422429
7.830199402433465 1.025576056504261 0.6698321432435704
5.382120425797908 1.073294747793306 0.3531522323979071
8.840036668157627 1.0565140862207376 0.5435231204988473
8.30614076705807 1.0546679296466006 0.5911011949741841
8.732336186972887 1.043276716428622 0.5663592271313675
7.709458766206339 1.0636600548082003 0.5429064347070937
5.527831310002872 1.1345013242712534 0.1420563947509512
7.188904544269674 1.0983364982920802 0.41011927867054504
8.769330381371617 1.0712777067764223 0.4764916554667804
8.060508983532012 1.0407096778730547 0.48824380677519424
7.500048863327878 1.1291874644378548 0.2073160780404509
8.629179499150894 1.0126430708025191 0.7404063400820861
6.28168579625463 1.0152042519029651 0.4975633220761018
6.959262351399827 1.018069005946266 0.6126154862405951
7.078674835879381 1.0041257719955154 0.5959515525030193
5.578314662294279 1.1404360621460485 0.13694821850611819
7.5112795609036915 1.0381903574074864 0.6113415123556188
6.005118517017756 1.0240596824577508 0.4499857619217841
6.590446866151762 1.0715105281283608 0.46446127346552135
8.29459415623931 1.0198559070652409 0.6160631667237884
7.286991498321962 1.0068363486250052 0.5866883098719056
5.903727404832512 1.0281400288392466 0.4658416943763039
5.335293136329245 1.099810513683628 0.2909130371295632
8.7939507800115 1.0476273227987416 0.593380353737375
7.09623559118908 1.1416588785143684 0.18092492769933743
6.011159922715514 1.0804001722186034 0.4025948603820322
6.510818838190566 1.044228181869628 0.5230195470183313
8.41663971165895 1.0092838729467004 0.7194705856913933
5.255154479356317 1.1109081889417927 0.21771377109358214
8.540858406754898 1.1018067089666834 0.3553715563487415
8.305814550406957 1.008787979898957 0.7213246396019908
8.640840437075362 1.0249734373256492 0.6906027294725631
6.873840494536493 1.0277639227672548 0.5853794608517251
7.3752742855220035 1.1256818905013057 0.30868120641848695
7.54074397175231 1.0149502865011817 0.6640766660765279
5.492010148056174 1.053289086865269 0.38170554963777853
8.136177348754686 1.1055698029832 0.2920596524126332
6.879903640783098 1.051588285179027 0.5322738400535412
8.222641285132088 1.0971869725920909 0.41869921333427534
7.503231514269922 1.0392328879918167 0.6037683938483202
8.049631590936974 1.078940646969658 0.3538073608505236
8.553105264653869 1.0708119659927007 0.43815492856514104
8.702158485070159 1.0386786875178968 0.60248866553934
6.260671871375758 1.0864610950952096 0.40318895498488877
8.461549877569713 1.0880268281971337 0.44765716000604483
7.674307046540898 1.0212606380351328 0.5430101816019326
7.842962197700642 1.005775376919153 0.6663254458282336
6.708157135033561 1.0114695616203369 0.5754004506806061
8.4334666641205 1.0278244657895241 0.6761183081355039
7.096984896383443 1.0328753423762367 0.5911066960059742
7.0481454013293785 1.019758714405655 0.4995021540482245
5.717996122716874 1.0379750393826823 0.41806660607425894
8.591213557358605 1.0409319341306023 0.6281186313790309
6.050651320374731 1.0318217352806596 0.4135915455266115
8.350330992307743 1.0161822102034872 0.6655826435597515
8.64658274906098 1.0801246846883252 0.43611588583403754
7.562018188442838 1.0099080017578008 0.6058102685488882
5.373810213168394 1.1190598394859732 0.1862825288612257
7.819454318128745 1.011063051728808 0.627077258001469
5.781458011188386 1.0362738791320087 0.41348280153982
5.45101552116617 1.0785553205910052 0.2798815025752878
5.511089454035426 1.0764252187558814 0.35957576533450913
6.086252568541067 1.025493355394701 0.45168487589661654
6.414873498417384 1.1037646836515693 0.3611320349252849
6.193325606338677 1.1173777615909335 0.30875074250188517
7.713313762516156 1.0450294685585924 0.5938765709633149
8.0734482819283 1.0178664150133276 0.6813083444136533
8.344816501010888 1.1111154916561494 0.31359460524682325
8.14442012064213 1.0274178728317378 0.5726956567491751
5.607448994055758 1.0607579890911276 0.3954436239719036
8.061703136102345 1.0919198575356601 0.4384223135191212
8.077568035321084 1.0390891550145285 0.5082003679545154
7.101385852046899 1.0521312783415802 0.5407745843960976
6.8535183991906425 1.143657887549666 0.18218420299263255
7.209070440021431 1.0176025818907375 0.6208402496672958
8.364875638075127 1.0255937615974062 0.6213257132755983
5.67325606395144 1.0565775855902892 0.4088659836028808
5.957888430321038 1.0627116814056479 0.3117333236810826
8.341251839472296 1.022054000269568 0.6683536661677494
5.577106641512714 1.0498872474372212 0.38326929838008006
8.534649539841324 1.046584004963023 0.5448388680303983
8.622214248860884 1.051010149633352 0.5609742042504743
8.488135338955264 1.0664914704291777 0.45345914308767465
7.184019180395271 1.0926181433550224 0.42318900522308833
6.028307960446281 1.0293700590227104 0.4365684146807361
6.201121245315445 1.1179326343027418 0.3060906782689613
8.078883421531259 1.078247624551946 0.3630715856865617
5.450618911154395 1.0672076226913743 0.35687255389651223
6.530164279937555 1.0604873052289006 0.48185422889547797
6.6005469754274895 1.0250404104480082 0.4574308829463711
5.657597280904763 1.100959137043291 0.215242233865244
8.577016140995271 1.0497309080672639 0.5498464202546302
7.502971105951836 1.1141219956171668 0.35173449665874007
7.106554354315758 1.0130627706779742 0.5586920108694835
8.43540464075718 1.0762519733765337 0.4854838896768976
7.134728010850651 1.123118282540547 0.20180263895894207
6.650941832239635 1.0218835918213969 0.5567530722964983
5.306472420838103 1.0992616461283782 0.25640810612541715
7.219118167522925 1.1165172057203563 0.33978920854042416
6.882135976317761 1.1321096229102288 0.27154225316118075
5.776049146913403 1.0467111347758071 0.4292869067473027
8.132062837213615 1.0382673363727992 0.6219328395169766
6.618102625396796 1.0876694335616834 0.4151117606636332
8.543674493638683 1.0842703199723454 0.43297213705760285
5.46930483646965 1.1232215101370802 0.22754420889707166
8.035318404899508 1.0658944148531435 0.5299324672356445
5.5439575113242725 1.0680790407841125 0.30998089067615275
8.414251616163433 1.0768155905512315 0.4830142030248845
8.381199310327967 1.0813941227251547 0.38965868096151807
8.56878217564326 1.076262910583977 0.4523253199176653
5.3299088256130815 1.1131632787431476 0.22205894080764574
7.093297979692663 1.0142738408007412 0.5977034899411003
6.565850712223487 1.1445454141482627 0.173905181183683
6.522545131035869 1.0183122333128427 0.5296064505842975
6.3148632956755115 1.0259565505254 0.512004960200035
7.437209389430084 1.1355789103029554 0.24359028189115867
7.6983548611573855 1.0622109990598385 0.5341680125815388
6.26153169384215 1.032363738686752 0.41942009796617563
8.256786497784944 1.0956250914322412 0.3341815989551092
5.436464593072918 1.1079737487627306 0.21075752094880787
8.464360751603031 1.0479427281243057 0.5828649459825899
5.875276920163655 1.1413924485618134 0.1782409369308981
7.391021526502335 1.012525381028052 0.6067264618954966
8.397219162365998 1.046046085261644 0.5931602918859056
5.508706848751769 1.0719421121961041 0.30196716692562825
7.992681931801721 1.1196013836574525 0.26561692001498705
7.8408330335776135 1.0705218553062785 0.5100199864833626
7.258291383173827 1.0181075898816732 0.6129618874844356
5.3767862660143635 1.102446301914125 0.2313424736904944
7.565001379451459 1.0176134833239077 0.6342296671976789
7.23049328817431 1.0156809213868847 0.6086001927303951
8.168017215437388 1.1091313252841302 0.29707807351214227
7.69265268623214 1.082204635260414 0.4672154653592304
7.743035708704307 1.1064531019955304 0.3794137900698926
8.236530198628248 1.0270763877145752 0.6375065303203644
7.858829547648472 1.0198489947420772 0.5989200368793656
7.405406262072734 1.1014702859002599 0.39534890954205587
7.745763104655545 1.0500817153418012 0.5712692339577624
8.084701419612008 1.1081965054545513 0.365248904628747
5.387128213797368 1.080680728944358 0.3170645623101223
6.048343115739385 1.0462626326239945 0.36754755056628635
7.3365362606124425 1.0148156026772146 0.5988653974671851
8.043567225432943 1.0773425110876529 0.36783587647283694
5.87194896887056 1.0409207862234287 0.39568111096503117
6.194473408242425 1.0329614900824557 0.4895168002980574
7.755347965278016 1.0330202691786523 0.6145674021891332
7.532097058473683 1.017095858260527 0.5864540937667495
6.063490755469047 1.0498913244141206 0.45774398831557606
6.012257505170542 1.0728034480815227 0.2884680702405288
7.060319239990827 1.1399786201967725 0.20477806792042016
7.694129790197071 1.056855824623794 0.5464687875094931
7.671256980370874 1.1221273058244383 0.313038423882306
8.179639910629605 1.1154917153440074 0.31298800434969803
7.967177869533412 1.0696137324695134 0.5106947143274047
8.17821697682287 1.0353920600079962 0.55974010774536
6.79053981536709 1.1418622904113471 0.19865158680989167
6.184365715069692 1.0283993862627732 0.4543819598999913
5.705391805202385 1.0490538335322757 0.4036989976386457
8.406412696132882 1.048850937506922 0.5631004772977846
6.745737057571732 1.0273289899461604 0.5522108123359247
5.831299023772015 1.093432089723122 0.34856187622159035
8.481169553486486 1.0726494617171443 0.47061432985452284
7.309953535803963 1.017214773632355 0.5703208230733208
8.036399629175522 1.0924455724488622 0.42671269618197516
5.517702830652839 1.1202095186379464 0.23943154836359437
8.172755570215799 1.0405969330740563 0.5339708074139228
6.210906319342849 1.1412445566421794 0.1484050728507803
7.731238307565624 1.1296132221621706 0.25265060751887347
7.4202369138210305 1.0196824515364993 0.5606981595716768
8.37392783084826 1.0463838170063975 0.564550469722343
8.4330277047138 1.0862229652498308 0.4220416179415925
7.505284135904583 1.0540773572675382 0.40406961424035565
5.482927380575935 1.0701639008532726 0.3223808671915618
8.108158167260735 1.0589007348108397 0.5428703119479993
8.018713123773752 1.1211600805192634 0.2875962005555981
6.095093602969774 1.0322312844390198 0.4414036050725633
8.284816101172233 1.1037403836027584 0.360624415805299
7.622755758375211 1.055487865076445 0.40928277379609074
7.146796573472196 1.069378069108331 0.4859667135218431
5.376823046370841 1.1004024889196016 0.2522239744048013
6.779906434583941 1.1353306538197185 0.24789896815987705
6.683857988327963 1.1383735229561907 0.16814570724776928
6.430469705642077 1.0338434115887372 0.42516986037619664
6.675025454099936 1.0551972374252108 0.49551555614007614
6.72107247829447 1.1160180418531964 0.3265672737887715
7.416788873732811 1.0223597689931088 0.5490604476163176
8.221029768456086 1.0988493498346112 0.3320793747315248
8.225964385721134 1.061456194825633 0.45301648388428256
7.075660262469102 1.018958829820477 0.5626912144263033
7.23005261205142 1.0293909300526078 0.5827257633439057
6.062836405543965 1.0439382412169596 0.38218525264122216
6.369334875617804 1.1428363414698433 0.16684414465446906
6.141867806946486 1.09741059924713 0.22979002531911133
7.84590335603005 1.0262750593986023 0.6043172108364822
8.394585388319928 1.0817203546334007 0.43870875124820324
6.987893438509488 1.0333122803751515 0.453653038373373
6.63123867546633 1.0673501409652013 0.4630691636891943
7.962719339011116 1.1083380638736278 0.28637015389737497
8.367927407964618 1.0570078178684779 0.522985393246341
6.622987333063838 1.0285082207181249 0.4604630721879631
6.042700424255733 1.123870533791446 0.2706027917281456
5.458106624252535 1.0790813783663025 0.30273413923513537
6.874266259640601 1.1007426197133832 0.38014219573973773
5.645878447118303 1.1262303896232788 0.2271672495985087
7.807328903368271 1.0546931094769438 0.5479779526768239
5.438953436748514 1.1143517787776753 0.23613682458935273
8.063273476251517 1.0465723340795599 0.49984305556415115
7.7402790113447875 1.125331611316834 0.25024189312121053
7.893147109808044 1.110441759468626 0.27796705699206603
6.051516769265286 1.0557092342890588 0.34287221605848595
6.249137879493558 1.0400275540124098 0.48062197157766745
6.74939158462178 1.022573901074125 0.5282711883274588
6.228614911436843 1.1422194904220255 0.17316352065219906
8.344536944199632 1.0862400458676509 0.39313306509924817
6.604249938771277 1.1107216050413942 0.3389283704098568
8.336488087833587 1.064943975678943 0.5005015294536793
7.613527976938359 1.0283567259652755 0.5959787364052384
6.650548114415054 1.1383075277176613 0.17046041732747813
7.1988999650106695 1.0507344336988367 0.39924872402483536
5.507099358901048 1.1005697883612102 0.2923640750193456
6.336039640442143 1.1324998329531515 0.24777414714646903
8.297248942478216 1.0866790508057746 0.38197908357774263
8.170531229639524 1.0669009672567566 0.42945184145846854
5.618399808851374 1.1199120410523271 0.1861029221639824
7.052534809838338 1.135166119324553 0.24563840258907055
8.207617116923767 1.0949701695607188 0.3447881983489365
7.490017798372822 1.06548856058469 0.36870922898757846
6.85504956261434 1.111913226974382 0.3418613429742001
7.924997239688857 1.043988946407707 0.4971858933822575
6.008812987144443 1.13376356245399 0.1569594555167039
6.341158498666719 1.0351310886719012 0.42579317450133436
7.141697387643918 1.0843937525248595 0.29532176584872494
6.251276106934146 1.0314744608865873 0.4598405324474558
6.746635326895319 1.1376834913846041 0.2267903335907678
6.356923232666979 1.0358213725573213 0.4224254471375149
7.100362342015298 1.0238355314628769 0.5257140090392347
5.508362892718871 1.087984497878033 0.3179496524015156
7.9732667408159905 1.0924207741460188 0.3265091702147047
8.078160470650886 1.055384055386559 0.5407284778636515
7.856662754284493 1.0325005614794545 0.5606809073431802
5.78074964179042 1.128604366096686 0.16718316812646594
6.804814544335892 1.1394745842767051 0.18926609496892993
8.246341577297843 1.053027876150444 0.5230007313731364
7.748024150100459 1.031579528395214 0.5852615646950462
6.33425075067743 1.1042732814948015 0.21983008913443716
8.203582823859644 1.052053841356389 0.5121869777502371
6.864817613663764 1.1294801571308084 0.2739344867076913
7.096462282540248 1.0747466241689994 0.46289628907803815
5.873114910702316 1.0648651578501327 0.31952082700608975
7.459462639082776 1.0994358384347063 0.27521483420682546
5.991795226516912 1.1041884220503766 0.3266474908235885
8.01929646373325 1.040125497263324 0.5647827860770656
5.814054512729298 1.0568942501757064 0.40503545793878765
6.717159440155351 1.0905555886436515 0.401927731260763
6.064835818855471 1.0883385727563046 0.371944722220953
6.809077377021991 1.1351433006089615 0.24254000540344314
6.722796502474875 1.0714312423851282 0.4535674476507694
7.391210029893694 1.1018918775799986 0.26643931636914314
8.296022250126933 1.0712355029619374 0.46787735249201556
7.096866938769198 1.1091104179068112 0.23623029010687818
8.086559099442761 1.0990656910871017 0.32403555228314246
6.417413390342402 1.0310234175532227 0.4578799524979927
5.846082156478978 1.049240015744093 0.38253282880696193
7.639468709242998 1.04503521479483 0.5591780944505994
7.759551613408734 1.0400049096791806 0.5712258868502151
5.803786383112804 1.1113698915400778 0.291539356125464
5.604412446059078 1.074517148429156 0.3053940270306614
7.940820708787237 1.1004481295264459 0.30671959337943705
7.860222619131669 1.0615422188299377 0.41872050699104235
7.914048353727306 1.0470126393027201 0.4891313635752567
6.226257942080387 1.0966213706040018 0.23713441834795232
7.9493167906117215 1.093397075860273 0.41225469854537444
7.646773056560615 1.0801249752646274 0.45920986362573923
7.928807433719751 1.039164599840081 0.561015808381034
8.003695436644854 1.0643392122006952 0.4255361796338018
7.2607229876056465 1.0815491918691975 0.4465237176702085
5.889736595014794 1.068697169128034 0.3101720399328284
8.209005395683192 1.0743851137213285 0.41987147864941693
8.001930481237448 1.0437946987034343 0.5514166004460973
7.566078914072147 1.0474101579584292 0.4484943507783187
8.084062249849373 1.0544344990824626 0.530996568044193
5.564045176899137 1.1176498402721413 0.2029213475711814
5.4977867282934145 1.0883219484053677 0.2812343634624376
7.179016005828657 1.1041357155084843 0.37190135601981483
6.4680420938880285 1.0671946572080244 0.4459957053147629
7.286969034033541 1.0678431192150724 0.48595503296339815
6.890480152920588 1.0331016735952356 0.46407336755924383
8.072690756288445 1.088359710981691 0.42388633283327304
8.110465464622536 1.0621233171635602 0.5076131301223984
7.283963302082654 1.096253882201147 0.3996732054302634
6.0476931367808415 1.0874097344131926 0.3705861209896402
7.784863718858826 1.0364156820127535 0.5585209851328571
7.348129048922221 1.0507998366537727 0.4166786509880242
7.391045690999407 1.131128713186161 0.25402861084245965
7.377372948200019 1.0524237874759221 0.41267380011402227
6.194124580368257 1.0380045958063142 0.427451896114683
6.243236207809151 1.1372725615061299 0.20856287106989074
5.912487245533972 1.0477151875784148 0.41119764528887626
6.387500929447889 1.063273320082154 0.44804365767685406
6.767828902991637 1.0509269301775122 0.38154293657218324
6.2140801563032095 1.038648405839237 0.42241269803109005
6.643906402877555 1.1353312112434852 0.1782322824474401
6.822061217248553 1.1013441037362655 0.3710309900132828
7.302171837212979 1.121923381413197 0.3060556473145386
6.0616919915339995 1.1161708127453207 0.19277851665657364
6.608571022610446 1.128139862656015 0.18319090651632192
7.581580174386458 1.075497618249477 0.469835860922014
5.704510111873555 1.0917885148497395 0.3301438633080501
7.717855292867496 1.0524058262187301 0.5368081153540608
8.196277674664655 1.0948101078195194 0.3625933167135294
5.496583308246631 1.1081072809071828 0.23794672203195458
7.4503729180510945 1.0334923965417055 0.5160042498457643
7.021324497686312 1.0666582463714638 0.4763966951912421
6.357827756069851 1.034283486277329 0.45863807326976835
8.041010886835988 1.1095680347699821 0.3325454232067258
7.279332533980972 1.0301703828064754 0.5480812048436864
7.273156778175695 1.0610018290562788 0.3755650133191836
7.3099295871976775 1.0297368420153048 0.5348881293417268
7.283512529994663 1.0462089001611155 0.5358933803335987
6.062331928969337 1.059332764963611 0.3398365826501593
5.641436615373841 1.1097042858939552 0.27580083597790334
7.975568393341332 1.112968857520009 0.2970732784806008
7.0096273493097705 1.0621501351278848 0.48650402987544145
5.987525520640428 1.0468746158438489 0.39384132465579175
7.521912878505368 1.0884718757214937 0.30960778623393187
6.798355789943029 1.0397685484277814 0.516367576587159
7.667490829711422 1.0639817355097845 0.39621262583013317
6.475474206296431 1.0859786697393994 0.271406139345902
7.582986595676751 1.1251066353706494 0.24777517693572554
6.21761059142842 1.1207882757528318 0.28404010196136037
6.321531397980188 1.0984187871374456 0.2373586515887093
5.623925048297522 1.1056708581618857 0.22602221123617383
7.199342096979368 1.0310575386500618 0.512228038799676
8.144305304771098 1.0693393846488046 0.4731384275300292
6.253400985769101 1.125233950749574 0.26869299047430034
5.994712703488288 1.1080243915039896 0.2117695568370412
7.451412352124038 1.0822584779205084 0.4445149027138115
7.377680370184926 1.032061639785818 0.5428345415383962
8.196707737206335 1.088444643844852 0.39009414756387356
7.231718171760214 1.0479669744157731 0.4232580348801022
5.649862884744426 1.1193434192941267 0.19865289452496485
6.046175527875523 1.0788655478703273 0.38702795927357975
7.615878345220324 1.1123950737098034 0.3403989452518295
6.802539123814986 1.0321951971645655 0.5146057980980198
6.524149236399584 1.0830061746542072 0.28091417566877575
7.878430225989575 1.052112529152992 0.47354917201617386
7.538599565690069 1.0829194619615699 0.4432332876606549
7.974413947049653 1.0542372382921332 0.4803577216551252
7.300121723470143 1.0614207709392474 0.3779305532016521
7.774567557444895 1.062699759716669 0.41375956329305835
7.013725450291197 1.0988761897395178 0.2595713067909374
6.77447945387636 1.1297435671556015 0.2647969171905752
5.962776994508424 1.0490150468610964 0.39171752779624264
7.637507954589497 1.0560813372940332 0.42739658151778737
5.554959224185158 1.1064315247035175 0.26597800516588344
6.498092773882847 1.0364936995924703 0.44262131736843807
6.9583366845111545 1.0354667489242357 0.5251730834488736
6.926335013349998 1.0564305716665265 0.49237409583828406
5.622137128259894 1.0759144354298886 0.31243122762449954
7.762160057558765 1.072022282374544 0.476800463096805
6.612210503975836 1.1175847467380473 0.30915638015487545
7.479239052215689 1.1082261030837026 0.3559223848808461
6.5994039788531484 1.137766414491203 0.20409045247732693
5.921263712604091 1.1054899803579947 0.21936205237312478
7.707807307901751 1.0500503449928844 0.46374616733682716
7.051931426982174 1.0752921892158693 0.32209648892028664
6.931791198821099 1.0315974753590103 0.5003475386869086
5.539091558392059 1.0989569265454295 0.2581559565601679
7.770591949493356 1.0545517298310418 0.5225301354991425
7.112986846245718 1.035065083269326 0.5321425629499609
7.6163926839841345 1.1049875069651784 0.3665838566122258
7.906116360530985 1.1144846541321707 0.311615268181142
7.349102918476294 1.0340521681362966 0.5239432589853069
6.65885155652432 1.0595705601959533 0.35281497295854997
7.309995354524803 1.0682078890806208 0.35771090320399196
7.957549960790841 1.0997522907049768 0.37637796677164703
6.451383033037642 1.1144655307429197 0.2064894008061004
6.749999302091613 1.1365831313558987 0.1973055113617517
7.775604092767283 1.0562482229246222 0.5171233540342491
6.907349194966695 1.066598170223829 0.341337085706301
6.361563921954465 1.0484669328645355 0.3841294037569938
7.302073300848692 1.0989111330936727 0.3860748658186805
7.69926967414008 1.0548448437851317 0.44242743982522253
6.154877492338608 1.0540485567187405 0.362366750777838
6.59231069932164 1.04526771278286 0.48673888031105195
7.88546146792963 1.0661343065589082 0.48954808594619026
7.453869642484282 1.0941712095814182 0.403272573975911
6.683090118466804 1.036644411970637 0.4501989922698803
6.624561032404397 1.0441332344337986 0.490312520510039
6.001236694210476 1.1229228171222785 0.2601035727427111
7.478752257917861 1.1224298167060276 0.24341212511142596
6.215284262892055 1.0513415156948132 0.37276646619233894
6.080021322691902 1.1345966133920176 0.17423114283164354
5.9581847901034894 1.05843108696011 0.4067885085446551
7.667684625107729 1.0937991924094157 0.40403472685598857
7.382874854331886 1.0786869525157752 0.33178866591115347
6.149759403367078 1.0578282655679798 0.35025783617984524
7.33519170056112 1.0398007578091246 0.5336988352069876
7.492615593890314 1.1248833756854861 0.24618802771757065
7.9104158389457915 1.0737824548079355 0.46445621154160394
7.6972666931393 1.0439219299297864 0.5220221493757934
7.748802088833187 1.0461615993281108 0.521568793026084
6.580567152365829 1.0397883930810663 0.4855640294639631
6.499425748327404 1.0382397740912785 0.4413586959632263
7.259278674481864 1.1060364696732885 0.360272313382079
7.493249390447328 1.0934488069858583 0.40452781254613496
7.206135632638466 1.1293732898372626 0.22283691428809835
7.861060793698709 1.0537308258813427 0.4779557040582921
7.873015647189074 1.0520120947732186 0.49794155319930267
8.099763205599915 1.0923525492118518 0.3808242440795189
6.657942615474104 1.0977484911203366 0.3709319316183935
7.489417197505864 1.066728864195281 0.48404906623039945
5.710607274395823 1.1239251537009536 0.20250654678964
6.337102950722864 1.062023532412079 0.437822145595554
6.26622565703682 1.066693463636367 0.3240477633008067
7.467619473858083 1.039378084342825 0.5194413908475237
7.583589441252151 1.0441934840646554 0.49212038192701907
7.774966557926385 1.060960729228554 0.4303499798852644
6.965939178690377 1.1232187205630835 0.21230689131446415
5.902375807970758 1.115072931887016 0.2025603931556741
5.748708725676137 1.0728329832970687 0.31631643363722234
5.681770470289667 1.072726570045866 0.32793186670426844
7.280222076519996 1.039971577026513 0.5254383094510765
7.326259732851742 1.0549635586486223 0.506880415937846
7.409208203499297 1.1180473252267218 0.24567017602543237
7.621220830377117 1.0751161034778802 0.4605510795518321
6.990571481890498 1.0394896067322605 0.45801973412978014
6.039086724047982 1.0661879252522217 0.4033178433412222
7.696719643308045 1.120815244357617 0.2799745230797414
6.072918133690202 1.0917165472750203 0.3546951456592092
7.770538894323465 1.10246929865577 0.36801099894823436
6.3464272931865455 1.040975057607982 0.4386612250479869
6.552007457973755 1.059860505444719 0.3521437085619051
6.001130622255872 1.1321431774509072 0.18128661725998746
7.221752406605711 1.0507695820634355 0.42053104864386676
7.908382893660219 1.0799898820649074 0.4404828730635974
7.476348802335776 1.0877983221184966 0.3146125007439326
6.413971878587091 1.0578635102635916 0.44895694065703157
5.872924385459799 1.0635456765454794 0.34249666877628054
7.02315140974483 1.0463236491628352 0.4265659562040782
5.9090382106356145 1.105324835944184 0.3070746426528035
7.541882805548752 1.083938197288143 0.3300870242609671
7.748772065050172 1.0914415304118548 0.3254459566962728
6.792837496335926 1.041021091487038 0.4409799134425282
6.48289007600361 1.039808068323797 0.45006840656021746
5.8528034957430926 1.1180929307244185 0.20073791971938312
7.224246995758694 1.0415683305971495 0.516379210357913
7.970733198330194 1.0683234143834588 0.4598494578864017
7.202696592669211 1.0604839175437666 0.48706397239816857
6.627729416748101 1.1354781063618091 0.20165052846736112
7.659453300453142 1.0593669277206328 0.4977552006923828
7.35273336226984 1.0407391916138997 0.4988533261132252
6.0482565681116345 1.1145748477484145 0.2048556290406799
6.471325972304653 1.0738871824276826 0.4201476135875702
6.26630497869437 1.0679639108874617 0.41800691766351356
7.177052232618594 1.0942854000221935 0.28277951177209365
7.402659034049957 1.043743106852565 0.4801761430839426
7.240733439281096 1.045630696419364 0.4513001397259728
7.651095208406412 1.1106476667400174 0.3365408171849016
5.902736708306673 1.1058410774276428 0.3035273692271571
7.190046882388412 1.0392228486559965 0.4944043307289085
6.674030363086457 1.047054541317225 0.4798008420407291
7.866840190420252 1.0685602609027358 0.41949496956292864
7.494092449280144 1.1137051652492675 0.3275044927795181
7.430478225580217 1.0571302612576545 0.4155868317724287
7.893576344586311 1.0843350157348448 0.42116242935196535
6.911644409987396 1.039030564216474 0.4695730630376788
5.625978735659714 1.090509477060081 0.2858130301119804
6.4524367882709335 1.104676795862887 0.3389817598640425
7.610271140345601 1.121377505712083 0.2721754895786725
6.998147050985292 1.0612836718979939 0.47481083289857795
7.229403867543471 1.0414579102616248 0.48209597154062056
5.654676435307875 1.1082541253480591 0.2379360619291113
7.108191421968998 1.0631007991374073 0.3696016825097414
7.917721174118549 1.0769719371669584 0.3960644811468387
6.727226063763336 1.0438023653045805 0.48307434637692426
5.686537790178841 1.0786861105983858 0.32727305410394664
7.887607716734589 1.0797766963130933 0.43347255355959474
5.855859707010392 1.0791714788593114 0.3578323622948511
6.622131770608089 1.0982529086811987 0.36400292438704096
7.618077360215606 1.1068901247616962 0.2826468210435459
7.960306063065961 1.1002733176589308 0.3514347517960462
6.5983309180947245 1.0409252116683922 0.4476415513482472
6.837274993489208 1.074562011523517 0.43586209984927965
6.716613016308777 1.1339548122737022 0.20653051054157215
6.126617855136441 1.118191892471244 0.20009999124274216
6.944351043449672 1.0551512295907488 0.4828498074931932
7.916553775734874 1.0778170263007472 0.4356443567477652
5.940829606447705 1.0649615567989503 0.38662581371855925
7.938767725626029 1.1030086454525743 0.3401739728619418
6.26245149367289 1.0546854608078262 0.43337546711654223
6.275739001967327 1.111766345407281 0.3085828952741582
7.4214214412278 1.1126754513373467 0.25915781779577096
6.557823517404968 1.120736507240148 0.2041255787585999
7.049946196768531 1.1213953372180228 0.2241220447965768
7.670831885375733 1.057159667063209 0.4918923590414361
6.119233077866117 1.0520681669020118 0.41156103768436597
6.848513602209183 1.0401774520149305 0.46633482853790853
7.9887646094562434 1.0862410141165133 0.3938497996796353
7.933224632996625 1.0725406363037893 0.42694601294101514
6.082666451107462 1.0798088752408612 0.29122574976682974
7.530138127123523 1.1225860784704085 0.26915489919051105
5.8210919147862 1.0686088093182096 0.33850958571811435
7.309480190002491 1.0729311379621345 0.3515823406489793
7.918172299619183 1.1004951352302588 0.3531927317144188
6.897078657148462 1.1275773586137556 0.2657755946012018
7.942187063550779 1.080889373939785 0.4178438579810218
6.473987248412602 1.1274355302414392 0.25728327572730364
6.451643507995701 1.0890360845006195 0.3794897698729374
6.547324878133647 1.1286586578102442 0.19490943886835776
6.284707804738423 1.059877008504156 0.4271934391268487
7.58366592047299 1.0571190645535138 0.4401275910143229
6.884821437231873 1.1303996124886477 0.21233272032547676
6.12828109884677 1.0581313047232515 0.36157856852265496
7.038736786745908 1.0416970690141327 0.48482001879971887
6.917946407001677 1.1307861439945734 0.21627972505238843
7.3527874866087295 1.0934382136310152 0.2974695237027662
7.07365185389715 1.1297580976802617 0.23024520359179865
6.082826381652186 1.0941694877658545 0.34392295786000193
5.899206772723847 1.1060098819911117 0.29872464604567234
6.324714570751668 1.1330985227650117 0.2113636300897231
7.4554052253267 1.064460298397386 0.475937599536613
6.718391097474571 1.047822004045185 0.4146312086431151
6.473684621294492 1.0774030088778275 0.40730835186295244
7.768658391293361 1.062574262370718 0.4543414549348695
6.089994880798368 1.0555400587111277 0.3807424997223673
6.228401058726384 1.123014586107549 0.1962870422717333
7.288463011404149 1.0510147267461483 0.4407950228688835
6.2266310178884545 1.055249378285479 0.4220441771170111
6.858685383043227 1.1312668879560206 0.21744882291152987
7.105428367908699 1.0466666555120874 0.4912451579826809
7.4238547863425755 1.0521486265481108 0.4512645117733877
7.117513844697296 1.1272998096179516 0.2305703886882131
6.988083714870822 1.0924395249954302 0.3896495452190481
7.258966412954981 1.0624989923780335 0.4743552530029407
7.847917364070419 1.0758085611546646 0.40266719723238564
6.805019549034785 1.0663187924683337 0.44848079080855124
5.905427333832941 1.071120264283548 0.3678520278943015
7.87106821223562 1.0930831750920773 0.348466848482496
6.875724303292255 1.0586364819540401 0.46613290967944804
7.880664447087055 1.0767960250918203 0.41639543382648525
7.004412938924565 1.0677187831012436 0.3538483574374638
6.268768599036987 1.1039580773764417 0.32777186203120656
5.959133546763477 1.1038842731972884 0.3073397533079698
7.907776082226167 1.0874567792378493 0.3791892416422928
5.941205786030546 1.083895126108012 0.28633042454303936
6.58679109936198 1.1175759905488833 0.29818835907165764
6.365067969135312 1.1266167636714528 0.19580265595467586
7.7475697138832444 1.0676222054220545 0.42494606731717793
6.073618219368855 1.0939589635672882 0.3412797865036315
7.229615953558076 1.0485341532290742 0.4873224564902556
5.723306072984718 1.0892054509094837 0.311056117544881
7.781949220832853 1.0815102702564308 0.37206538572969305
5.785210793119788 1.0846065901449864 0.33052959088100664
7.7666159685776694 1.0680676460187932 0.42867302466852997
7.028129096743607 1.1027395337402721 0.2617085260952574
7.200904667004057 1.0487853609536004 0.45088691453539836
7.059267699191599 1.0635348822971091 0.37187386631452757
7.277281556107976 1.0566750298663767 0.41585765639760564
7.521120829678351 1.0767906294602125 0.44046033754542635
7.568171805464898 1.0626826597471717 0.4717017999238664
7.672598667661859 1.0608593624863818 0.4585474277130069
6.956307604299438 1.044608709363803 0.46617239311864206
6.343940304530188 1.1132870716681915 0.3028122977114352
7.368884521513191 1.053379912003824 0.4445544128751696
5.830587523756051 1.111008859638047 0.22751784965506647
6.14949543488793 1.062497456085012 0.40343023902778574
6.658816202576483 1.108670800651059 0.23513978566897456
6.474176380189077 1.0651628934963795 0.4280980747648701
7.1646188490102904 1.0734294508793243 0.34608786109576806
7.790728076578953 1.1036749770499095 0.318076382231824
7.626902939447973 1.1155084543882148 0.296720159749635
6.881627300200098 1.0553026010772788 0.3953320117970253
7.197531571090995 1.0494993394680068 0.4806627313852294
7.446539355392602 1.0915780338696082 0.39584454966675553
6.912362075767769 1.1240308362281788 0.2772250237403242
6.903569560195995 1.06420941415214 0.45349547127392154
7.598983710433892 1.0597034501492955 0.4523434818268015
7.239610142978934 1.122573095437146 0.28156458156153424
6.97542479421138 1.1144154648979638 0.2373842482179399
6.329676427459688 1.0645215893824878 0.4163968853154054
7.57952931451487 1.0602340633429197 0.46285555183871346
6.516504632593259 1.131203947058722 0.22232593477735418
6.067888332399276 1.1151720911032637 0.2140692206226423
6.742025518555581 1.048833872629518 0.4235297821079628
6.645936402166946 1.0766397962408456 0.31501122201120435
7.07792668987836 1.1020248672642285 0.2678018026049194
7.780093805706134 1.0766533940676157 0.4201715543873152
6.171475203397641 1.1289811999944224 0.20750432142936967
6.425746315070587 1.1284549065629272 0.20189154998657757
6.228365778618366 1.0596776569214523 0.4092212791202436
7.2370722759053745 1.054020475720896 0.47475596506124956
7.546671548961104 1.0834354803013664 0.34515248994157266
7.794016494316994 1.0791054610507387 0.3989403237274659
6.278821751019729 1.1089146820200062 0.31055892356186426
7.716519121986636 1.0827766128132503 0.41209587907905176
7.523029032327276 1.0717458394599229 0.38372134477401476
6.674933371245503 1.1060139273887408 0.24348309108870347
6.956780079768848 1.0480419594839359 0.4561259126070654
6.989867245145479 1.1176997761180378 0.3025889957695671
6.768123489390666 1.0574247617757693 0.3846174828684496
7.810521979288554 1.0899845141489066 0.3614186938672412
7.2356915013270715 1.1071038407294482 0.2661707874210273
6.428626684396711 1.0993547528343117 0.2521111341447598
7.522987551517339 1.0698447858803262 0.44961189056910034
7.784842973872795 1.0995956284928434 0.34864245662717963
6.968538706813785 1.0550540310270615 0.4066618002319673
7.501181438766826 1.1008434188865164 0.29635935458337287
7.5145932523655325 1.0926330861149336 0.31713927418972104
6.773119593000844 1.0851179578811452 0.29714793566303094
6.474065724201152 1.116344171618889 0.21749231462994326
6.846903020967771 1.059336065816731 0.4550796262636993
7.249748816398718 1.110463699995212 0.2610092138859319
7.6518649614871315 1.1048275067609783 0.3416524801673838
7.80998100727944 1.0952054245615153 0.3521603610999819
7.584671528764556 1.0690019648294113 0.4049366578432151
5.813775437892 1.0952146303682662 0.30683819755031844
5.8669074969792625 1.0846014425800061 0.29503411034194427
7.749771666342456 1.076094642268958 0.4132405211712806
7.78665641314671 1.097309495801581 0.3543649082861007
6.378975543165222 1.1262821185759517 0.20361463886581374
6.242842253595667 1.1261093125025987 0.20305251586943426
6.387979216657026 1.0998446168684366 0.2508447570815006
6.686576743908795 1.0591723861746183 0.37599036368564465
6.414079757833511 1.0866909423859075 0.28395670675916557
6.108460423841123 1.0944795964471146 0.2619241676105518
6.8504895583456715 1.0876867641468717 0.39247857975420886
7.319533049349854 1.120996603149057 0.25794743943039095
7.043812306708437 1.0729453094494308 0.43522740455075054
7.029404270287586 1.052418677240412 0.46502435271400727
7.264773158310501 1.1181493684734058 0.25277762808019066
6.3409019845001655 1.0770869963050775 0.3915405088814573
7.424997457287253 1.0896277386436328 0.39661734147657196
6.194533463359232 1.1058885274370298 0.235674089392615
6.428812326808552 1.1297396310704804 0.21438827701083255
6.184195279568616 1.11119520107084 0.29620237396691246
7.12722897714354 1.055998325196315 0.4656788835027084
7.293183693508979 1.0807568573553759 0.3364104907894242
5.911937198598013 1.111440912433847 0.23022883417264575
7.296139981675637 1.0838387658868907 0.4123126886541992
6.71811631158041 1.1258945564533342 0.21607774034796012
7.220664353950669 1.103078220190698 0.3540787526065002
7.4242595249287024 1.0749063393081921 0.43572075890437495
7.399506518448495 1.114937428498591 0.26715503986473277
6.800583784968779 1.05058379201412 0.45025341618898296
6.161622854967803 1.0624222852905922 0.3615788160238595
7.540681268259494 1.0781669837880998 0.4258558880705974
7.128681395766479 1.1178247060707007 0.30008048232168394
6.0456177245366245 1.1227856506911325 0.21218404190894333
6.196529061129684 1.0850766267748824 0.36429969500418496
5.9607309764710905 1.0872421238430539 0.28541107592971127
6.4958469679352415 1.0582699050255135 0.42888709988598617
6.654102639274564 1.0772441193760145 0.40810948584797513
7.554147304303944 1.098145712716827 0.36605743496271775
7.259825177899016 1.104768315684801 0.2747871065190915
7.501562393669852 1.0639628653109467 0.4291379348947027
7.225282209578577 1.0796815076798787 0.42090047976123296
6.091594174775381 1.064163274453163 0.3774107861693319
6.285956575187496 1.0615328821687844 0.3637470215777341
6.980219888191369 1.0569866837637405 0.45698970350023943
6.917753502995172 1.1269066655799393 0.23508499904626395
6.613442470207762 1.0638625850330308 0.4301673558331444
7.267379670579373 1.1173152691912809 0.2986536993810713
6.057692390411747 1.0924468761237671 0.2700611945454253
7.341416695569555 1.0678441169189352 0.44759733805976326
7.242398972924649 1.0621766878636236 0.4561713977039579
5.937381021789379 1.102864621939178 0.2487398064849276
6.909669193740097 1.1046223543695444 0.25846423506921556
7.468263153476979 1.0713770650053274 0.38747498205724246
6.752103402409377 1.0587654632830001 0.3850048887587019
5.825095449915599 1.0954979857198648 0.3004277969092786
6.0615123351566975 1.06585726201086 0.3647015097995854
7.005159010801755 1.069634639165187 0.35696563055264136
7.667829334855755 1.0983328723408254 0.3251886702090286
6.366217219017756 1.0616751117326366 0.4121000193788135
7.544763047839199 1.0798435998978946 0.4163267027641909
7.271092802952349 1.081751106941486 0.3349587810299281
6.7078639955512855 1.0526210371257725 0.42188936500408275
7.436367360971175 1.1112861604887367 0.3183050682299587
5.867420239091883 1.0838112094757164 0.30767931382018926
6.65853474493834 1.056961521287928 0.43711856602243865
5.958696347660119 1.1183325880805335 0.23299431122983205
7.157915023139644 1.1022784038922278 0.3532210045918939
7.515642864230715 1.1129032542727988 0.28924762384795544
7.446582719570383 1.069715815451266 0.3952098417204925
6.674079172859548 1.073596663647318 0.41397710455876685
7.108893086539908 1.0605239683813916 0.4523784124122999
6.8934340577479745 1.0533149472495242 0.433669680454602
7.486255659422696 1.0918592224598886 0.3834194168147269
7.5421833433832255 1.0761767476973763 0.4218153933497724
6.486683973264146 1.102880077220299 0.33322699421962315
7.283249843094509 1.081654964201333 0.41283362530731216
6.658751920653131 1.1109802446882504 0.23770100120606943
7.0836447176824855 1.0558729856930056 0.448129776522777
5.870895941653124 1.0837060207166826 0.32079236142151
7.547360997571211 1.0748547193735305 0.4226985953337509
7.40513281489047 1.1049348596094224 0.2872426529377805
7.522822291903655 1.0729290123191815 0.42651205488217814
6.831512780269396 1.0553610234661301 0.41224322426166243
6.024790816322472 1.0987605438468235 0.31499749213328854
7.5792121782846475 1.0732859148338616 0.41362680736244606
6.647412969900023 1.111590864826383 0.3118553736578331
7.005844184503744 1.1204383365753365 0.24034308961414158
6.544530895619863 1.0569223759071937 0.42291902516574265
6.462505533707844 1.08853049933691 0.36882830145907775
6.005769716157111 1.073146699243555 0.35365033999914147
7.306443274026465 1.0960787146476334 0.30047919703128245
7.555860405699917 1.0933617706054028 0.37455838527003926
7.522619479498115 1.1045411642574219 0.29971156810404803
7.168037548917681 1.0577361200959972 0.43708304829362626
7.567175046241015 1.0948360507116341 0.3692779659547314
7.4494355931519465 1.066999685681275 0.4313223841254828
7.577920726432247 1.0749732784362558 0.40029538858945
6.044619783379584 1.1199377953447152 0.23758656451939542
7.378456557375545 1.0840891222436768 0.33871786281964217
6.9638665843436325 1.0787644265224727 0.32863734983740905
6.799658146051252 1.0617186151018674 0.38008435896177334
6.180449732770034 1.104224021481052 0.3115847869362426
7.534570634046373 1.0741647718040848 0.4193421877306723
7.341157384186543 1.0804411923903372 0.41351449456227474
7.0669374407416985 1.0792933817165693 0.413333063926999
6.342575801613037 1.0637132678353174 0.40195055537193847
6.614820785678171 1.0560415496079292 0.42220383002477185
7.520712724783314 1.1021332439313398 0.3452977615184895
7.455543134447426 1.068708064790015 0.42583447127480883
6.869785590244993 1.0590648551037716 0.39815077867973037
6.273923899542522 1.0725676742042858 0.3860756130783505
7.315590111086815 1.0831537520430117 0.3377903881880543
6.984843046658611 1.0594735610714183 0.4424882276725807
7.046239743119772 1.058881260023331 0.41509247057445686
7.45452807162493 1.1011979430129033 0.3018013232476646
6.4591106116855155 1.0708898165276008 0.40203048489747756
5.890263884211532 1.0994459289820342 0.2695669825191101
6.161555207441193 1.0693653121823792 0.37555401361686197
5.920991933285947 1.0933381814458194 0.28126558077360553
7.426812028766857 1.0847177584892411 0.3435284468897592
7.174101365432644 1.0834527928008415 0.32815423838268754
7.018928154264005 1.0670722067012244 0.43432431266676574
6.929844714747432 1.1156975495730546 0.3006264520192245
6.352837118171628 1.0630697452443636 0.3985630690274757
7.237974172922048 1.1044442546124642 0.34167841899534185
6.0275221812588455 1.1102661877254083 0.2774366015550528
7.630178158850086 1.0925890569758314 0.3589285818165037
7.430974637230202 1.082402933424567 0.4031644764193666
7.403200529924453 1.0732134533599598 0.42191124631415894
7.560390793395239 1.1007097626773517 0.3430146048785994
6.687421784276541 1.121556699794804 0.22794007744709696
6.350957745823397 1.1244852244117776 0.23617874096498323
6.141007735289611 1.11682456590054 0.22658966048347418
6.728160300193174 1.1231632076040725 0.23000087107406122
7.046521428178471 1.122329520414744 0.2544093627135724
6.714357450663467 1.100661841404567 0.26467345400329595
6.537815784103456 1.1236288018112188 0.2548240411879166
6.631193483829188 1.1076465095210917 0.2471727471249575
6.913216956399404 1.1193882102848063 0.24057188843174043
7.239503824733735 1.0880127331333473 0.39009951919313646
6.319223457513697 1.1005824034230989 0.3274783352439433
6.589913530942514 1.1241677496268154 0.22559245328743907
6.317289139395481 1.0702593211776872 0.3407394526430039
7.5191383240961365 1.0999739998411395 0.3478399992221619
7.4986108778552225 1.0749815638401268 0.40281355898964377
6.756653431162855 1.0784547202963601 0.40161923631960056
6.4326743018034485 1.0677874538937235 0.35040373049038404
6.024532560886293 1.0844867761206343 0.3019757185819718
6.935650463046908 1.1224995207354735 0.24402070155368885
6.178232519963871 1.1146613563098873 0.22942836857645107
6.218867362976898 1.0671285929938357 0.37645603561567176
6.569058956973489 1.071514273770458 0.4048793049776962
6.931286016051047 1.0779625933643384 0.3331134579719547
6.162834754519661 1.1033277897691645 0.3091615967234377
6.543276962530653 1.100899584692158 0.33692625381678454
6.610574950262077 1.1001652345811892 0.3415292837195655
6.71117238362805 1.1244407997109178 0.235258005902844
7.558301374582689 1.084693305128868 0.3674108728603918
6.092011084455407 1.0755159685490945 0.3306513422759713
6.806395620915769 1.068674583485909 0.4200334653511494
5.982454905626268 1.0997972908718332 0.30011917306727814
7.249737261841606 1.1140307472725257 0.270379208170768
6.033776917390904 1.080332780428222 0.31908984006158214
6.313982101083688 1.1081734281477358 0.24211633565400956
7.488511720254131 1.0913301663094803 0.3363683093587065
7.509969344143482 1.0958917493264204 0.3273292467291927
6.806274215904018 1.070243356417635 0.41607883350272024
6.470976188946411 1.064849539768749 0.40126722748010063
6.589328734662093 1.1236198209841977 0.23186772355956028
7.1475253178807225 1.068760553559577 0.42554747564727935
6.138447434546501 1.0848655899848898 0.3474906910066134
7.538451239775716 1.0886935527854174 0.3542917608769317
7.157293182570575 1.0901249033831124 0.38044872150528075
7.1946070452306525 1.095477630680065 0.3656264553762753
6.090766961113017 1.1160747689865433 0.249865858239547
7.316085555610163 1.0752738372198494 0.37400308960007295
6.888720943494629 1.096062677126136 0.3596050414830869
7.488482594421912 1.0889713572692428 0.376019434965588
6.849906572941366 1.121766109443148 0.24343775793377442
7.545425707679369 1.088760436877675 0.3658801705396659
6.677106720995361 1.064639445449773 0.3739557546549866
7.430838332360727 1.0793510602822427 0.39870003360359896
6.869244395967915 1.1216282854323636 0.26493392185241854
6.920723319604543 1.0614273122406044 0.4121254835430098
7.192851210952714 1.1159102048682508 0.28993477803610296
6.497673220190945 1.0732972187940706 0.3933300385396661
7.171831428956374 1.0906073978749813 0.37807001008022545
6.671109348529329 1.0887743038204536 0.29530733825751077
6.781952773399858 1.0880610203782746 0.30095225584606694
7.515899122927928 1.0873119794013835 0.37265054192776126
6.463799651281235 1.0765278991515461 0.3255010644862498
7.1791884436897675 1.0777127972522518 0.35354660718817355
6.237227247530969 1.0865147986551358 0.2953573845658602
6.18189936833145 1.1079033342330082 0.24588913756053973
6.573346221195967 1.063096859016817 0.4025435946499512
6.237346965301095 1.1035220857213015 0.3098964460199844
6.1846051013019 1.0724290897133333 0.35996155417261444
7.267714978996546 1.1103370153205314 0.2795621028123148
7.399503079385777 1.1080629156645618 0.3126185191229218
6.34051302983711 1.0933094115005082 0.3426502326924419
6.497598437566905 1.105055408128797 0.25345004530985804
7.342327700584319 1.0758860538025035 0.38025953615270375
6.278177919944623 1.0979606839597058 0.2670758769764399
7.361957073000021 1.0764398305532916 0.382125222344467
7.030009831191265 1.0914317548007806 0.3727813575522992
7.49122983175319 1.0919214432528659 0.361088571387002
6.587598146271738 1.071399853429545 0.39884915327236053
6.091196977536487 1.112353041730645 0.24707298761483887
6.223705447646884 1.0966826922755717 0.27071572591251764
6.275449618128436 1.0693290919439482 0.3626017765287208
6.757728640659547 1.0629702625452162 0.40870910787670406
6.129184163658401 1.097157244946145 0.2716601759633639
6.340200255999655 1.069106919876645 0.35784955098182
6.191481923350352 1.1070830038197355 0.24940097679953083
6.553074364565697 1.1222831805631892 0.24698986454007701
7.473749692661206 1.0995172187384439 0.33603320081173543
6.6032197475120995 1.0863991872203071 0.3711809997272828
6.336582095162816 1.1173568744171787 0.2657646218404747
6.383403603575207 1.0947245688162293 0.34013150011359766
6.537040113833125 1.1172049172018848 0.2771991999007869
6.6575483472305965 1.0778474336176616 0.39083320021217793
6.622732172619806 1.1040201935813794 0.3259075005645979
6.933724402449547 1.071536024398259 0.41121757164717543
7.258070187480023 1.0778986694249397 0.36446759113999816
7.344047412661009 1.0774873993759495 0.3945767560273353
7.027087205135134 1.115617653949216 0.2599529629426755
6.0178817383216305 1.1036038310856586 0.28158277484774
6.03683284211478 1.085798143372186 0.32014770615075
7.091647117859296 1.0752025268940446 0.4071323517088533
6.787007122923173 1.0882726092842545 0.3728307189455536
6.358271185646306 1.11997628121219 0.24489692701190355
6.333969952556769 1.0896881347632548 0.2901086160171775
6.467766716582181 1.1160562265168488 0.2775253766782742
6.207447252383339 1.0979008582926473 0.2705744169434719
6.704163141417576 1.1206422203834423 0.244707244452894
6.300446913646777 1.0729041304854205 0.369307612892662
6.853267071220682 1.1200181336314718 0.25299605375243134
6.187118698312103 1.0865829351161342 0.341592492546944
6.191394395422499 1.0754604868268594 0.34749544662696874
6.712795004832362 1.107139507867486 0.3176675869652011
6.04775332102523 1.1061173794049088 0.2686702244767009
6.311850621578756 1.0885324932750056 0.293919230985146
6.897283693946626 1.1050168443046477 0.3281627411761449
6.800498293026294 1.0702518770511564 0.4048231237413755
7.287206732027679 1.082749890880167 0.3533858847174432
6.741091411612006 1.0661106225072237 0.3837922412203674
7.108081516500842 1.075655847220468 0.36303742244676224
6.934905507032827 1.0880515466219778 0.31169771528746987
6.831135625028976 1.099970585062044 0.27774667905411915
6.119363969324894 1.0918598398690798 0.28969793359596885
6.855230163738764 1.0679680700897007 0.37893705702122826
6.4562156561284 1.0926655062548016 0.2847158900297925
6.238193893921533 1.081214217696368 0.35359392641593274
7.199740691820843 1.0727938388519411 0.3946849843567167
6.232048421671861 1.0756717369127915 0.3405608288683412
6.762035473227973 1.0894559723657555 0.3008734887191716
6.445841539923631 1.1024830903155025 0.32060158573100983
6.638974774679593 1.1176417119247979 0.27508243723987563
6.645218946250786 1.0686583459512544 0.3970408164263385
6.875728755468053 1.0965667307898337 0.3520424971720699
7.177543304252239 1.0727200704115651 0.3968695086056405
6.720733396424386 1.0829341866799607 0.38020623855793545
6.500422057414633 1.07567196077024 0.381461987280021
7.350618958094078 1.094242810339569 0.32592615191107377
6.30432733281164 1.0799371666896376 0.32114956992987737
6.575925376988096 1.1187704919715098 0.24231994686522104
7.024981341248564 1.0925660987830752 0.3648715388437902
6.979415552022669 1.1052823784719397 0.2742848667817169
7.118714042963584 1.1031912065409004 0.3340403308077225
7.212025356988963 1.0749504355130393 0.38899131051522856
7.199985495839755 1.0759985409814132 0.3760417012640683
6.79196779097119 1.0700079069454107 0.3689189867873294
7.328701394513978 1.097603738774909 0.3173467631350727
6.281083175750659 1.1003712406856618 0.2678032769394236
7.084955988810769 1.0716402121959427 0.39324550165614597
6.065642054513548 1.092247825116277 0.30341948044716227
7.123052537484275 1.1035010718511682 0.28746208954236147
6.764037386381467 1.1112054998504592 0.3022661954242757
7.011222094914176 1.109055694930247 0.3124211018228019
6.244026441806559 1.1052544656617045 0.2588755038372183
7.350855102367802 1.0929343436046548 0.35523033907966967
6.547777289718919 1.0835096987421748 0.3134175497889241
6.457785684593148 1.0996275205905506 0.32676005695729715
7.270902545202972 1.0885853124865648 0.3370536415099855
7.048886366433704 1.1118952233203385 0.30001919236826274
6.7760412605718 1.0873434388290486 0.3700206687775905
7.348572595609907 1.092319122864092 0.3549226284712178
6.420686563249321 1.0884189201912882 0.35100000166817835
6.307951771148492 1.0850242769930674 0.30846108517524323
6.697851304284452 1.0796348800385134 0.3821085642306017
6.598005155479129 1.0726187993116363 0.3855266774105495
6.549693961089787 1.0728554584462142 0.3820139659860972
7.083065339091188 1.0734621228500767 0.3843432424215025
7.296333951241504 1.1041675524361778 0.3068432575402586
6.8157084917631785 1.0690276300210595 0.38695641471871395
6.312539033622803 1.0807682859732832 0.3230136583612313
6.512838178736985 1.072423937140797 0.35534378075699047
6.477291958714238 1.1164354100166711 0.26708112925560223
6.47872277149726 1.1154289569670663 0.24733890096492692
7.289680607019854 1.1044923801883426 0.30961830392253487
7.128987192503313 1.0865414751694091 0.33291584749778713
7.036027668796157 1.1107439251392697 0.30256610746435153
7.194492402763013 1.0845469579298352 0.34608497394428944
6.342431969541254 1.1145871505007325 0.2639137601885696
6.415017198366 1.100514897726279 0.31986808907225567
6.727444534313934 1.1135117048940342 0.2552131384660438
6.9023254541789445 1.0951567961769904 0.3517884282347749
6.892519264766545 1.10451884258789 0.3242182558978435
6.543921157571578 1.1003935552680673 0.2727989925580213
7.063009391361867 1.1125151124853114 0.2784865705299261
6.702351047299194 1.0785599805071913 0.33664738565922125
7.241058368671867 1.084148609489149 0.37176522510901877
6.39030382739076 1.097153523362394 0.2785045040078673
6.640564068518632 1.1174862722619063 0.25635488234730636
7.0980742551009115 1.0969171811084575 0.3037191174315738
6.268526388888985 1.1100661408682666 0.2773859797282121
6.442687958809552 1.0736739383893577 0.3568108948374113
6.921282143106296 1.1050834099134481 0.3221524881504159
6.49237696597296 1.0738965562446003 0.3717601876218638
6.2133288935894075 1.0847941853358474 0.3179281630825249
6.1436995480572545 1.1028880995334367 0.279688353930056
6.999078339967513 1.074488826103281 0.37548537919659053
6.588885243495991 1.0931071606774232 0.34614625224268625
7.0340891088888515 1.1059901579711215 0.3182493979250231
6.300037809236413 1.0923506039674473 0.33040093847184604
6.982949849261097 1.104207692995896 0.28229415772511246
6.63768129783327 1.0765965088835288 0.34365538861362704
6.631948481038945 1.086630468568739 0.31040330607281597
6.170396642456327 1.1047631128974769 0.27419925710178655
7.27734505290792 1.1010523067956643 0.3193040611626491
7.1776768243491915 1.0810939490293878 0.37024857558597374
6.378731784240893 1.101314018394652 0.31341063255445056
7.029930136106422 1.0828052033736564 0.378780139400611
7.039568935670532 1.0797573428219762 0.3829546125533338
7.074372018820103 1.105154828631309 0.28715485458775775
6.282898475837026 1.0912096432145602 0.2960796398675693
6.954058551056569 1.096773465287267 0.3454799471743977
6.793710125060521 1.1121180275284694 0.26263486262235636
7.272376457278137 1.0977365313168126 0.3319622284352536
7.0478206069867255 1.076929417181189 0.3770095939020322
6.895894149224302 1.081171735189474 0.3792943624100999
7.115354119845485 1.103757550834658 0.29489325013668216
6.54575313070054 1.0764377789256176 0.3473456292155516
6.319595846049811 1.09216239023109 0.3292669000280509
7.060102628048906 1.084120166416387 0.34254456511416315
6.915473956768057 1.0761048166971647 0.38095892798014125
6.883426142271782 1.0778026754653167 0.35415439239234875
6.586180874550308 1.0767722038111782 0.3468987430572839
6.97508655790412 1.086602552096873 0.3282473007458197
6.365080749337951 1.111189148711215 0.2625073890240038
6.973824162385288 1.0795472906181867 0.3774815432570842
7.217180702842716 1.0946236491165031 0.33301692275613626
7.104247482400117 1.0903726775396365 0.35665216364111546
6.862024850068611 1.09080732463202 0.3558042260447054
6.495827105770466 1.086078852589852 0.31392709523227275
6.526993517909855 1.088816713193837 0.3061984326549557
6.950028032926577 1.0979220994703678 0.29789907168062263
6.378818803441716 1.1017260768724761 0.2745280186620093
6.909514768958072 1.0776531485810161 0.3739380180772538
7.1764158316280415 1.1016997375063864 0.3147534175727854
6.737517721062739 1.084817153723249 0.3645225411519331
7.135120584813102 1.0884308400683969 0.35757853086500074
7.145181186736092 1.103808045143993 0.30973885042837823
6.704309969432021 1.110872838933068 0.29112243727012765
6.657577346671211 1.1099647966312025 0.2934882217810263
6.897940084786585 1.0789933771444615 0.35578335452457294
6.425464442168817 1.1044853005537596 0.27030713698775977
6.548104685409665 1.0787821821117383 0.3446410792560873
6.692905927827535 1.0776673223149045 0.36755059629337883
6.8981548558758945 1.1093923341710084 0.29625622589397693
6.52812425990124 1.1079956909779412 0.266707485010772
6.430569764483433 1.0898405089762364 0.3370347085218635
7.097111136960308 1.0892456013202951 0.3528306253822687
6.781257555493319 1.1072201711521046 0.275323326085985
6.5824660412659295 1.1069697971462635 0.29811253409643435
6.515798026598278 1.09453900011761 0.2955490577770226
7.001032398341028 1.0983918579811522 0.33005216055126524
6.717022520102093 1.0882608956251747 0.31832597138072527
6.411815880646268 1.0863920317569988 0.33313517943097853
6.935260143180379 1.1065883754462666 0.3001846817950913
6.522244688596398 1.0981493843998418 0.3200892002987952
6.3587233651664885 1.091940370619094 0.30718843693435516
6.784317651392236 1.0952440254352849 0.3019783026577917
6.921464047181786 1.1061253592017195 0.29072989827960904
6.682319282828312 1.0976170444741598 0.3277414844214411
6.4731290495608285 1.0848496832627974 0.33728154582357034
7.007159952652078 1.0880595334972707 0.34723070318609245
6.661215814466223 1.1002615295541154 0.31935876438077115
7.048563177468225 1.0950548299471972 0.3330449821096296
6.878418558058788 1.0836299833662322 0.3546126687953626
7.031645713961229 1.0943595477604717 0.3230958561355834
7.004358886461432 1.1007370412737019 0.3072709595307227
7.0401441895840815 1.0980219032909437 0.3184319959977414
6.56180297943348 1.0982069694681855 0.31986530043711875
6.522953474104245 1.0908031946524597 0.30938433175582464
6.706074390105975 1.0827520306973366 0.3508905264863498
6.544640314828726 1.0916389527698436 0.33359875360101526
6.996296009677403 1.100548012462796 0.31167348113344606
6.679872495047338 1.0842200796447923 0.33798437358037214
6.693591617339347 1.0839008350252386 0.3404979778128121
6.4125336905123245 1.0941756117310386 0.31617030157371867
6.894337395939324 1.0928929489904846 0.3178253923229852
6.786749175194791 1.1039345291285187 0.3072811966769779
6.53318050850501 1.0978757999639033 0.2935203807301551
6.89118733215629 1.1042327190522452 0.3001512349035058
6.585881486660238 1.0863586078931555 0.3305831016050295
6.684812713245268 1.1053110272127065 0.2986804724465947
6.508769076722146 1.0914097026210077 0.3135891447831913
6.649009004986894 1.0872175352911233 0.3295291621650899
6.593212617413199 1.098776867214087 0.3152850638180714
6.7225495563992865 1.0878394691856308 0.3400222802989274
6.474998375520995 1.0958535705581969 0.30410936528860966
6.841886096937028 1.0954693937140452 0.32874931191793044
6.536189855591578 1.0914975259638613 0.3238778705496688
6.835301761879508 1.1010841439613432 0.30251026353056715
6.885306931875686 1.0977319390266023 0.31352558100303296
6.649415819688171 1.0898701672968878 0.32393964563334376
6.647538486016021 1.0921057058982677 0.32836965905632187
6.7307454111637135 1.099727137493771 0.3018003995016961
6.7155539151713 1.098605754824264 0.3033733338105049
6.620842200468886 1.0980289184202094 0.30738785145255093
