mu sigma mlo
1.509332980937378 0.2918693795060158 0.9542873802976495
1.2486661228975167 0.48781936726532665 0.9628579425019106
1.2331756260920828 0.3857196340508949 0.9186573565646544
1.1693456211408573 0.3201780937088558 0.9895830438837449
1.3262227055008688 0.3774803655376777 1.1999369442201915
1.0828340288027256 0.6345678324379902 1.0505439825327756
1.4825911831429854 0.27759201618701684 1.0503891149517226
1.2123611501276854 0.3048933869413479 0.9935338836145831
1.4423817704104804 0.30793926888511314 1.1596638217244486
1.3536739702713945 0.3452753851585788 1.193718528540306
1.2656942208312545 0.37305248975146127 0.9375737981899102
1.2766024506011997 0.5128538525996897 1.0720813732672692
1.1019387819850412 0.6107831213737528 1.0768254565226762
1.0531890186067512 0.5428785385944238 0.9924485585497093
1.1060711088281758 0.5946765876731668 1.0555515253851964
1.128460947158233 0.5928440676763174 1.1253242920061637
1.4046871114060302 0.22166423842658572 1.0475103237281582
1.1312015848855268 0.5843878199413397 1.0649042907699404
1.1730047611131649 0.520428429385137 1.0159287375266295
1.241017825807988 0.2950425830978472 1.0022812728294594
1.3729005052291412 0.3634955881805161 0.9680560338259778
1.279283348991933 0.37808721316974553 0.9560605988113364
1.427407654890469 0.3174709824324894 0.9775194466374013
1.4427160390164913 0.26314225286298953 1.0001026040525465
1.2906254220265447 0.4353656228626937 1.0009433752554735
1.4059995060771835 0.22619250190505188 1.1242432403082103
1.3073430696406043 0.34509377100640387 0.958053141334566
1.0791224136350992 0.4048530030443011 1.001202409444316
1.244194196776177 0.3057043745439267 1.0004798305087568
1.289786111661774 0.48139638586353506 1.0923757992767356
1.2465433275172404 0.5006354430390321 1.0629731659491832
1.449783275986369 0.2943687828771533 1.1064535382950684
1.1753428806553234 0.43917072849419253 0.9899428385137555
1.4136938130506953 0.36116362044190553 1.0526456362018286
1.399763774578187 0.2738924061075949 0.9696673241631061
1.0894482237139393 0.5516163592823844 1.0373756709411879
1.014998840029683 0.48460839210587014 1.0024786709851072
1.3616378050525044 0.2756581673420172 0.9728567983031203
1.2783839332120852 0.29846961584018084 0.9973157365544133
1.388345698595283 0.31121688423104105 0.9761887268799868
1.376822859003533 0.27954768076610464 0.9719483857129119
1.118280660941588 0.291249887987387 1.1080930196617385
1.2245262318243206 0.33809995892872435 0.9956851341526073
1.2657772714364328 0.3751050741134248 0.9804331522596421
1.2722342735555439 0.4236210875089865 1.1746493580134871
1.1016282272751798 0.5178017888255163 1.0248574929207854
1.1609932941328114 0.4887700664891717 1.0221311542126743
1.410686965218917 0.24281498416881964 1.1200272027256353
1.254603779220591 0.3773682969116439 1.1948385257638718
1.0768256520450712 0.4649094642601725 1.0056337801051227
1.1978114824998252 0.48833486705417056 1.160680996138658
1.3691886092395689 0.3511523011886324 1.1628063121276306
1.1866644206436308 0.5262394606511722 1.0934817812931843
1.2528390901445023 0.26612895754574484 1.0722704491014183
1.1484973676833417 0.4689561014233741 1.0113906752919612
1.3988911046889134 0.2392114891389887 1.0903853059369177
1.1350648825907692 0.5531241425206682 1.1178960396740338
1.2981837707079706 0.2951126170179906 1.0014218001241117
1.3188329765994051 0.4192409601301593 1.041861476299586
1.0848610794028275 0.530669606228864 1.0360103979581345
1.1327130515317785 0.3265935802377641 1.0547533028480787
1.3150429382432098 0.4235016108938549 1.143550669590032
1.0339608194120145 0.4014076510689165 1.030326558634926
1.1878484881587834 0.5026893045035176 1.149533226896602
1.1060547691304834 0.38554141054324126 1.0199420294428372
1.2611388911866217 0.4750198973774115 1.0837018672276677
1.1905477646263976 0.3767240670943081 1.0045189047318515
1.33383271994089 0.2434804822164284 1.080380875133631
1.0449041278729954 0.5150892612374124 1.0245588612179475
1.3589431029973507 0.3697124616636468 1.0296966542583668
1.3342662963321936 0.38859496998957116 1.1559660321933398
1.2191158229099708 0.3335195047550087 1.0159880798941263
1.3785616031408732 0.2722059920875371 1.014333027463675
1.3752969338550547 0.3769263526708464 1.0698272584266229
1.2212073467451043 0.32356253146945196 1.0234065344981365
1.1920778293624366 0.509335606251809 1.1286559144371593
1.1819008290543436 0.4186702338021012 1.0087636272900824
1.1902092422856492 0.45749910756669016 1.025348495754009
1.4214829967049545 0.29120846289852215 1.112475286042862
1.2994793544619319 0.31384290099701223 1.0020607438706535
1.184093589445867 0.26653410384944604 1.153617807514997
1.301391209727875 0.43610308693925975 1.1303237490099276
1.288997511181744 0.4499495106497978 1.1123999541773497
1.2341128086676325 0.4345759379812793 1.026148009063445
1.402761096965881 0.27328213629842346 1.1415811439221777
1.386409700231188 0.31322176217948716 1.0210632868734821
1.2200719452583497 0.4907591806798908 1.0885696352402783
1.2715462641697992 0.4593186128447571 1.0916428783359327
1.1620087223706856 0.5216759280813004 1.0860134420389005
1.1527861173199927 0.47449642048058555 1.0306647202733008
1.2260723562080194 0.32568965527916327 1.0244654977634406
1.2267220928538514 0.31514144953598394 1.0329127117055863
1.1421754441647394 0.5344871959774596 1.1114715677822953
1.308746451052954 0.27470880318580254 1.1841493692968263
1.2167759805626064 0.49073204552977207 1.096955367032387
1.221375678662488 0.4718617987198702 1.0596216102638512
1.2974496596416383 0.3878953144547403 1.1686058421678136
1.0814772102419294 0.47997907570929255 1.025489615211191
1.3152314912386023 0.25734871845166496 1.070324125359221
1.3299594642632164 0.2419866530988708 1.1282131957055552
1.2065959036620397 0.27450925317802144 1.186173183601767
1.2316210183536174 0.25907589145289345 1.1386754379790225
1.3636988584845735 0.32964531071653635 1.0216047686004455
1.2666260014564483 0.42090389174039394 1.0363549785982356
1.3365846326712036 0.40595845222647475 1.09845669960434
1.3424281726517338 0.3877889587212927 1.0586054878848168
1.3753362060670367 0.2550470027048239 1.1446474397225617
1.1590504255409928 0.36303476941073104 1.0287353333118694
1.2904122635038127 0.39194202098527203 1.167481719610874
1.2393379416594346 0.4531636928678937 1.056424931496482
1.2930517537280362 0.36511471034010134 1.0148509916430726
1.3218673001275905 0.3752977147925987 1.1609333791467835
1.1274456812323734 0.5336843307581486 1.0981943087538748
1.2164567535057094 0.383040203743644 1.015473696894323
1.3110622434077015 0.3356082014504994 1.0124903136159586
1.256043171588866 0.4545354141811734 1.1336407740475882
1.2463350880678483 0.26907271624918155 1.1804843524478634
1.3848037093118442 0.29424475527929406 1.0381768419016257
1.329003079012549 0.31026839663916145 1.0158718153894286
1.219349883649345 0.40574960388434705 1.0207726165328914
1.397258460681758 0.3294027686964306 1.0924445097936615
1.3460840613429024 0.39082883455006723 1.0983817600559043
1.3055233137769249 0.26142716279139905 1.1706765304562434
1.4063477110467835 0.28368060662755396 1.10191071381646
1.2032443055179614 0.4151862308155944 1.1843873951801525
1.3357769267973452 0.24742449160140817 1.1193239750583222
1.3755235205459224 0.3559693696953784 1.1075964982758408
1.1876296995782818 0.4522485325230915 1.041259017070471
1.314289326770326 0.3762555011769276 1.159568747554776
1.3596115437272298 0.37051404869642385 1.1118902943668656
1.280956086119247 0.4370043753105301 1.0992863186286819
1.281684789650341 0.28706892803860595 1.1856229633623823
1.368809798507701 0.2792785483930928 1.048250456053902
1.1910003480270914 0.27497698163489126 1.132881322816862
1.3280764735967927 0.40060561513105963 1.1011023953391144
1.2782851387411516 0.28937800606312786 1.0510639146387244
1.308697340922337 0.2912098656882752 1.038966487769421
1.082865243654924 0.5322819799584642 1.072662099829564
1.0555035422638583 0.524529244081117 1.0550811364948505
1.2072038108791185 0.4802695074486856 1.0969192650184962
1.151970054399483 0.42091261376248035 1.0284531914783026
1.3681721192358096 0.28405519806055 1.1539927406537478
1.2062741041526606 0.3927095169190795 1.0255878984289148
1.2871575457292626 0.30844239447386146 1.1858822019310513
1.3624300693380356 0.28355725396759873 1.0480954707971348
1.181797699887574 0.29260589022041306 1.1002219756815146
1.1935332852893898 0.2885011326263833 1.1011912138286852
1.3041437649400875 0.27459052725982497 1.064570590947555
1.2064474631891673 0.4456459975732157 1.049314904442979
1.359847000382095 0.3546178510763551 1.0691139500356768
1.3443437524676451 0.37652704029287026 1.0807387538483026
1.2710419027906903 0.25814610413324984 1.147551818562433
1.2373971986109988 0.4523960277979001 1.1385991062715006
1.2494204471557246 0.28009613215411633 1.084604995036184
1.20008178004917 0.47618779639269904 1.137420683582952
1.2407624004855409 0.4146421337951376 1.1676950712506016
1.3217585853794735 0.25241740037959004 1.1294374145727462
1.3892099651582142 0.2855172625164756 1.126404170453018
1.3549557169678197 0.33995850176545717 1.0515694987327757
1.1849218488879967 0.27940520724011064 1.1720926442690744
1.3867234086026565 0.2809503214794443 1.0817484730227562
1.1294756608727778 0.45376986115668916 1.0380326087470388
1.2629267311243864 0.4246105825036054 1.1490539425158808
1.3493337693799987 0.3244502061200184 1.158378940874933
1.2592308771912495 0.34412461032958935 1.028191731066452
1.2264458045410727 0.34819453781489174 1.0321561780746664
1.2658513550013304 0.4031397085915829 1.0450194209810089
1.2983761754507843 0.4164222595528893 1.1003593463584154
1.352753490291877 0.30363490436460355 1.0423052535439672
1.2675164655623656 0.4277680014734681 1.072512832479452
1.3493457308145906 0.33731904154229253 1.0474345165395809
1.2938460027358571 0.41907756110002836 1.0994203700944012
1.2343651757029654 0.4557880824087482 1.087823096575107
1.2029933504956927 0.273811876005366 1.139415950500647
1.1380085006561194 0.5034221680044192 1.0789364076125554
1.1515362359808343 0.4544487287574655 1.0433024823218753
1.3815455693573748 0.3137279378482223 1.1307178170988343
1.3421521950334938 0.3772146067448419 1.1147307198453358
1.1673531947398006 0.3794763624419281 1.0346722393901882
1.2407396554958976 0.26607504127376536 1.133773780856922
1.1895199153816556 0.27858501874136987 1.134846587025313
1.316287223741016 0.32067024203999356 1.0344392193046554
1.314594853066665 0.39341543839755166 1.0774674031411884
1.342902620843469 0.31969305654306507 1.0420188497771057
1.3255321804220532 0.28567397271796224 1.0533199004965585
1.295600708843337 0.3085638979758545 1.0404687110069186
1.1127964049326775 0.40384649963202907 1.038497049159344
1.2559447352006103 0.29215847955217705 1.0681566109436007
1.208311832582458 0.34975523709126355 1.1942723292686876
1.1455588598832969 0.41532159841900756 1.0350864776597837
1.2418239338378878 0.44669542100450266 1.1340632616900141
1.3247156872603443 0.32438357313855104 1.1677743034590193
1.3161400637018326 0.3452229029710073 1.1660114917332354
1.2169148651772377 0.2976633060514616 1.079985975320713
1.2210635542211468 0.31995361681773105 1.193231256821531
1.2168257530676494 0.2725460883380258 1.1573832242582769
1.2676409066458905 0.40070495899483866 1.0510236390730856
1.2446955591023707 0.2664800718341227 1.1413636849835789
1.1914359725863293 0.47011745984682546 1.0783364223699567
1.1778066285871152 0.44103654149231647 1.1715810536542588
1.2869258626192073 0.33384254311352846 1.0349870901724494
1.2221255478520363 0.3453690622357527 1.1919002413616626
1.2464251508924833 0.36260508340253933 1.0336609977685898
1.08574347798845 0.3895839063094064 1.0492693251028535
1.2111744093031853 0.3520894181414531 1.0392800852452098
1.2184745779614414 0.38713976302712866 1.1826905065867717
1.1841371158828031 0.4456695138940743 1.0524701240738998
1.254654647317461 0.42845128901599516 1.0736149264025354
1.354327013789991 0.3549315413018099 1.1203011008685824
1.3468206795095152 0.3018328449885322 1.0513919111510965
1.3540482842666157 0.26943425204597693 1.0879470026932212
1.2262829061509248 0.35711053852221003 1.0366570951070315
1.2782404120974995 0.41885217575110634 1.1319920840837436
1.2940711598545391 0.4102416662419277 1.1243904438763483
1.3085359701090522 0.3584649200478259 1.045831474380161
1.0842915508115718 0.4921506406482097 1.0550472978318346
1.1588533179109946 0.298899048508128 1.1120248618389916
1.3136464442210833 0.2884787841237535 1.0580209476164915
1.1161332367369674 0.5151674599213687 1.0980152153763212
1.158214471864912 0.4957314926076678 1.1052555029517537
1.3554369218997633 0.353731983124969 1.1057446070722654
1.0876535683979665 0.5034129362562935 1.0638276357071448
1.131974181269914 0.29927519125541846 1.1270584833045085
1.0936078241746179 0.49500397245682687 1.0597134764011007
1.3314978961252404 0.37828957037824806 1.112671631540787
1.3657074210826865 0.32604896562168634 1.076456586219309
1.2397740929253618 0.35771674360738626 1.185141606464185
1.309298170873625 0.28631739618823077 1.0623426442002823
1.1894796986619263 0.27980629937809415 1.1577225606081956
1.1035968285895044 0.44913433149313964 1.0434600523347473
1.1954342684657175 0.4399429013373629 1.164110277582623
1.2359127170274227 0.42845668670997367 1.0640742317829828
1.1006897927686297 0.5047112807291999 1.0727339174582484
1.3678743916288663 0.27499732996823534 1.1256631373186239
1.2084269035655157 0.38756534358478223 1.1836809343614791
1.2610277091545319 0.4203800420364638 1.0745455098615067
1.1493948763756026 0.3709074545303527 1.0470961921394013
1.3286663159890564 0.28371102672497645 1.065802249148514
1.2455491418389533 0.40761065632429194 1.0527864608783606
1.107679333286261 0.4563267864659236 1.046031303952255
1.3586785762341071 0.33967072768313655 1.0837447953681285
1.1800098978979756 0.28552630435200543 1.1320499495001182
1.1985613818377834 0.471371933979769 1.1142801353427096
1.2349249218111378 0.3139684192229616 1.0594758680372256
1.2933196536742515 0.3627408575878321 1.0466078148207392
1.3666610141022355 0.33183196370106505 1.1032308292653747
1.2886226026523362 0.33046945708354813 1.0417882110532926
1.1642407489715583 0.488356930425565 1.101979546269506
1.3593476439913215 0.2853150816947193 1.077664397408057
1.346372869009167 0.2758571030632612 1.1473343047870792
1.1931080758104367 0.3800753029349604 1.0403069783257326
1.2462485606942046 0.43523567123052104 1.0868531276259437
1.1438202881890551 0.499877370544705 1.1229825928028034
1.330495377816237 0.274593199916766 1.154653576985437
1.19048734089173 0.40659960486765817 1.04255208910598
1.1664529430030997 0.47475736363943494 1.146755749535635
1.1861437754150093 0.39795010728877583 1.184522500699205
1.1477532836917197 0.47450415211011954 1.068112690885599
1.248129045312433 0.424701507330507 1.1447768476445357
1.280518334432386 0.3217234079351427 1.1783721260011006
1.2217443064737425 0.45483414623060614 1.1131806676063813
1.3705710483201559 0.2843045876238903 1.1163569971379463
1.133224255294359 0.49018805705584256 1.078311963640173
1.299263563169358 0.4006072808593836 1.1168083732182685
1.1888149029855493 0.46901025280056685 1.0920802689734577
1.1839430723739766 0.28622327525007124 1.131537626408328
1.3078005415541603 0.3841749210642494 1.0789974728606047
1.284984986254499 0.4001539350741212 1.0768810053122801
1.3705879369683915 0.30859966806990896 1.121284104314955
1.1405449892879647 0.3610131411930537 1.056540877940258
1.1282473212145243 0.4888012306268833 1.0755544329895659
1.0914865867644161 0.3583868225657229 1.0718851764345143
1.322083507659932 0.3301698081465646 1.1610443563839032
1.1914150737956057 0.3005347024864479 1.0977709314793893
1.0863200026664483 0.5049151933377954 1.0723448977837144
1.1037860564574187 0.43388510600510155 1.0450433373450496
1.1496798890013278 0.3219569189870518 1.0871514894101624
1.3710080672362226 0.30992781831460636 1.1096333258843702
1.1875862256113197 0.46440900120809625 1.0840397306622744
1.2860153940970007 0.29307350209078553 1.0688795030382408
1.2523017074566334 0.3102531327819724 1.061478589262989
1.1094915748723788 0.3932604363452916 1.0501679647366808
1.3078404362229663 0.29853812578335137 1.168400701932691
1.214232640392484 0.4380648596886848 1.071058920484823
1.0830350470861447 0.45352339825828725 1.0487951050815583
1.1884176966537365 0.41611736624578083 1.0491647879070485
1.242508278482131 0.2756307208015341 1.1601088086398845
1.2397083648239189 0.30637186443704995 1.071142993393353
1.2931887894653575 0.38874035481479957 1.1419441607301026
1.2982900913076545 0.3907081089341726 1.1347442827546033
1.2573129580536615 0.3681163240510827 1.0465471531863917
1.3332296417207623 0.2737885271523475 1.1446267202669398
1.324624403239229 0.2862259370582545 1.1583610849783914
1.1512056456706903 0.4853516636772301 1.0923566355819685
1.0927313863597954 0.41135683375500215 1.049185917259596
1.1761916284236489 0.2877387240584305 1.1396417253272535
1.2489973796249831 0.34296036653838324 1.181718884883916
1.3156643373497572 0.3155274049489478 1.0552798503365592
1.3082713458528838 0.26950392949105956 1.1107141602344979
1.25115199437748 0.3780558551684669 1.049352537521174
1.1929076676126453 0.44779375394076393 1.072077069377233
1.0917454046537745 0.3762228878608195 1.0623946131142952
1.336452897622577 0.269400639471762 1.1211779730750986
1.2219802041648642 0.2992016873137103 1.0890208223786655
1.1616572952116069 0.45250001654060035 1.0631289995412798
1.1326939111597554 0.46186678057883557 1.06068212849232
1.2411825544429043 0.4360605911223842 1.118550492877582
1.3210940041690733 0.3647597332734079 1.1368271836815154
1.2803916834399742 0.3008141893670835 1.0672354674459408
1.262249365031357 0.3017120194242841 1.1776533234662458
1.2479292292805448 0.38190131855563614 1.1689935467433927
1.187229003298851 0.4299265864045219 1.0578039483398018
1.297430497384936 0.2795455310220445 1.1609966523430169
1.1504411173577678 0.38717716341854147 1.0494371437446146
1.2346961320298426 0.3013956416787298 1.181447695534784
1.1965115576455334 0.4426263882171116 1.0711659980131822
1.203280122797838 0.2836246397570782 1.13391425198187
1.2093289616516096 0.3961579682038711 1.1752913443499104
1.209223478254011 0.4008758858466797 1.0509205569130495
1.1461144173105247 0.4749600743245969 1.0784876487155393
1.2507401620600913 0.42566040162206414 1.097199944586896
1.3563573769743407 0.28583849284746937 1.103715739469203
1.2142148661981351 0.4410508421859499 1.1431809610959265
1.175771161231703 0.4615270240267771 1.0808146635976164
1.3288976777183426 0.30178419253927813 1.0677549375261108
1.3612749172556873 0.29738126476801596 1.125265766787797
1.2416065046174878 0.2947219050637464 1.088844098020717
1.2531764079790237 0.37084080481448106 1.1713152487219318
1.22330609135824 0.3124999705159116 1.1856077959816629
1.2628382275086845 0.3051053917826885 1.0691655533106743
1.2904202004425978 0.3252370159452586 1.0542631568534708
1.189624455418195 0.2856117049451981 1.1459029413430262
1.2522150001071204 0.3851682749449734 1.0558162556809663
1.3353870589978345 0.32928875798151547 1.0711193956274794
1.3540513402396455 0.29503764741372224 1.092077492790112
1.2163217948167822 0.43751892948431964 1.1436172848510853
1.1680315771776746 0.30318072364806176 1.1127181763033376
1.2757349438940153 0.4052435805871366 1.0954078931628892
1.215272003188784 0.44525730537637714 1.096513158975706
1.1797098148901775 0.33104749037010145 1.0729902349523963
1.282680451042232 0.38647002652895746 1.146810086679549
1.2033609216331247 0.4340486297934378 1.0702801202206425
1.0748550034808304 0.47387777182457463 1.0585894963871896
1.0814530746589324 0.4810631336855446 1.0632176807009144
1.287527074835844 0.35635752805550375 1.0574193324204324
1.2846597203072978 0.28091616118636875 1.098829474521122
1.337401951274788 0.31624081801436404 1.0733069442634091
1.1847687827519042 0.3827657258652136 1.0503614686673117
1.3162558656413377 0.31463178809975695 1.0635520626388593
1.2989825569258548 0.2711624695351264 1.1228357313917583
1.161150617033054 0.4094712454183405 1.0513089019691289
1.301638540653131 0.36882980931042786 1.0743082189053286
1.1704897569050865 0.34335575018736486 1.0669921903341573
1.1989867465428898 0.2864210430996192 1.134488814297798
1.1385021533843518 0.4815172367355008 1.0880609113790953
1.1989364390943515 0.3617047107239337 1.05322197838223
1.2587816049838951 0.2854047775969933 1.1017734002891741
1.3447866722685484 0.2860379368844455 1.1354904343292567
1.1004707921017 0.49726934975320897 1.0851352587507388
1.2293120104118502 0.4050063588364427 1.1620326027044103
1.152230910009281 0.3102947413346149 1.1106146389362055
1.1599877902457432 0.42187129760148856 1.0546650813404461
1.2145298857792544 0.389358739790509 1.053328082893231
1.3402097109393005 0.3409806665657033 1.1235844440591158
1.1642135577646986 0.33316130961344864 1.0782449859569727
1.2153912076475137 0.2865076794132859 1.12357980623385
1.2445267820385277 0.3525409181441502 1.0534182490445465
1.1202509347108476 0.4163332954270812 1.0527596581407828
1.2553771779762812 0.3268744905499165 1.0599113526194153
1.2899582712319662 0.3278693244763856 1.1676383305988538
1.352514437092832 0.3090732734209154 1.1003429360714834
1.271511728441562 0.2797118258867815 1.1108202113074774
1.124433761828979 0.4259134991843972 1.0537116085714393
1.1259298720173492 0.45171587272019936 1.0610227040174731
1.2068365303113626 0.4005975855872757 1.1712050469736068
1.3020033027645121 0.37312977259858104 1.1381381182137227
1.2037616015331079 0.4076778692772882 1.168600971374336
1.2833021444920747 0.33164071827708147 1.0587716125893767
1.3055037118895687 0.2869454209003212 1.0897432632791144
1.1617373318818358 0.3891839077167165 1.0535992389544524
1.3470767477704602 0.3238462724443576 1.125583802215944
1.270806853936798 0.33147267093060406 1.058790001690847
1.091509619136935 0.44629896434673705 1.0562949206254377
1.185278356619186 0.3359254365728109 1.0709447435913548
1.2397011090633494 0.4251701006345443 1.1322739148784573
1.190947573199693 0.40994679742329215 1.1713900869685518
1.0756604189188428 0.4907836670157797 1.072472160379355
1.2198350905435242 0.40339057450720794 1.06137756488965
1.311333822669728 0.32628487578402643 1.06646990416281
1.1237148329559423 0.473259926368058 1.0763448202726147
1.3259518929303855 0.3186358538100557 1.150606064385438
1.3065897195806075 0.28004381315305743 1.1047112871100069
1.305806603279186 0.2936305898412635 1.0827097278701534
1.343256487947118 0.3162048499706372 1.1348838678220607
1.124111085146694 0.3214290267707113 1.1091170387430016
1.3300278578609537 0.34870815178314996 1.1256363294722171
1.3247510753024876 0.2854623862911812 1.0982549079009167
1.2251205479742562 0.38324321206103823 1.056574024974003
1.2067832582896414 0.3054059525902146 1.1800589207085705
1.233077069163003 0.35382087948373325 1.0561962325847827
1.174915888834431 0.43950289442755835 1.1597485508341758
1.1526160721063547 0.47830315460645345 1.1137977937298498
1.2959568699527335 0.34459909085165263 1.0647883836545238
1.2033431019467897 0.3270399950952788 1.1862326283704818
1.3082878495664432 0.36806732826981603 1.0930635579844248
1.1916653276478884 0.45650023777792625 1.1155818818890593
1.17161883737483 0.37117514227722015 1.057659079739998
1.2709418672605264 0.2762480976331513 1.1285005335090486
1.1736222009842263 0.4448863816569605 1.0748576557248717
1.208461497055685 0.38193348433222873 1.0556562517941237
1.276199883593609 0.27970001585867155 1.1154020684506558
1.19092962176686 0.4430354618835148 1.0821579185379238
1.233939460225123 0.36877366369209696 1.0565160874487647
1.3164035625985715 0.27605410570359823 1.1276861586507245
1.2711857647820568 0.2784936387801487 1.121686793536944
1.3050443929106401 0.367885896737944 1.0897220145415845
1.1501063635844013 0.437439655791674 1.06304688671637
1.1834238376802682 0.2975880572767287 1.1229419536736742
1.3426106775765771 0.2905822945802194 1.1246203237120709
1.3358829519657516 0.3373396943997015 1.1057017317054383
1.176599593167811 0.4164819106518161 1.0601366681862865
1.1105853574199482 0.4969785653653634 1.1070363434423827
1.3066065290029654 0.3611842810965518 1.139920432184303
1.227843674104077 0.31591113272068266 1.0787655958314666
1.3312921362099956 0.29927391655348734 1.0897382786338508
1.1208919415472707 0.3216519843301295 1.1126534165036097
1.1278459518529624 0.38571165136566254 1.0600835284376302
1.2920588430913753 0.38069533979979603 1.095513631974082
1.2296347502846272 0.32181550866969943 1.0736356605066244
1.327108630234208 0.28501589870481975 1.1377503569478011
1.2745407099905632 0.2872549244690836 1.1018691063440398
1.1545478194492933 0.3701368239196232 1.0617174690069366
1.307484575779315 0.36103695612115516 1.1380616667338512
1.325736450311831 0.3272291839981653 1.1432729794203897
1.2358637977021216 0.421601347912626 1.1364405477516166
1.1008548846939747 0.4612360050788284 1.0655946337872073
1.2613759557379836 0.29624377670517615 1.0921767679561856
1.265749746292533 0.39402255531967006 1.0835376794993747
1.2391041551546287 0.42450691583620376 1.1187386141623286
1.1087650618642002 0.362772172181322 1.0757825080112526
1.293142139775295 0.3679683064076938 1.080669104705005
1.1687343760568782 0.4515378898519864 1.0821574523429436
1.2693977986086578 0.3235196948604763 1.067302910067213
1.3000951688487006 0.27928694183527913 1.1181562982023363
1.3156853777494177 0.31532792163335666 1.0775295998345713
1.3051403250515508 0.2917060895746892 1.1541831671167608
1.2670641860995762 0.3095499356244032 1.1706508703764331
1.0808914272618182 0.45307125244582974 1.060984151422689
1.2203458513825818 0.4315982797779377 1.0989704311602089
1.2064796599353613 0.32260689868410547 1.0804806412292955
1.1962576716784559 0.4338811812588706 1.1506200774853035
1.3410742085570155 0.3193495652675378 1.1086422271117358
1.1883201736169404 0.4520043479320934 1.1328625319035859
1.093640447284996 0.41410269791904053 1.059208179224716
1.222084185300905 0.43394619041104077 1.1154770071093705
1.2067820305851895 0.3604831594254364 1.0600545454661312
1.2971303456376995 0.2785529246933838 1.1378691261268563
1.2175249962227135 0.3995018389094552 1.0652843761664703
1.2740113821856518 0.313848060836255 1.0741548296725658
1.3091979162943148 0.3305368228639719 1.075132930768402
1.2342074812554629 0.3956392987270585 1.0691897381268056
1.2576654611282938 0.35638618619792717 1.1675717931302376
1.317366009583319 0.31005817424833965 1.0821794312107824
1.198874268686916 0.29000544809085055 1.1502295551082942
1.3384668858605138 0.29741582132396216 1.1147142232838239
1.1931922476094046 0.354059036071821 1.0643066691251937
1.2281257089798157 0.41135633462692195 1.0789559081203148
1.0724651163791514 0.4459083926657642 1.0603511288728449
1.2043293826136197 0.41603515972915356 1.0713126327857188
1.1955835731922222 0.32534249458430065 1.1842847818145308
1.2568336907721975 0.35388721467098383 1.0627797530246625
1.1912593516968428 0.30914268486443525 1.1789298729355715
1.1149902413406254 0.4654704582558868 1.0746189324912427
1.1458181634695603 0.43290093156929293 1.064633133471185
1.1559155051736016 0.3849588759190403 1.0600331833675891
1.2631941570532477 0.3270243963457344 1.1712054798951679
1.3127336586530294 0.3235834855575756 1.1511263232299096
1.2625435263514402 0.39761139845462323 1.1376257601147155
1.121965244511004 0.3464304805669717 1.0864870067883805
1.1474009112003463 0.464234553989487 1.0885167263719662
1.2641028785985302 0.4016154743145335 1.128482173763063
1.0902754855066972 0.4754034983612661 1.0748362693178652
1.3137538389201913 0.3561547082693721 1.102442470436337
1.1264182316680054 0.4798301633295403 1.097521851559845
1.2233666133296361 0.296237914940503 1.1108319136520626
1.1734327340697923 0.2995439194325961 1.1302017439805867
1.2654697193201407 0.280619571021131 1.1387437291904654
1.1939968146462567 0.29283888826423093 1.1373651532396247
1.2962955400168776 0.36652551597239846 1.0897780189293698
1.1260935540732235 0.44997539307179846 1.0694128322840966
1.2125583388146346 0.3640779767241764 1.1774631709572123
1.3342255250288182 0.30319536667482605 1.1055153893368321
1.1500355229145272 0.42926668896327125 1.0652419924403775
1.1084241587471306 0.3349901838846925 1.1034760731565911
1.2374667402730628 0.35101000240652913 1.063536361977014
1.2767050776556463 0.39156890327861965 1.1216227469690137
1.2829094434769721 0.28357636199875585 1.116703893566693
1.2248306285977881 0.3411385875118409 1.1786118793845022
1.1671584261746901 0.30957504525576546 1.1148210498234923
1.1915225240610585 0.32555538062969447 1.085100667156374
1.3109306572408113 0.2864092800997398 1.1127865472379574
1.2976233978568648 0.30817415988398544 1.1583630646214322
1.1841048191607446 0.4527569625480616 1.1126786103806723
1.3174337050866582 0.32794534035333134 1.1437233063331995
1.1784767577657378 0.30246430398864466 1.1220937902381884
1.2881752889652645 0.3313961957116279 1.0718488082317483
1.185685589177431 0.3136148673449686 1.1798486645171338
1.3013722181470524 0.3078382402001373 1.1566774701820297
1.2950984335117437 0.34899887538295715 1.1508168879627512
1.114049933424203 0.4898814088296061 1.1106573247090417
1.089386163474403 0.4373270370138525 1.0620541820177105
1.2814091895858262 0.3120730170915804 1.0792822607535713
1.3062547152163841 0.34612380409249266 1.1430625917207453
1.2909386198306976 0.3218695980014564 1.075951472004041
1.2855877979031383 0.3544147876507423 1.0761078265736017
1.1405143153163102 0.45120276558762756 1.0765462352446236
1.1098858091137858 0.33902993252679237 1.099599242085183
1.1705081034579743 0.43481389876619336 1.0759265528725437
1.1815252084958028 0.29660718715858136 1.158656311735486
1.2794169140412965 0.32279901256561105 1.0744868377930545
1.206412135005759 0.35297407715879986 1.1805545039406473
1.3333366842186518 0.3180770695280317 1.1092928362321073
1.3040800045715697 0.3062924150562067 1.0863084315778861
1.325830051675728 0.30912514175680234 1.0976668370858482
1.2809298891323928 0.38260762685075317 1.1312585268585647
1.3192616898336773 0.3443310103532675 1.1075760413017068
1.098976889404172 0.439282546527182 1.0640968096489953
1.2978718825756093 0.28514039740138714 1.117603444862897
1.0778081204643346 0.38739741581151715 1.0726819987277498
1.1068494137834393 0.3520547821431813 1.088518835650636
1.1661895251260301 0.341198405053485 1.0810280202688347
1.2234796635484422 0.4266951043326279 1.1137210603798557
1.2112993142353892 0.32360456670082705 1.1794317768649079
1.2991368599348685 0.3365839402218557 1.0792590800809498
1.2245189173440465 0.41370684117772594 1.1454602297761727
1.1490626142759035 0.4684579831083345 1.107570309734818
1.324730409476942 0.3284549349499493 1.101481810700446
1.1959674780873222 0.373817478302251 1.0638235537050853
1.2734102508399125 0.29183721403471446 1.1071681582266957
1.2550136981031406 0.3732288915921019 1.0735261072433497
1.2669303852432001 0.2861590523049755 1.1493850245366453
1.2072933383183309 0.4354988775456412 1.1295355211210985
1.1879204338177145 0.3342334575625167 1.1835006020679053
1.313400324289062 0.34957811010526435 1.1237314595037855
1.2292280592364702 0.2885613685323759 1.1476504660732045
1.3124099196032288 0.3249054278712954 1.1445339949570021
1.29450819888091 0.3177151096426469 1.0817407733220061
1.242114122028388 0.34466860162491486 1.1719138815429324
1.2601086613490171 0.3069470134941865 1.0896281600851734
1.1896401617771641 0.4375750049887 1.142577885892628
1.1206236393344238 0.4454674292145827 1.070664133108852
1.2307915667584837 0.36901501184479624 1.0668319796045775
1.1381213776038623 0.3744527642427594 1.0694550834677339
1.1187333334252012 0.42466080447864324 1.064609217749481
1.2459999696028299 0.36431388144380217 1.0690776979657142
1.2742948079432965 0.37241592581029825 1.146242862317655
1.151632538234415 0.46765176693479293 1.1226993993780954
1.1494021761300892 0.3454712133791086 1.0837543724274563
1.2183985817671 0.3984342759132643 1.0743495588917105
1.1605883426519168 0.4409918642240824 1.0803882883206863
1.2199001563990803 0.29079655230682855 1.144326344304389
1.1112685803343028 0.48249839754638574 1.100218105021126
1.3060605595469446 0.2872401544292045 1.125120180868687
1.092903988433201 0.36223724399464174 1.0860874080924134
1.312062879638516 0.2916467831949909 1.1163738311805962
1.2818544403979153 0.3186698286523859 1.0810354575236159
1.2358639482760243 0.4156794278175652 1.125535185449783
1.2057994958326743 0.3078630126315056 1.105880043895127
1.2800641875021526 0.321852087003253 1.161859399815794
1.106650857110788 0.47370652626758847 1.086636933177561
1.173678412508561 0.361310010930571 1.0706339186667218
1.1633426887130431 0.3914088904225866 1.0651897850702206
1.2248218290882595 0.29020924271134585 1.1402868396308958
1.09652359836834 0.38425973296755944 1.0732131054255147
1.0722934175579852 0.44367703281836574 1.0662287105428523
1.29642267464582 0.3633697905589149 1.1046395241300535
1.187341631455355 0.31145446403667393 1.1086604444868378
1.10893683946508 0.35251454827449924 1.090207314290613
1.2836530254181984 0.2916996626735779 1.1498049314984633
1.2780698301129918 0.3460312406657591 1.156991693860594
1.318657469452949 0.32941733549570934 1.1027407001282987
1.2975287369524469 0.3125658050707296 1.1533414598736949
1.2144874907185652 0.3433340978968836 1.0741075663200952
1.3038043910622175 0.2895504946657862 1.1338283935966977
1.2345461082235771 0.30562687087199963 1.1681648075604307
1.3011063115730688 0.32926747233979164 1.0870940934826165
1.211066199212402 0.4048391080540666 1.1570986433427306
1.1616115822837338 0.4098163648118528 1.0681962181713802
1.2908827847573192 0.3442586429923058 1.083979210675078
1.2179620719418862 0.2984850668016171 1.1642784858423028
1.2030033135793572 0.42129826166651435 1.0877599497583
1.2232246974856087 0.3620990940304074 1.0695358630153406
1.2005711711914346 0.37550800731974454 1.0678925575691312
1.2346912355609931 0.3008502839786717 1.108531382212757
1.1535598237673708 0.4563161167033712 1.1414780884084341
1.1724467297269308 0.4437993944634162 1.1434217773824729
1.2293473885512667 0.39872199408217673 1.0825183242929401
1.1670072923517432 0.4424314317525695 1.1492914477834957
1.148397607787134 0.3404743067854398 1.0905748461512377
1.268408041589135 0.2934013075962752 1.113074542390643
1.2171222900770668 0.29769193243094977 1.1614615536464048
1.2891233658688697 0.29032703165920504 1.1416830280950858
1.1987034414447921 0.36800984598717595 1.068833235635666
1.1874207545449065 0.33837471263733276 1.0822945759143852
1.1919093350027388 0.43178946876882385 1.1430883597018036
1.2085193942160113 0.33165096354577844 1.1775731222600376
1.2604277381439668 0.2876931717437017 1.1306459874843848
1.2847132592648132 0.31101144257901026 1.0905290079968757
1.1136690759182888 0.47960236852034926 1.1045697349910937
1.222673642462656 0.32631030308981845 1.08410345556518
1.1660402872092255 0.4329871932094574 1.1569551506339266
1.2801774362597502 0.3223004110648558 1.1593224184052193
1.1431003502505104 0.3987109972729096 1.0672398555057272
1.0870401012841888 0.403903905070235 1.0697584703171323
1.306556992869292 0.3454825160338911 1.1312828588638342
1.2591806908487375 0.2879809273573059 1.136130510896796
1.2534269882528635 0.32370784502036276 1.1676657181837535
1.2890706188286298 0.35454536322130753 1.1423113495739303
1.2754442516660278 0.3794132978876904 1.130456351945105
1.1739466173748176 0.39288465705346526 1.068440106895846
1.224641987966887 0.33553206634539595 1.0787801578727625
1.101462118434962 0.43174036371663543 1.0686225866269758
1.2237871802213949 0.40472238809901756 1.0870154339004998
1.194164273510569 0.37853535198149124 1.0692587444251482
1.2015799188621565 0.3350428677793445 1.1783665871148732
1.2157331084672987 0.4090498956801267 1.0862718877059083
1.2299786876965926 0.4139847345603135 1.1106951543040056
1.2621328233509481 0.39139892620404393 1.1253055548598656
1.1953928033098833 0.3925884652327511 1.1678984835698518
1.2360672370997863 0.40694839914279407 1.134932417715065
1.1761405887951049 0.3726334470547289 1.0704213815229013
1.27580260301451 0.3050910494535722 1.0983477070037797
1.1328535621953555 0.45923063513291557 1.0912909706370177
1.2462746102931654 0.29120693941288683 1.1464172412611937
1.2357118015295745 0.29567934657223666 1.1215714393409375
1.227766915490434 0.2973628755991085 1.1212291200149391
1.2746412816379316 0.2891990302911244 1.131507834021448
1.229915586233842 0.4017932810278119 1.1454156060672644
1.16244628116862 0.39434879531108297 1.069027914739253
1.2532551595184864 0.3803047781960652 1.1488929340660001
1.22264269036379 0.3777104469398075 1.073829176108606
1.3194679189242922 0.3131965908280928 1.1260462172507324
1.1153373959441502 0.4151725191714098 1.0686001793598074
1.1825280085840797 0.3730700633579904 1.0705710006052642
1.2034364079662643 0.3695129130505383 1.0708862619057542
1.205352852413416 0.42439946798327227 1.100077985645628
1.2626666644652766 0.34898025289928764 1.0786421405641158
1.2456724342084247 0.3072348955430777 1.1003116661539747
1.151816499630537 0.377544965718518 1.0716493577463904
1.291211792607319 0.3433170252131591 1.0900804321906712
1.317791512091865 0.3107277211270096 1.120109609108824
1.0950489153653056 0.39127942522356485 1.074210933296797
1.2585967598861503 0.3926372113737176 1.1201048490983583
1.2135262853937738 0.4245710273621495 1.1216484602984498
1.1320387063518833 0.3932468300008585 1.0700516623998564
1.2442450948674975 0.300663133160682 1.110660693040491
1.2253414583242916 0.3738689378653395 1.0743911441957532
1.1979482975913152 0.3569923370406433 1.0745516103231094
1.2506615935826593 0.3979188750616967 1.1224974816592517
1.2174265320433486 0.38200903955342835 1.075284978366466
1.174754002600316 0.355406469028969 1.0778937579365413
1.3046052475835572 0.29960654965546857 1.117421951194021
1.1263753864406487 0.4520183826278454 1.0839057625563762
1.1994979112623414 0.3558083286817132 1.075924297975886
1.1235197003763508 0.4082386444878931 1.0702762129619647
1.170121352342572 0.3766632386691254 1.0721927078577274
1.175060587147742 0.3876619250740516 1.0713651642455064
1.2795052850428699 0.3500822354211344 1.1487418721478666
1.2395634056630473 0.4018611301202374 1.1061841465203037
1.2843699176184553 0.36353920266082185 1.1320075507349063
1.1596700065307546 0.3371899019145681 1.094475038600717
1.1875175590850422 0.42116276312022655 1.152061255368658
1.225747428361926 0.4103605267452568 1.1355623339908514
1.2318299841347946 0.3361655210354264 1.0816894542796138
1.2551669095649176 0.31993946022545355 1.0898414803307588
1.1731819107376766 0.37937435870873415 1.072525035602485
1.2243450548059136 0.3051249117288618 1.1131192908171306
1.1843548370985761 0.3023416737980213 1.1456790327688486
1.2942651274901777 0.3188031128737005 1.1471379749319992
1.285706604765847 0.35423725269173517 1.099251243567376
1.252796012101539 0.3404706263988772 1.1641048350190828
1.1117055405351586 0.36231777091314493 1.0877247386504316
1.2814411135385635 0.35865484316270857 1.1393230029090842
1.2807795536352746 0.3095379172753064 1.1004758957056844
1.2064452919055928 0.37285266138278256 1.1692636425403227
1.2404444791211242 0.39751388040586344 1.136947687473849
1.103067412717778 0.4570138468952896 1.0824972157837331
1.2032042144607757 0.41860142312774595 1.0973070666714968
1.190426193173963 0.3191317098934506 1.1053565320717817
1.2309878448552056 0.4029463956170552 1.1009724485627765
1.231005193348677 0.4089636998663278 1.1259134887776396
1.2428892407136711 0.3931009535627579 1.0997747672751228
1.2002870375762535 0.3382491276131285 1.0855106564124697
1.1693898896906005 0.3110838297265664 1.125715854040162
1.1987522116552585 0.32572309632990243 1.0962437579173159
1.303799437427364 0.3110625589269908 1.112309574127509
1.0751358161672444 0.4059527165090501 1.07486678595984
1.2099590073573336 0.29848705114332286 1.1481389996366664
1.1248229228453912 0.44841674341068544 1.0842232943609393
1.2264434921876866 0.33567219029209683 1.1706012944594124
1.1309828838849136 0.33086793331419395 1.112112669214873
1.2986744206009342 0.3328319898748653 1.1024891694696366
1.0995145302636344 0.46832157692464416 1.0912044325924057
1.2624557845876974 0.3281559029875255 1.1606159485093994
1.1991811546102653 0.3997632650991702 1.080487421011864
1.273422323441603 0.3506860635108254 1.0892309911082532
1.1455798155946613 0.36256258770722277 1.081689086522096
1.1772577658179242 0.31816682743496033 1.1122645696065814
1.0886951648020162 0.40300217327898064 1.0747095181384505
1.2199194231001056 0.36389892088716563 1.0773154142751893
1.1384379693006992 0.31456120264914433 1.1365561069109191
1.2143417394201546 0.4184512913132236 1.1290727343796023
1.2147307841267045 0.3399501362574133 1.0834326621633488
1.212280162561821 0.34891960581312387 1.172748636850604
1.1897303576587568 0.3111686721209724 1.118304864319505
1.224179326949975 0.30518276355177854 1.115804208743135
1.1582852446343332 0.44165464731954635 1.0957641183478124
1.202819626962821 0.33193793933849886 1.174593539272687
1.2723118314975423 0.3565448228873125 1.1461413384810553
1.2955074361923065 0.31882042808868344 1.1029134492011976
1.2524704561504112 0.29984565869192087 1.118040818403165
1.22474409411485 0.40915064178476906 1.1104770209903765
1.2044868087987881 0.34527922441556264 1.1744749795124834
1.2381043098826714 0.38897332613227426 1.0937336570424474
1.1717884339457276 0.32042018641104447 1.112320796963803
1.2501154336583107 0.2986473195874124 1.121649973115192
1.281032664867342 0.33837798585119216 1.0931514722131817
1.1963045097300267 0.31872152700413775 1.1714439983213945
1.1697616621003821 0.312692346655704 1.1248606448710747
1.1738586653499123 0.33856084001464665 1.0927754335925106
1.1257856353857232 0.4647076812695281 1.1058137978617637
1.1538774547750372 0.41884588288733804 1.0790555997375368
1.2945092484599519 0.31530208087231415 1.106858292505095
1.1835428371213341 0.31916088463795744 1.1721639272347357
1.2952056137571542 0.32813667473901403 1.1039727799355115
1.270112530161878 0.3238978909362176 1.1559775706884763
1.2025813769727312 0.33506686739451064 1.0897708031941804
1.1566712777990764 0.40778719850195305 1.0767927838920677
1.2484181903431457 0.3715041671628172 1.1509722892300562
1.1805072922035929 0.3121192893926194 1.1666243609785532
1.2573298798230135 0.3816763576899051 1.1077416710956216
1.1680160788005842 0.31630172751575336 1.1204162723126894
1.2501566626418583 0.3797236241689536 1.0974016015233887
1.218209124887017 0.4015415026785603 1.0942650949096977
1.2277661614002588 0.3652312072129164 1.1638257553186293
1.0913727175358763 0.38744914485577603 1.080721501523078
1.1979394200955056 0.39770561510463354 1.0822473268497335
1.2317505089553946 0.33208959397415433 1.0886142466298336
1.1637956932566966 0.3281915302755824 1.106355685390991
1.1413321252143684 0.4070653841251717 1.075814631550131
1.144954849519288 0.3801548944183607 1.0774319411408995
1.2596229485721806 0.32422381449194476 1.0933012814179788
1.1669579438726845 0.42369093713534545 1.0864210906269676
1.1554147682266134 0.31041945458516107 1.1514892964227732
1.298032406004212 0.33171525805439106 1.1330637861161104
1.197589732154248 0.4064904811856607 1.0876638918561037
1.1168382041870326 0.3604655653264147 1.0908359333825077
1.2282415628544017 0.3912373196924387 1.1484430815460844
1.2532704536543298 0.30341583640745745 1.1533907565943593
1.1562449355431181 0.316813015558611 1.1252603698587416
1.2635358464547024 0.2966167112036082 1.1351389887906236
1.1075986665093396 0.34541884011600765 1.1058997248116995
1.163644135877365 0.44048388894528395 1.1406159928906832
1.201154921970717 0.3675479160469833 1.0791152014501444
1.1172678589081968 0.33514628349251685 1.1148765005494354
1.2768740141199804 0.29914361056646527 1.126067288863
1.193171772390786 0.30794374319543855 1.1264036189139035
1.2689011484544748 0.35049943054645943 1.1485903799542103
1.2515827056444984 0.38435331477404927 1.108960141741444
1.2735490836827437 0.2992703705019608 1.1346378692464976
1.288049518729733 0.3089669870251138 1.1391066801718857
1.1840704808642737 0.3744576368806194 1.078825689806548
1.182714835436912 0.41939181727323377 1.1502691215382006
1.0865054703961217 0.43669125614892507 1.0773989746180779
1.2023844791599887 0.33870016600065556 1.0899974265705896
1.2544402544813245 0.30144729838268963 1.1227867095258954
1.1585665126345535 0.4022912727867385 1.0786413635964922
1.1884347471953909 0.40700999808603044 1.087124151598901
1.2357805416897547 0.34682306777136046 1.0858707431977288
1.1391997774542382 0.3302569783957304 1.1147581462757654
1.2132118231763407 0.36451859852690854 1.0819304887835237
1.2499814753413767 0.3267610874478065 1.0952018912166
1.1763579737553873 0.3217188258760564 1.1134019300927271
1.1264322433028169 0.46067954810487355 1.108591819307875
1.242040544790205 0.3922821267764493 1.1232113974064277
1.1085860703926798 0.36680167365666183 1.0904534244943709
1.1156807157879487 0.3648856647292964 1.09016001210619
1.2324642639398031 0.37779532118973624 1.1527511590329318
1.2376654757116214 0.300631033271525 1.141704494633343
1.108260424607829 0.38307671313163716 1.0824511980331994
1.126487810092729 0.45570109635989664 1.1007944114773744
1.2662554646103235 0.36414888481696667 1.1379205816356468
1.1014754735151953 0.38136197807894456 1.0840741120671307
1.1769928274541694 0.42615162008537055 1.144190583589719
1.1490064512162583 0.3364053652248335 1.105049839365444
1.2469165011847914 0.38673727659131435 1.1150293384528596
1.2728915905071623 0.3192673490828001 1.1039176478798192
1.2343743187250904 0.3146289524671251 1.1074865771633233
1.1317904309073517 0.32365979813367524 1.1276499036296626
1.1220813338070887 0.3623422070228059 1.0911118170019056
1.2875089020696326 0.345586641877536 1.1267543858504312
1.2292993494514124 0.40102113793310107 1.128096386277335
1.254041439073885 0.3755247264581486 1.1052850639641465
1.1791734839583494 0.43229707573027126 1.1328511372661718
1.2329847402159846 0.38535251354086536 1.0973682868318182
1.1998960209493226 0.41780538344119056 1.109230431994681
1.1606412238694692 0.4282805004571335 1.0926946549366088
1.1709846461959446 0.3780848891310705 1.080117257890285
1.2579080794935669 0.3569231577811585 1.0953099582449555
1.1749300492474912 0.4255344030620266 1.1461767724217427
1.1512941821558504 0.42855259935124496 1.0889522238422422
1.1126521770503297 0.45912918701540123 1.0986991960808132
1.215434173417107 0.3805529360169666 1.1581011378261863
1.134056262659094 0.4466231715419832 1.0974161053161824
1.1852638916470704 0.31435359224475146 1.1227183296226555
1.2589732224741543 0.356360917862222 1.096076469180315
1.214030550059816 0.4108669309547153 1.1195764057102437
1.291913371239369 0.3201599976102202 1.1320068328443864
1.2423019685542724 0.3067398889058196 1.1530056821994434
1.293082567048339 0.3312986448628934 1.1267804381504805
1.1743038475629657 0.3490242574157977 1.0904302769513483
1.2708143990627865 0.35654441627167394 1.105910618715186
1.1538917644468751 0.43163486555892544 1.1521684675997852
1.191239592719246 0.3578550606039114 1.1724136801923304
1.1988260148670964 0.39494373039584857 1.0879157444794723
1.1896379976504272 0.4082614597903055 1.0921917842223126
1.1923027297841973 0.3147535074988205 1.120259518906049
1.129129423330259 0.38744907667055867 1.0808920267801199
1.2692225182592676 0.30982552580392625 1.1161130138487938
1.1904253010692998 0.3643668552039723 1.0834889953751046
1.2335408731748878 0.302442329167068 1.1361291566893372
1.282647441969824 0.3455753044228296 1.1177885893930326
1.2796448172151806 0.3477597580299208 1.1148903393234115
1.2722969074054133 0.3480555796625603 1.1046221872810134
1.2277293688109019 0.398709869307635 1.1302100907934283
1.1951164957726093 0.3933582578425843 1.0871233079720872
1.1927299722846636 0.34189206227315444 1.0933303846743438
1.2793201444445503 0.33438315669919916 1.1077306148555486
1.1773092474847273 0.3127622267952808 1.1323187929638339
1.2376783626191383 0.38088304616129 1.1006414712720118
1.2818117378727205 0.31545800308544897 1.1182644950511955
1.186170376053235 0.3976410781340169 1.1596841900648207
1.0991030347707975 0.42754908837046535 1.0806781172258477
1.1448793553837473 0.4009469834637074 1.081028564755244
1.2269025677628451 0.3135032643898915 1.1583220744776896
1.2271613359337432 0.31322199999392314 1.1579030589871477
1.2113667101536336 0.4046773001114039 1.1388754589087446
1.1795838529885492 0.41120828880760074 1.0920565323234026
1.1719791869972433 0.3592641889090363 1.0875581542259698
1.2541862418039802 0.30365639037618325 1.1326179590629055
1.2566900250608233 0.3699661793273466 1.110019555920134
1.18618385087745 0.3438928920129714 1.173045502912356
1.248974989257418 0.3786666047205467 1.132439169508419
1.141708003155631 0.32913127692730515 1.119025003137558
1.2325291546627701 0.39421130628018075 1.1202405165833185
1.0967359221154196 0.39724958596627247 1.0820460335350945
1.181790921215843 0.4066434843499251 1.0903409726850914
1.1750815252633244 0.32668239383964326 1.1700079671466581
1.216228729790246 0.40598342087352207 1.1210419012897819
1.2718029921384655 0.33483706934837004 1.104739443403767
1.2234338245002239 0.3988716428690171 1.131957442617655
1.227935066152475 0.3788598203396011 1.0950118916642713
1.261854493545878 0.3641504851175319 1.1119222931303911
1.1456337855406893 0.37549925210049256 1.0843777657777507
1.0944057973257884 0.41431173847700686 1.0803546265867305
1.1833597869832242 0.3377031154634741 1.1725591304860834
1.2615661725077145 0.36448342054043004 1.1342302174374546
1.2774970247766346 0.3193350600674311 1.115345818435127
1.1946127309541923 0.35163189067429357 1.0895111029896791
1.2256086148057381 0.38220009612202677 1.096980359368353
1.1547265895782637 0.4415114258692099 1.1348586685813578
1.1730405797830583 0.4211891555797537 1.099083760952619
1.226848274158541 0.30546159630533176 1.1344006962442625
1.2696083355914354 0.33046841448224956 1.1450510452045688
1.1936073932833935 0.37258218800877146 1.0852231495929026
1.2013812469636123 0.40233608620269457 1.0986614616915624
1.167451411619265 0.3350052579735517 1.105773192536136
1.2209819516955505 0.30690026194408787 1.146921723165074
1.2542376030544573 0.36101112519936746 1.1021894336933897
1.187713952531721 0.40574011550795064 1.0941744573310168
1.1774813310586638 0.40090050994249016 1.0880256914322233
1.1441647467210907 0.44166050369947957 1.1427109410717853
1.2192401216870183 0.32077791024242164 1.1094583372470155
1.2816521632076925 0.337353525628545 1.1208013543988695
1.0894342433229636 0.4194677577715291 1.0811452408586004
1.0981675022203197 0.3788987768565784 1.089516031183812
1.1564902103441872 0.42900178983926507 1.0984694703018094
1.1866825408481314 0.3758833649590532 1.1670863518105135
1.1885221220668518 0.3484251957050338 1.171332282536556
1.1794254399434887 0.3171556662854589 1.1621198299709419
1.2659943526636432 0.3080395009783642 1.1296522199194352
1.270405213203019 0.31639009920835204 1.1409879100918625
1.2308785084608516 0.38961329688830054 1.1347493630334589
1.238991070325675 0.3424858636775073 1.1580417801872644
1.1097782829671905 0.439256605655196 1.0885018469937038
1.2336783691035091 0.3592125900843865 1.0935079965505015
1.1744756791462438 0.3557068641326474 1.1734647052660832
1.1674694339559646 0.38011315781156235 1.0847229090632657
1.141840913784876 0.4180489386064166 1.0869844948618665
1.2780612867136711 0.34215640297277156 1.124472963298497
1.2241765093412704 0.3795378691677587 1.0978890121862552
1.241755164967086 0.3816755262403504 1.1179290353418967
1.2456354798995823 0.3795474291975821 1.127272425275765
1.147682614606334 0.34075632776879305 1.1069981448129023
1.247274715741463 0.3261891240469491 1.1543515762456975
1.1737130666223052 0.32827289000321247 1.1684939912690595
1.2079217726272797 0.3171682845313275 1.118550522741912
1.1943525924800276 0.40151292700104024 1.0976428070506221
1.1755702417284517 0.42753829143034133 1.1186069908020064
1.1850932515247248 0.3882838276151334 1.1622933735480954
1.126489266125573 0.4186826585180861 1.0854923367735938
1.198564826194158 0.41195728164115836 1.1161436706594619
1.213987729454044 0.37671831920117177 1.155686630263625
1.2534071097642492 0.3256113684236841 1.1510287356201414
1.2699846172859601 0.35148217111269686 1.128411416183947
1.2123376197209652 0.38176775282307696 1.094784463233497
1.1869766761900458 0.327584596752529 1.1669318048023463
1.246971702968825 0.3736854321404767 1.1335474640721832
1.2277493515892552 0.3815006775474509 1.1430935401456717
1.2606531547530764 0.31083009270877804 1.1275878434501438
1.1357162365329057 0.44742877372747697 1.1136862306861877
1.2096784932092277 0.3910275555696462 1.099603344574993
1.2244986054455704 0.32127587275720904 1.1580589634425822
1.195993249640039 0.3957533785590808 1.1522506314342822
1.2329627398442828 0.3108508483760514 1.1466263405707862
1.22421102723807 0.3818592363048549 1.1449363015869762
1.2098607291595251 0.38536517436215306 1.0969674342347875
1.2047898211065726 0.31460846706357765 1.155188808072436
1.1750148268415537 0.364230432550182 1.0900190140903225
1.2229363981038253 0.39317704586259095 1.1319313477160362
1.269985668408069 0.34465012893592545 1.1180694092443213
1.267735106541004 0.31434633194532546 1.1292099945837923
1.188810951095594 0.3500668635037121 1.0951669832977826
1.1269431021325191 0.45481101809417096 1.1247832190117553
1.250094835219973 0.3196813942220956 1.149158790693541
1.1721991822797264 0.3211353719686025 1.1254387846163347
1.1298849225899354 0.39884923218381824 1.0849400246283052
1.1764997501348748 0.3559938332152393 1.1712829916905703
1.1078686191394882 0.4059165709622748 1.0845592296194724
1.2534312220571753 0.3148066042589269 1.1222874271596797
1.2696632224524487 0.31901116206190194 1.1335940121013028
1.251997331229938 0.3489516128901274 1.1455463951445863
1.1750163491182886 0.405993426382033 1.1545325034539071
1.1387168709617255 0.4099626738026551 1.0876776921197786
1.2123520564201984 0.3887236717656718 1.145608028489864
1.143935914099917 0.4425865117623661 1.1339579244408495
1.2286896451468061 0.33238040595159096 1.1048661627197172
1.2617354040040658 0.324562532798957 1.1164945016648393
1.1763643568258297 0.3500240857038057 1.0978707267072139
1.2264012854186357 0.31711861567216515 1.1531579259320446
1.232872828364091 0.3530739592099451 1.1546074149979395
1.2373337635899493 0.365127074452399 1.146591878366999
1.2220030321340556 0.3578705575160144 1.1576202891272924
1.1198495750316761 0.37902715839179923 1.0905754208553413
1.100223757449536 0.36992398039271124 1.0980051746136787
1.1131918337348856 0.35057430520579447 1.109591530182734
1.2482251311088752 0.31172350800781284 1.1339439804787808
1.1751192658441312 0.4249368257695629 1.1219223527935829
1.2576981610474112 0.3371450592669173 1.1096792466058185
1.1295608372092991 0.45054882059760104 1.1193392910699986
1.1362136883655494 0.3984912716681148 1.0865622616375104
1.2186438462517013 0.38387577820122737 1.103295234354368
1.172266960363347 0.34556028213235973 1.1011518949648136
1.1814480072623068 0.4075178296615149 1.1490078990357222
1.2147293720853076 0.35229452157858854 1.0967624549173556
1.2233271378329627 0.3746544277268891 1.100655648528678
1.1945026962747654 0.31757769709031114 1.1265961556882003
1.1097406941239365 0.4002307880572485 1.0863009475656413
1.2068042792462264 0.3406383368393603 1.1647991292535678
1.195101654813062 0.33143085677862605 1.1094107797874917
1.2553805434752698 0.3592556444603493 1.131614400567469
1.1364484797279815 0.4161119802576922 1.0903208440987378
1.141268489241624 0.38783360191935523 1.0879518632031255
1.1650914609641407 0.39980597958695074 1.0915196674411327
1.1683347413922227 0.3915464323140466 1.090207569670718
1.26470551378566 0.3480704813623669 1.1245042792852022
1.182942929424793 0.4146438374598169 1.1385830884999828
1.1354782028608592 0.4444338591226448 1.1151487642932145
1.1805285670477437 0.3935879409552097 1.0937274696266657
1.2606267420421777 0.3462988789095859 1.1164860585551293
1.2023531682586857 0.3443610393785657 1.1653375167945275
1.1296401998253602 0.3430406303562299 1.1140448454198917
1.236028475766795 0.3434914755849518 1.1031938639330887
1.1394730615283784 0.4368166797010854 1.1070896708345002
1.1757147875707763 0.41659882862828107 1.1086319851844015
1.2382642662957353 0.3721770390904009 1.1370645225973681
1.1821519728880356 0.31860881542325303 1.1542449021817833
1.1555402951871048 0.325987107842949 1.1275673176721144
1.1171010288705336 0.42288988780345727 1.090075228245076
1.241686258921832 0.3189922470247529 1.12138174141341
1.1739808022862799 0.3608904656761715 1.0950174554341963
1.1407067470399712 0.36526448065281863 1.0962299646993041
1.1846937397619408 0.41356111474712925 1.1365833768703149
1.1167998281537272 0.44668552909088244 1.1055306506947615
1.2491128899340613 0.3619111943664071 1.1184879563907004
1.2404017795414912 0.35710296552003756 1.1062109889690235
1.1637312818819214 0.3961866813539269 1.0920634156189717
1.2478399972112135 0.33507662905170954 1.110957694338253
1.2052350102297513 0.31474057872127553 1.1387377161462358
1.1814068239626054 0.3950436856706382 1.096824633517697
1.183610313732775 0.4056891751906457 1.1458719317858308
1.2384684022376298 0.3555627345970661 1.10590771155454
1.2094745545387646 0.3308845148395879 1.1112049029547308
1.2160684948407932 0.32565075565843193 1.115842517327434
1.1929893549101438 0.32845644800528045 1.1624342157237597
1.2324134002811322 0.3358157144973514 1.1082560524101341
1.1387595973042193 0.3297485264625253 1.1293860977462442
1.2536818813787853 0.3548583290384434 1.1311763060074433
1.1885361994998536 0.40619620702987214 1.110593131754921
1.2050022361497972 0.31725340374035726 1.130265400152575
1.207569408550706 0.37059728246503776 1.0986860294847218
1.148388686352577 0.43715398083289647 1.1260191830336996
1.2064874875092735 0.3998382409963872 1.127364333250869
1.1652852235177575 0.3861193101319736 1.0923582286046951
1.1370917807695655 0.4361332257518158 1.1086780604390447
1.1789344557709671 0.39085128018338683 1.157658644845954
1.1476758460017096 0.3489075664212945 1.1065239981171406
1.159671349813587 0.4223345468384655 1.1083284521597978
1.2106753574650926 0.38455051754985037 1.1060527907695799
1.187417535741076 0.3808849717838005 1.158899052887403
1.1475006416906497 0.32475964568745147 1.141262337529393
1.2286813767620854 0.3782611024978145 1.1177802861998853
1.2101257067135682 0.3833068186591414 1.1458272986462645
1.2495585227420527 0.35890476197714505 1.1255116311652156
1.2318328692136182 0.32018223578233307 1.1240910501004235
1.1623505765023876 0.40053394171128354 1.0957845550798624
1.2359628698709613 0.36373198662144113 1.112577840381904
1.212851286294313 0.32584509717068727 1.1185014979864043
1.2337726985507484 0.31988464364653757 1.1253762331485995
1.2424071237309937 0.3670891025200101 1.1259560784167737
1.1263526202420966 0.3438324307075548 1.1170248014376154
1.231521034788373 0.3709659046323325 1.114164367400535
1.2133396427678562 0.3534382659906987 1.1018275810267442
1.1779875253862437 0.41032037640572955 1.1100944466338758
1.2302090140982076 0.36316930523661195 1.1079603817103743
1.2354836553260724 0.3472514737593487 1.1491210270545549
1.190077985535392 0.4015587258713339 1.1091651477402276
1.0970788828439297 0.43875265962346227 1.0959779463359045
1.1367874448795614 0.3789899547216501 1.0938946683220347
1.1923822556296664 0.32046007335058085 1.1320499791672303
1.2145058567695928 0.37005176217971375 1.103089302079159
1.1522032694644697 0.4196571717606145 1.1036935207897027
1.237806316833602 0.31888083527758315 1.136636942584873
1.2147639550115963 0.3628975181243733 1.1539154081516791
1.2446132565836465 0.3267239694708989 1.1229334879005877
1.1516056582244478 0.4188421391643583 1.1028740921424132
1.2158903103196548 0.370928226150443 1.1048971172080644
1.214618529419173 0.3872809431419035 1.1353312341597037
1.20625321885493 0.393081798340964 1.1164000696993208
1.2530088111440867 0.3491160466693807 1.126948014915325
1.1546503742946428 0.4132120556941287 1.1007196929047398
1.2238097593203912 0.3208206315943145 1.1265508627795526
1.1983731177733021 0.32120108040082135 1.128877944726587
1.1325838645795974 0.44269929389085994 1.1246786820169359
1.1826453497044864 0.3317296793004853 1.1180569641954892
1.1765156283258094 0.32642966824028924 1.1258913116219296
1.1649907474961994 0.3883173327219564 1.0955590658483636
1.137955626317696 0.3870500091133227 1.093199982764587
1.1610023406801075 0.4232771897731429 1.136176239652392
1.2272884675050566 0.3555749551395686 1.1491581088239022
1.1962552405898448 0.35814255383354077 1.1608486317291802
1.1991827554685301 0.37437210708880647 1.1008548788605452
1.1252552213565026 0.44512711643588365 1.122729948583486
1.1204053317786113 0.4384864994146128 1.1061018693157731
1.2227168049125445 0.3534889843070942 1.1517320789681635
1.2512589750128869 0.3375121506376443 1.1237581101275136
1.1580594576339132 0.34810718457406975 1.1084484023078507
1.2484382370485276 0.35143926262692904 1.125381455888939
1.210900496763692 0.3599207427582443 1.1036133620250472
1.1957346398226103 0.40051125519601827 1.1325130461883388
1.2515572978855831 0.3316012223581649 1.127964083606152
1.2015288650922082 0.3289564819954279 1.1557945919589665
1.17991960707276 0.35705710930212986 1.1655769468065142
1.194057848069175 0.32179462145454185 1.1451685473943984
1.2078448781132773 0.31987907329647286 1.1395689000834128
1.2056220076267214 0.39429308298085974 1.1251551735952483
1.1411282107588423 0.41151759600485815 1.098158417752186
1.1688801213817899 0.38316284060488853 1.1623580742832749
1.1319281477245895 0.4063829894925309 1.0946897526375028
1.119533432227531 0.41774732303690093 1.0955770955716935
1.1499924074473276 0.3317548815420475 1.1279704785386209
1.164647868167301 0.3504776549082783 1.1066977302685095
1.2453722638114448 0.3500051870728981 1.1236122276956284
1.1428510665694653 0.33161524890903216 1.1324766287430008
1.1935988013146075 0.39923418323433274 1.1360954448654645
1.193357860997311 0.38479754630776913 1.1047115873970434
1.1304858378132594 0.40098007100127675 1.094607084258775
1.1138015706638262 0.37558662705828744 1.0998928542633304
1.2411621690967745 0.32745219646042534 1.1332826770387647
1.2037287765622164 0.383331702744875 1.1103965605317652
1.101769420765668 0.3811499245744247 1.0992283894337787
1.2116450275532122 0.3236879335077801 1.1286212014340127
1.1681537213966515 0.4168511144626783 1.132620683377273
1.216087687327342 0.3218679583897343 1.136541296900026
1.2166457632919343 0.379043751572771 1.1366408408130768
1.2306226300359073 0.3429157787615781 1.115591733751502
1.2368326963623166 0.3414825434115182 1.1186968167436204
1.1646092732085043 0.3893261866999735 1.0992209392373322
1.1609367769426544 0.3296492936689571 1.1563342616488939
1.1551348938284893 0.33806352465378375 1.120671967894248
1.1870463654677759 0.32833262531400026 1.1549522679252007
1.1437648666982954 0.4208665432182598 1.1068500046145004
1.1763757286611192 0.34208095797779403 1.1137902873688146
1.242524818646769 0.3314748443092732 1.129345665921906
1.186230764815139 0.3831928052132072 1.1534535533542698
1.2274370026733274 0.34602530171703744 1.1147093194468334
1.2420401021733594 0.3511559162468582 1.1270812605106595
1.231932824515105 0.3276919914445963 1.1272900555470997
1.1779009921725558 0.3684275558978457 1.1616806180099015
1.1530116822342367 0.3697140216996641 1.1005096722576282
1.2089554202089283 0.38572790479124075 1.1319895303290872
1.20319600451818 0.38646322522916565 1.139000943409563
1.1355723670544988 0.33818245797473795 1.1265225928433953
1.2401342591695161 0.35302836578549207 1.1293056736114286
1.158693166929174 0.34505239070264604 1.1144528249598435
1.2207889627633042 0.3368782048058084 1.11814061945067
1.2309631518320163 0.3649741628684692 1.1306045354594378
1.1687584934605433 0.36588919307219464 1.1021129201160398
1.1550173024789123 0.36853529374518607 1.1015048291429532
1.2273400157710288 0.3266532149332853 1.1355788902257389
1.1025090208199178 0.41557920995229675 1.0958246764452522
1.204437662174267 0.3667565217742901 1.107653293709092
1.1942084754847406 0.3462213652968725 1.1109800346608554
1.1740672457379544 0.4032158152098547 1.111812892464826
1.1902914059496679 0.3403621832693758 1.1581857314571764
1.1366658597656347 0.4197925925279603 1.1051237865473762
1.1994186095330641 0.3352326541657687 1.154335450460942
1.2390659631202439 0.33728157408276793 1.1272699976665725
1.2380825406441882 0.344875327076805 1.125202937515556
1.2089747590082642 0.3268467037206361 1.1417059818070947
1.218234291957572 0.33232883709843464 1.1449016871614166
1.2027842329768559 0.37762585502768065 1.1117250220494892
1.1388555342369435 0.4325610634758072 1.1290478562822446
1.2178629868309054 0.36487483929213194 1.1421296535515033
1.208435173768272 0.34611404341754265 1.113721313098142
1.1986532946152346 0.3312675256940842 1.1243587996205042
1.2116602699897394 0.3591371232916946 1.1115492298936354
1.184290654745412 0.38415687355512423 1.1512296490226743
1.2001236007771028 0.3569361459173329 1.1086213950088648
1.17775227034049 0.34007311622169606 1.1178666620940176
1.098035359731935 0.4191762695551223 1.0972283026717042
1.1298024549568066 0.3419637549901244 1.1254836640338175
1.1907124978830907 0.3279103427232004 1.1458815639332256
1.2260835233425018 0.3554932316843476 1.1403300223183952
1.1530260567829222 0.41602202472202937 1.1423751922974086
1.1739492514212877 0.4074158088832706 1.12041851287776
1.0986181949562737 0.3971263242019262 1.097733327725642
1.1912219899210255 0.3915962953641863 1.1163759085887919
1.1396735310529575 0.4063612604963068 1.1015067633643647
1.2220383427475063 0.353445723925215 1.1168049500502668
1.2019552401668512 0.36199721024892334 1.1094748496888989
1.2311749095727589 0.33462802773511197 1.1295487439642744
1.1597358782842058 0.3881880891938522 1.1587732242371334
1.2326317721634505 0.3463431142370168 1.136544767743635
1.1370289636969746 0.3557167895107309 1.112492985893803
1.1332540575526036 0.41742064482155583 1.105105711869773
1.1398470897546953 0.339060069076838 1.1274619711854987
1.1561624687923047 0.3314587306341187 1.1382249156653432
1.1746165895084288 0.3738298195463575 1.158534077657667
1.1573606508409244 0.3789476027905969 1.102010030599111
1.1844758454724018 0.3958010049627657 1.1392431649258847
1.177470650042435 0.37001207328288627 1.1586312519029125
1.1319723659458902 0.33880391230599954 1.1307102976182413
1.1252660078306438 0.4121183265334298 1.1011926641275285
1.12430914101277 0.4141284421887297 1.101573945973093
1.105998010128826 0.37971514945105334 1.102869383396614
1.1607434334361364 0.4098318000540209 1.1415078751922558
1.2040685082962692 0.3508933878115017 1.1524172320008084
1.1582385331571166 0.3832020144159497 1.102345463682488
1.1833942966961146 0.37415380549924243 1.1549963519086317
1.1804194900535396 0.35172622270362297 1.1120652168604572
1.1646821827674607 0.3315005840467979 1.149674811047921
1.2144157024520792 0.3408716044313711 1.1455459844118425
1.1852646073611983 0.3947917121105268 1.138644506123567
1.1794906231742077 0.3666358291645973 1.1066590031722712
1.16681996564641 0.3968448613052461 1.1498327164581141
1.2205401540309708 0.36387469447481335 1.1350574583242365
1.152511358983365 0.3902446972197321 1.1024329664267036
1.1732886450068125 0.40526749450253413 1.1346926495739238
1.1658344663103695 0.38844666465547406 1.1052002945932746
1.147665389378503 0.39589186991422715 1.1025922415623879
1.178122974745591 0.3905442748225769 1.1479331411758995
1.2117719495051995 0.36295338969454005 1.1427127500973002
1.185829747243749 0.33087881717984385 1.143009574127475
1.1480421061292874 0.3938172861931724 1.1024932400034027
1.1904079887448213 0.3355108531816087 1.1244388616929764
1.1799822174848518 0.3782345991586275 1.1537162291666911
1.1806862186104927 0.38799622712077286 1.1107866226945322
1.1383613086437836 0.3858316978968515 1.1015111503952464
1.1378167171322318 0.3370999931321665 1.1349119280260893
1.1131916777126656 0.4003497252640643 1.099475544661417
1.1821101951982735 0.3346102740075371 1.1266611708184633
1.1029164608242426 0.4098603472399079 1.0991905115763307
1.2270480678573223 0.3448261780330192 1.1352186000487885
1.1148238831890451 0.3712217559074568 1.1073324402063522
1.1606546994547218 0.40397581794808285 1.1455551502341288
1.2127514413031855 0.3415821985428554 1.143861393427573
1.1777506302563152 0.33216676236082765 1.143872537480509
1.1149142978688964 0.4020126054093708 1.0999358895584912
1.218162667096314 0.3587642312999482 1.1215208827875118
1.187724616281344 0.3450874154677311 1.1174297277900629
1.1774778204375023 0.3944477536823581 1.1147949902023861
1.1626654286834566 0.41127005447379145 1.1345308862196861
1.1827745512816032 0.3515451182924756 1.1574214306396506
1.1785357634967104 0.40045533433472075 1.1335906437643288
1.1339097568058814 0.41555545205867217 1.1078570645628534
1.213264232525979 0.35045429633610975 1.119428892304811
1.155927230375724 0.3336004363286851 1.1480031906931893
1.1858062292497111 0.3746811901777683 1.1512921360716848
1.1757362633870743 0.3383134043070946 1.1246501634191717
1.1414795311211536 0.42291782245127535 1.1213326544616506
1.2056679714373506 0.35194511631009906 1.1171337067634703
1.1965636472653354 0.3369992996878502 1.1256095448215375
1.1237263706883533 0.4335166265983581 1.122435910750928
1.1888391168633574 0.3417562533830553 1.1214163110004627
1.191800600404108 0.34470341730531284 1.1531875063434749
1.122995824874268 0.3991429810507471 1.101486193858481
1.2135673592665124 0.33906695472287907 1.1402593305319653
1.1240736452922613 0.3710267528716192 1.1078845234228631
1.1612348786308289 0.40108960932436527 1.1465196937808937
1.2064155697240337 0.33955212180307814 1.1428948809375492
1.1914679414888114 0.38189077799573934 1.1172702472823568
1.2059173154712932 0.343580305907281 1.1458641484166212
1.2059173154712932 0.343580305907281 1.1458641484166212
1.2140591755569259 0.34092596616962484 1.1270767929569452
1.1883088177210481 0.3887010968567475 1.1222015269708858
1.2004266182657044 0.3442475709334106 1.1489965456940985
1.1177173381196241 0.42113258319052516 1.1073469569155485
1.1562029667729412 0.4134373045185645 1.1242548404314647
1.1807339283329445 0.36316774800059215 1.1556881718708656
1.1815131104460965 0.37284457391940506 1.1111532921784975
1.1335280143942728 0.4255602567940074 1.1212711144968412
1.2014540039903312 0.36030311623524075 1.1466926982666064
1.1716292882430546 0.3896008408187845 1.1129474545208042
1.1693778981052503 0.3938320893047431 1.145076230980244
1.1767061868485298 0.3355958171927328 1.133073145991121
1.1899815546562298 0.3482169637083881 1.1191689235265703
1.1028440255209397 0.4077795471085198 1.1014704249663492
1.211522137121568 0.3652041579531799 1.133241743492096
1.1742978532844437 0.3860620040299395 1.1131120593193815
1.175878842030893 0.3935551315581963 1.140787057618592
1.12990485699776 0.4257971986254417 1.119296550759171
1.192007521599856 0.34162356410884437 1.1493369678111405
1.157640203422507 0.40759124433678107 1.118859385296135
1.150093689011133 0.3367755323316203 1.1459926426690394
1.1752445212532592 0.3379220031259322 1.1499817259447198
1.2043297987293426 0.3372637472824197 1.1333617738715185
1.141189594872779 0.3386177793824146 1.138615202508636
1.1415787831347262 0.40958733391378327 1.1116167424332053
1.216255669630343 0.35149851697232193 1.1331481453291037
1.2092824537930806 0.3437336116881943 1.140198274537752
1.202068057661482 0.3680701204231246 1.1207414973020053
1.128161033162139 0.36997099676048056 1.1097664031163976
1.2070536224922437 0.3551013385191578 1.1417281370793948
1.1881877357765733 0.36779799735587265 1.1501686012706833
1.1788608515158723 0.3697092554819987 1.1534941377749985
1.195671052664472 0.3809211445566126 1.1325138081758086
1.175811273676692 0.38039950430994246 1.1129269389959229
1.1677431002567233 0.3425159170232826 1.1548899856043158
1.1616432944524298 0.34455780557154647 1.1240428188471574
1.1569774595815865 0.4052466512811432 1.1175240522759269
1.2131570479985685 0.3547491085508089 1.1346265018109356
1.214078429579791 0.3489075534808091 1.1355190143542104
1.1625633915606133 0.3445931243342393 1.1240740659344561
1.1820900353329293 0.3403904094319367 1.1494539503584815
1.1972343857353873 0.3553602172060611 1.1476070505120746
1.187652136223233 0.386212592430884 1.1340961376426975
1.1085649720544652 0.4059534870530752 1.103377461176366
1.1940836978987155 0.3383327641299682 1.130629546245431
1.1774047904014435 0.35097405264152154 1.154756745842092
1.1552345567510893 0.405997355906991 1.1410943747925812
1.1943582561754034 0.34851124474879064 1.1482694784334564
1.1837251921258232 0.3454405462930118 1.123735672033448
1.1971476110759411 0.3769903798927955 1.1291188942847055
1.1638908792282578 0.3920077908347903 1.1147833559492997
1.2046209052479346 0.3666881392022978 1.129581577756655
1.1849243370331415 0.3422831343362213 1.1438754926704184
1.1382062173572203 0.419434779842229 1.1244009690338843
1.129535133132545 0.41388392220786024 1.1131875977851062
1.1455347945693592 0.3438299788437744 1.1314325920847192
1.1835343431806917 0.3475891164506244 1.1501372593011652
1.1983856291401211 0.3481543567732763 1.141771397787928
1.160640792023954 0.3405705211611358 1.1334599454834196
1.1425476080039567 0.34414127646798104 1.1306351190871786
1.173430716221699 0.39472765459391984 1.1336144435416264
1.1719473270865854 0.3905795193728871 1.119915660820837
1.1321703289153906 0.37904952448487206 1.1090344767346183
1.1949911965699755 0.3441948334842629 1.1319150906457405
1.1832360849094379 0.36153521009818607 1.1500121199833164
1.1850684122425013 0.35262145579823834 1.1221507082715854
1.158407361650393 0.34400467982087485 1.151823132114118
1.1113516734322102 0.3828633444055086 1.1087758633901401
1.2028114125750164 0.35596653237286635 1.134150639032335
1.1713882925543926 0.3772166473736391 1.1495774637727891
1.143913990124081 0.34249030740529607 1.1369435572575612
1.1332453707665662 0.35363834708129466 1.1237596951447117
1.159667739711856 0.34858760449555076 1.1544416213286954
1.1140584014626367 0.3815648212376835 1.1094452901848912
1.1631527154229837 0.3410382584166681 1.1412312217685554
1.1892539748832753 0.3599482667764192 1.1438521555010341
1.1361591992095972 0.3727589397395505 1.1127726821025252
1.1809303809975762 0.36118972717239906 1.1496545536079337
1.1288280775475759 0.39818552926397494 1.108908958894144
1.1459539536232461 0.34592856925476534 1.1303808818452281
1.1665391906176812 0.3448803178346919 1.1497999492961846
1.1465008190804185 0.3630858563962054 1.1164520301380476
1.1833753613299152 0.36721765394734046 1.1196382394995408
1.1328604631028851 0.37119226512681175 1.1136138695906392
1.1577776280238496 0.40343849610479315 1.133678906316401
1.1927092319940082 0.3719625085158173 1.131184677803765
1.1978809042208898 0.35185333426222826 1.128642646739799
1.1706273560662637 0.3924316166238375 1.1362511934562447
1.1505348717836044 0.3431064650046778 1.1485263182889143
1.126244106032293 0.4207480467268906 1.1213490115566365
1.1610313984537817 0.4016216055074012 1.1280282259039391
1.1342597953967186 0.39153967839250375 1.1100025450855975
1.1885816165238814 0.34687662950842013 1.1323945364585142
1.1695798430481015 0.36341989253966095 1.1181387484512288
1.1292084629581856 0.35708327019236785 1.1227563354713004
1.1374582780358113 0.4069407648266939 1.1160986002263769
1.19273220283346 0.3712398316418305 1.1291927559942405
1.1514431807995462 0.39812184202358974 1.144012693506135
1.1556790762394227 0.35278218609576295 1.1554949371259566
1.1509807498534044 0.4042579422345297 1.1231522301707626
1.1881269497493507 0.36443909691575455 1.1238682838500313
1.1664822540234612 0.3773364760391813 1.1501125463116597
1.1273684395692296 0.40657494966656405 1.1130667670866894
1.1415092891814957 0.4137760256262056 1.128479453952328
1.1802074755405294 0.3509715310681258 1.1442686294759716
1.1838328586374494 0.34941581388238735 1.1281163539960417
1.1928256366724757 0.36844773748886894 1.1307073464306776
1.1454601593488696 0.409853248364414 1.1338886650961402
1.131236394297917 0.3513663250919064 1.1281956910186448
1.1542818180099865 0.381999534476507 1.1531793492363396
1.1727286851562875 0.38128333307980455 1.142240149314122
1.1098985951622933 0.39883518094721193 1.1083605463193944
1.1380911508043154 0.4105173748360763 1.1209307303147313
1.1227425071425852 0.4139584985153367 1.1156497791346691
1.1717290805342884 0.3668137943732842 1.149917739693719
1.1760653813304836 0.3708868544304435 1.144912381374285
1.1863403874373117 0.3745822977837172 1.1335289703438487
1.1503983509444988 0.3481737216888828 1.131525624626664
1.153694401739416 0.3597364876080331 1.1207354541585897
1.1583518286760395 0.39721747082789594 1.138000437120673
1.1474510131596962 0.40289398846912927 1.121438471480818
1.151188299550666 0.3453821438116517 1.1411994360311242
1.1579798428623935 0.38925843646867103 1.1452146306869035
1.1837301386819423 0.3501758902246879 1.1386913086351411
1.1407501463835683 0.4113144333014469 1.1312103004324094
1.1879652408258778 0.3564149993460999 1.1323560811908355
1.121701409108927 0.4112230073083677 1.1152093953887376
1.1803258531350282 0.3518669447024447 1.1315457418793216
1.1540038364581335 0.3981257917492632 1.1390491468949286
1.1734382087981508 0.3588732921533025 1.1481665858310648
1.1557021251732458 0.39921441353026615 1.1267237407429889
1.1787243736349748 0.3794431794540826 1.1300102079158836
1.1641763840421455 0.34723356952470885 1.137735177916132
1.1298243517809117 0.38692504018983437 1.1134084572317322
1.1861626808012866 0.3612491738925849 1.1340954298637969
1.1477972642450776 0.34729401808818305 1.1389743070860765
1.1558592955731524 0.3877288278807509 1.1453494064363647
1.141585713444774 0.40537373792913806 1.123237794412678
1.13800263619024 0.39184171955465075 1.1150329830574546
1.1626246762582206 0.3921374199031533 1.1351725107095167
1.1631525925118966 0.35067182884097603 1.1429377109703511
1.1787316657988192 0.3556026018359874 1.1316256489181638
1.1663036265008284 0.35418626220134064 1.1476976457987806
1.1730241531582037 0.37750585260279 1.1400143384710746
1.144719814485439 0.362141872164447 1.121951980444633
1.1587125471785156 0.3696571176659591 1.1201576177359795
1.1769861699080946 0.3604905311080094 1.126464065495703
1.1671745652156331 0.37004623571318374 1.1226350294027057
1.1707644881386323 0.38307474734678193 1.1351570495539454
1.1666715050049983 0.38632715606389084 1.1348204930423775
1.1618137289205615 0.3566851110097123 1.126799546872277
1.1507914601960767 0.38548389346169926 1.1488420204628773
1.150478653941865 0.3864925233247203 1.1192706827539678
1.1228351195973776 0.3734558414731557 1.1180015132618573
1.1645990525700902 0.38742079245922806 1.1328462705474867
1.1602102704871686 0.35616117772397665 1.127480812846031
1.1756803267111573 0.3583525955509137 1.1298354527785215
1.152064382944557 0.3834315138633567 1.1195710770359841
1.1346728374784747 0.38286370885306703 1.1164208576405177
1.1357133722008066 0.4096973549894521 1.128017645711466
1.1228434472458124 0.41270728312852745 1.1215226529690518
1.1556004017060015 0.3837755983331618 1.1436716024590876
1.1325738703923316 0.35990764451863944 1.1258879679421236
1.1658952742687283 0.37776251286244283 1.124908147870259
1.1459876322264293 0.3717052724249361 1.1202634137982694
1.1333376763812335 0.40807781888234224 1.124430806178879
1.1616135045457943 0.3525934227733914 1.139974721469006
1.1239268191930076 0.3721151745112757 1.1194781869186892
1.1533455580042506 0.3794178464586554 1.1209474831076611
1.1367956144929334 0.40815075673023565 1.1281740752485154
1.1680419484618736 0.3795041338393537 1.1283581628426433
1.1220677594240405 0.37743252464709615 1.117700172761883
1.1527226606088434 0.3720682764832133 1.1506646537861118
1.1247857277855795 0.40436329526519305 1.1187968164729767
1.1552692981246384 0.3831257953478309 1.1425447174068282
1.1408860307354114 0.40368475644119334 1.12853713810419
1.1447560255186349 0.36662115309586324 1.1234503793961526
1.1596882401962016 0.3581943944523378 1.1295385567501102
1.1644170823612927 0.3826922721576964 1.1294070783392847
1.158120728018201 0.3620297294306511 1.1472167600995467
1.1343865141341587 0.4008623932675668 1.1219157873817103
1.1555238686646674 0.3835545870863411 1.1240815347912956
1.1437962482638433 0.3676320462578348 1.1235065909206505
1.1466557285928 0.38348155114993604 1.121702287642345
1.1441122615785633 0.38706998681511917 1.1216122996758902
1.1340030620494324 0.35821774593218403 1.1309961550841607
1.1348664526190915 0.39719218829109176 1.121679991150182
1.1511951304963024 0.38649809825681086 1.1248893519964218
1.1653848851616035 0.375839386584822 1.1364960229169279
1.151781684912489 0.3711791950404959 1.1477843134322554
1.1506680627441548 0.38103521746520974 1.1430549885078451
1.1587579806579402 0.3759699198853689 1.1269143235550074
1.1547807534604666 0.3852039393150163 1.1375956521655763
1.1528104021560592 0.3710637702778445 1.1444709169508163
1.1333745852733155 0.36047812894913606 1.12939822507757
1.1466849257674148 0.3935996140798558 1.1322437209135503
1.147311322884784 0.37701035596336635 1.123695880510825
1.1365442435171986 0.397938131214214 1.1244975425061636
1.1563716511105642 0.3778751794726356 1.1408454127841647
1.1473178430846205 0.3614397478011671 1.1314595221897579
1.1503733042760123 0.37423504021034987 1.1461448910966285
1.1446698674275235 0.36207167712144617 1.1302490896363724
1.1411757305903019 0.36076549340874364 1.1328814686248059
1.1534144343339774 0.3624695866118398 1.1400422194612683
1.1424955051945498 0.3641155079457796 1.1289899471801559
1.1314188706118864 0.4018396959366751 1.126462723113602
1.148763905247426 0.36131913847622493 1.1391523890515587
1.1284221295381331 0.4053665895498707 1.1280725785622956
1.1221746947967004 0.37936577466241184 1.1215796235913358
1.1429357098585158 0.36481912993375776 1.1413526998945263
1.141937346762706 0.37233872465501533 1.127896886039292
1.1262330896682549 0.3752675521220315 1.125181562875321
1.1499801136224854 0.3741227897836903 1.137459569224748
1.1438683096697402 0.3691932069481541 1.13470257287373
1.144183340563662 0.37098417630839037 1.1377574337694107
1.1273697865483066 0.38684332874870414 1.126989930983135
