mlo mup beta
1.137209443616987 2.4421695261359098 2.9513668734667426
1.1489031628872242 2.104107454240423 1.6540023194647837
1.1251319683463634 2.2648927492763473 3.124150298812399
1.1454600160477295 2.3054214665898094 1.9963672123052287
1.1711835974191631 2.64103619809708 6.364689049115517
1.1485609956185021 2.5542926287474605 4.7129168365277945
1.1511059643124997 2.6606017577080037 3.817966942895202
1.1651196796181562 2.667023960120601 5.936888645048718
1.1490581606014465 2.4253564637366036 2.7563885973245306
1.1613389038990873 2.7604474625863213 5.286667368328947
1.1412530139179875 2.3819453594232955 3.0482405068745777
1.1421119297800988 2.362100850353057 4.15351362706404
1.1706903808900784 2.0752562925912272 3.2933519915810336
1.1358941096007937 2.187723243258256 2.802721211228846
1.148037647067146 2.3052728989287403 2.305178946984279
1.1831634712775847 2.7245973684306244 5.129319910061401
1.1769319586088351 2.5856890960113397 6.158592338661416
1.164228792320909 2.085031360187689 2.828836678043868
1.1423478158594758 2.178135375947344 2.1342307266349225
1.168263551744812 2.8421530689304673 3.9232261306634992
1.1521917980954322 2.1344560860122757 3.743816717531928
1.1511631792440131 2.1207904903135675 2.6401484195788685
1.1625330133742748 2.3917670674061338 5.536868509095784
1.1606667746706152 2.6503765683203793 3.8235450362800556
1.1500494459813193 2.180364429267275 4.1736752776676305
1.167332731771983 2.615326964306579 5.6652592394252785
1.1832126403803107 2.1388771817172962 4.185810981789524
1.142934266003795 2.3100993245875605 2.8464861280083413
1.1735050516005434 2.355906343449644 2.2673130837538507
1.1754877373465318 2.8527300251381895 5.7876574501766616
1.158921665272251 2.663548198169817 4.5135731546823905
1.144810401196777 2.3871592325259803 3.5310651086177103
1.1663174631570923 2.893684408346995 5.120430217040404
1.1649121388851325 2.1634809449297077 5.066817438210174
1.1626007347131666 2.228412814732282 1.7723828951793044
1.147535539003106 2.261883343899383 2.3533671825030487
1.1710095028609506 2.5108922753613525 5.922665412474727
1.1653881058144573 2.7270372857297414 5.254387825078551
1.1758682589064238 2.6953983777841364 3.7118067209679975
1.1569067516592857 2.5631839780138836 4.539214140673838
1.1520323380046174 2.4458020256638395 3.373119459098991
1.1704627400909304 2.86817379650408 5.466444188539727
1.156771502598552 2.466503205115859 4.853853686029204
1.1655230498439204 2.7102911297706624 5.21596086269073
1.1483044406011622 2.389031912063783 4.056332785051193
1.180593053844674 2.362922431411797 5.841968720126808
1.1430313676927877 2.2494091892645884 2.741655856346682
1.1614737777066375 2.41650002340747 2.78023958100177
1.185242267527661 2.3919845169164513 4.135153098837394
1.1841732545387054 2.4708786765599835 4.212686451749667
1.162411308795845 2.2117847691439847 5.117061388497131
1.1835222540266956 2.1934138313590292 2.8137478012836565
1.158355721665092 2.3982766076028876 5.041030710681593
1.1682548043387269 2.2866283300601093 5.672923539883753
1.176566993812436 2.094769415546229 3.4181277797008818
1.1529253310046692 2.3867393631646525 3.0054069070698457
1.1487197781983505 2.1542971722893647 2.569239203279629
1.1736439101483198 2.8226905905510367 5.552844993303191
1.1708669611238465 2.785118258300538 5.4645512388624855
1.1867592629210484 2.311925782368989 4.170143354110463
1.1749263617154766 2.695834817889456 5.705545054570345
1.1784632137912108 2.7289266127891616 5.511346215806304
1.1695495118665988 2.7710259556487036 4.108321901521032
1.153130089486098 2.1979683072297687 2.1101714769959328
1.1707635838275958 2.2193227794607786 1.8034458382050156
1.1497077328953407 2.283868397886707 2.6051069901904924
1.145367858376369 2.1828937206202608 2.9266411894447923
1.1767273209848503 2.126607087694997 4.672886642352825
1.1682554991879819 2.2683542966062396 2.020643131386092
1.162780989354762 2.658811145349692 4.314420211064064
1.1849994428920936 2.2744418161008433 3.6569949342319408
1.155686568575887 2.3676617637258452 4.743837956995359
1.1765467804711771 2.374284599261995 5.919119742943996
1.1584521408604518 2.3573193397248278 2.663244141566265
1.1777704294004847 2.5733919473631612 3.574952721313501
1.1666048083818725 2.686832661971437 5.143568927718771
1.161538111529588 2.388292015228669 5.1951603416558
1.153275454727316 2.2638159412830445 2.3942087923070767
1.1689493195547487 2.8115859507120406 5.054417062325802
1.1605987440377192 2.5979283530621977 4.407818371175113
1.1647522522028486 2.225101092749976 5.21316628294095
1.176725030069073 2.8797085407751823 4.782078107532842
1.1810833340698532 2.2088067485320435 2.423721294694195
1.1805738960744478 2.4750112569153306 5.607752009880912
1.1743568940808387 2.350801299394175 2.4564330148823057
1.1645950615907386 2.649380377251836 4.062746132941193
1.1642514349784134 2.6344781912023327 4.005362009842168
1.1479659454034492 2.241993352066089 3.848033485500096
1.162248319355244 2.3790817669763498 5.214634925387161
1.1842782092740978 2.392151499517265 4.008018394264912
1.1663748391492708 2.7267562885401766 4.423585448859811
1.1775388610152506 2.149131648774698 4.945005176960381
1.161899795312217 2.448251737781183 5.082128173256708
1.168080584998465 2.5282492665290475 5.474182028432045
1.1593905871863754 2.413606040332306 3.0315636990689434
1.178782425964409 2.7365386929152993 5.132192639944927
1.1799765362445642 2.692193973469902 4.793594865995823
1.1711974933568696 2.54575636309466 3.339650341545946
1.1685353291857732 2.6632759311930587 3.9024419433389266
1.1466283692133925 2.2026085571892704 2.8482277034467076
1.1739812187507035 2.8165366641135217 5.271665394665032
1.1847708366762009 2.211800926316852 3.6029407445636146
1.1703335242168915 2.283906164337693 2.14534787738158
1.1687939910961842 2.1151858913514285 4.096912651518792
1.1722916178299823 2.8698741314163274 4.881754595580004
1.163572189467641 2.11286163951271 3.3829962741975343
1.1794476407081333 2.147481654100183 4.730027155278938
1.1792165676292992 2.5288046123517987 5.588044156764557
1.149427401631729 2.1968473913282396 3.6820469962815885
1.175431955337233 2.789588380399574 4.387198253002948
1.1592183384165455 2.3435266519787956 4.94046087708622
1.1828262067458746 2.500854455426693 4.624936569244877
1.1695840389910417 2.1089300889373304 2.399980052716206
1.1558747122674984 2.165508194903239 2.2297252358513653
1.1838552908063673 2.2301683127937646 4.589328780872711
1.154776254121919 2.1708121532278915 3.925999586242032
1.1782677544274636 2.3113357833659802 5.721385714996229
1.1701597730093425 2.722006287745261 4.165073670062288
1.158630632510544 2.2672223753747947 4.775176575288738
1.1799755346414147 2.4621578724113866 3.443772030191642
1.156766831912349 2.4255198842320675 3.3585854616214235
1.1556849701629557 2.16290550351126 2.311899444905719
1.1774095372038151 2.7763744439602154 4.821214240572671
1.1742214352084774 2.809344322129782 5.101849090737598
1.1601996840291673 2.365565956264913 2.8011989695987873
1.1734189944655629 2.1813923942577573 5.270511256752981
1.1667645170201815 2.274692611216491 5.353818692933125
1.1572834923514206 2.1475919169820123 2.451327064769017
1.1830279613200427 2.231243635490415 4.849504072691078
1.1506045356177454 2.3280305830756634 3.9242904921956754
1.1790258632679282 2.2766254419084646 2.5160933007765394
1.1718277908595018 2.282376399814297 2.206077123475054
1.1746220857519698 2.109196805012415 2.6476900919943187
1.1552291813706193 2.198196906543522 4.1622910409810085
1.1694227083315254 2.5575953489294934 3.5134082296249183
1.1612636310312348 2.1995699501147703 4.673234101042299
1.1702099152214052 2.6716259036803396 4.022526579778347
1.1627035793628178 2.571320096540822 4.132338658281068
1.171031632039338 2.112762051198313 2.4301565921212473
1.1760917818999894 2.3003263409881516 2.42363884882771
1.1707358704179387 2.652141557751473 5.278496447247798
1.1577602206808448 2.454280709041705 4.328583957600138
1.1705763670210398 2.5952513962349997 5.375832504762327
1.152564536204188 2.34534397852011 4.068213996924696
1.167461615136176 2.6840716752607747 4.565984815773863
1.163139467386404 2.5096772805486403 4.855419946369906
1.1597169243509564 2.371021862103429 4.814982393759738
1.18016581259162 2.1708423064833404 2.5275612991513183
1.1818820923900577 2.4742315098603247 5.033190251293288
1.1595160965904396 2.2699087294185327 4.746009106530334
1.1640144334128848 2.1192313161377196 2.8305844764684975
1.148883622141338 2.2197368331403586 3.315600762103662
1.1716884804730188 2.758111067518593 4.89943454136267
1.1596459676654591 2.199301895461912 4.49281864333409
1.153098875048549 2.2080724630609447 2.506123181168938
1.1639848763947112 2.123632763836515 2.590663380391013
1.181294217678581 2.439242073880475 5.254763135271453
1.1691797247810962 2.6903247453232564 4.90360134192961
1.1809485066477396 2.5301358222370167 4.212112031389394
1.1644421591044605 2.397310308310521 5.173564967322811
1.1773633363277418 2.708941064448954 5.003009945897027
1.1560760147837321 2.3849479080507567 4.355336557392386
1.1718096507680815 2.731832151413884 4.39102281935887
1.1537166134069388 2.3821344206866195 3.678950746431486
1.1688115713716756 2.3863398200747734 2.749596456463679
1.1684495769921717 2.648343059336163 4.1127019819854596
1.1714819464574497 2.1996639070494792 1.9583557215982594
1.1742588768840405 2.221966755455016 2.0758245757547
1.1638002954330795 2.410011259832264 3.0126230454736493
1.1671261611596464 2.208582100030306 2.0049855660841898
1.1512398263767094 2.326792218421965 3.7473026247720345
1.1657976503239953 2.1320935172207327 4.05324679811763
1.1655732237091843 2.618359228614243 4.406467775367604
1.1814845484842587 2.4865526675053395 4.960057856123022
1.1827482124684887 2.1788082977498693 3.308359752962824
1.150448513677895 2.1932537377535732 3.2311812345272344
1.1758265239831664 2.336448696749243 5.680865849762121
1.162306098901296 2.485053101441501 3.5804039212754475
1.1573686273425805 2.3386928857331304 2.904386196500118
1.1629191372907717 2.546858703545453 4.437755282228245
1.1668872570000701 2.4564757395668244 3.1787636109314263
1.1625303308678263 2.49429348607221 3.659301367942046
1.1529951731157688 2.353973302722908 3.7175645216748094
1.166214050094752 2.6169893609543466 4.583212457034499
1.181917408568982 2.481676867505242 4.367213394834849
1.162351663897651 2.500504563867407 4.616107262584206
1.1740509607797063 2.508629657160675 3.395702034706501
1.16998548828073 2.279786597491358 5.431146891930945
1.1745436245017487 2.4484205633599605 5.607763013632528
1.1741093839240397 2.108858356989806 3.177313189899193
1.172918298475706 2.4863695571793687 5.537054999365257
1.1709877397256763 2.589472117255788 5.266790082109377
1.1833897323486973 2.20215195968448 3.9306233758911553
1.1676050874474426 2.202049066445499 5.025715800450131
1.1812014731896816 2.5111351547577643 4.727105385812269
1.177114752088799 2.6305008800751484 5.182240904168561
1.1677931559570973 2.11758399697894 3.5879179417038785
1.175806076531389 2.6958553974511803 4.996618708797897
1.1669677912353285 2.3466088531285516 5.306238155868922
1.1766298095194048 2.607332004479103 5.275124606278215
1.1831528550359298 2.2228355086440765 3.456017418795456
1.168437086225269 2.2521386841191244 5.258815732156529
1.1540319681700293 2.357600102809193 3.724773143640876
1.171455709800855 2.5594582929707084 3.659591186038268
1.1727910441918283 2.382550732365204 5.592957038623199
1.1716360785874056 2.1562437027999404 2.0697208783329213
1.1619205820342164 2.251992842159539 2.371798751323615
1.1641040545677037 2.134155281473252 3.7196672403233695
1.1777588869652205 2.610578481701129 4.23286835084286
1.161594573569748 2.498974633161354 4.124722424115005
1.160978275238584 2.145741146280269 2.5670389266170126
1.155096546040265 2.348901043411247 3.300759284980801
1.1716984295011597 2.50575601472163 3.4026098610749393
1.17594082408442 2.672998395823737 4.442548589863229
1.1509989781344512 2.2321880193899073 3.393459699531027
1.1743929851112758 2.7032139071282106 4.564253412546773
1.1572287649115753 2.4141453609392745 3.9224378239532083
1.1559063027678733 2.161537256742371 2.8929156788941324
1.181643893685406 2.438319358202618 4.906049464221775
1.1791694397226462 2.5829461842699635 4.392007942859896
1.1737944887358256 2.7053876193032282 4.753035288454784
1.1653107625537276 2.1245589652228114 2.833389709374071
1.1784124563994345 2.2398296547694176 5.311159019649713
1.1514604586669697 2.2587523542611967 3.436232550936557
1.1719825316584966 2.685881872059659 4.829101042802929
1.166769172882161 2.4359560196841175 3.166466441989032
1.1735234055237325 2.6796135374755927 4.970568341915875
1.1795806505876938 2.2384472287265207 2.6216037357185087
1.1828794526922253 2.378485485089654 4.346151716408247
1.160987160355867 2.308354502348643 2.7050403275923562
1.1601596807610726 2.4500663828121354 3.7942500193802946
1.1665084057970907 2.5836965857480503 4.579764431515969
1.1641551575688562 2.325392335030946 5.021634585506808
1.1581885906912486 2.388671617453576 4.308744212868293
1.1756579820643922 2.342413694509239 2.7411147341833972
1.1731940064481343 2.4833345637332513 3.353275783529682
1.1662815823970514 2.173965574896539 2.1464093704921536
1.1755551056556186 2.2513171811561445 5.411619849559155
1.1559555960741474 2.3667562408941407 3.9598588639916397
1.182568201138505 2.385581204890204 4.669787250981562
1.1733495612785605 2.368173099836682 5.542342666690038
1.1758325454635892 2.662793435977695 4.63807118410876
1.1742218507460795 2.50439193217119 5.410752004985525
1.1608852656303008 2.458055705878625 3.9350569560866493
1.1710662863045167 2.453216077892923 3.215946350315301
1.1546320672317976 2.279874138385454 3.965202954988225
1.1781042578788357 2.553594521595392 5.130069642871732
1.154212802782319 2.2999201048013704 3.8712764906564203
1.1593809533357087 2.361650179994643 3.155071157030049
1.153918566680329 2.3054037751740992 3.3441247476587233
1.159037297005427 2.3436585176708964 3.0616622603149075
1.173448936866558 2.3459906857481894 2.701364011256554
1.161264276055877 2.174255306555798 4.120251464902038
1.1663283925039212 2.1416615646222468 4.0418777843673865
1.1708577437302266 2.647153484024053 4.688213788129316
1.1808520806453358 2.384023165435194 3.5472802343213434
1.1576614381672072 2.3055756535841176 4.34025060001046
1.1581204018823996 2.281577528812677 4.374954876196519
1.1605151081447906 2.369023780661462 4.596556233734098
1.167900752190531 2.514452626444271 3.652408863383668
1.1786016019410683 2.374468938137869 3.1438012154160067
1.1758679198724977 2.2871643053855566 5.455913172086545
1.1548287537301039 2.2247737361910684 2.8014536969829624
1.1792100214055503 2.469567179433633 3.7540176766368862
1.1597932503196682 2.1654265156089645 3.8126699616467903
1.1572234999877251 2.289153056313687 2.893627170055721
1.1537346591327553 2.264009947158123 3.702825651047073
1.163054925703565 2.4046527597034864 3.2491543429654257
1.169219007441847 2.1232067278372035 3.6557447821747857
1.1671989970507917 2.55171719502031 4.010707202266685
1.1798540261828891 2.1486021383862517 3.9008388983494307
1.164825683233282 2.4910772029449 4.680980239167685
1.1718171775809314 2.571603412898864 5.126845774475655
1.16178520031578 2.3871459364364505 3.2404158493940933
1.1820128002392611 2.196404042642878 4.256797441884942
1.1621392283528569 2.1881040518850203 2.3660223477863207
1.1627778139013414 2.447008423195355 4.567900615452228
1.1749819391391159 2.2978615019030104 5.449159541882141
1.1579196845986428 2.3735358456243545 3.5296348634590693
1.1725428504423636 2.6319068570609074 4.875183993156803
1.1808287636392392 2.4244343460384927 4.940462033819365
1.175415946411044 2.630464053283655 4.472670320223436
1.1690301335759552 2.5584361085515592 4.8976057722034305
1.1788647846829394 2.240755311556201 5.159798564174656
1.1578119781275067 2.2316743163827613 4.1426521936740475
1.1704363095482864 2.22350668881346 5.12229461317928
1.1808074737897547 2.469028289015315 4.51691895637593
1.1746714197561159 2.4790780805442396 5.367466745285899
1.1585132199809287 2.392431889967037 3.8325094797074577
1.17356437145281 2.19013890916882 5.012997714773471
1.1756094803765162 2.127187512280683 3.847619759082912
1.1734017328114865 2.3809761479773326 2.9336470124496463
1.1713244405550929 2.2974320667068837 5.343162205628005
1.181543409726748 2.2649470130521916 4.773360661009924
1.1742155510647638 2.121891168791893 3.584298406242361
1.153892940427495 2.2535565590069764 3.447140882477818
1.1767963209482433 2.13257385087804 3.870381560942043
1.182599778674791 2.290057009226869 3.6899405795776374
1.1582172999232663 2.3797324085428486 3.9212079821470276
1.1823855983698703 2.361013248068196 4.05087318355644
1.1788859119921828 2.455614753677482 5.18023750118174
1.164508718977355 2.291913114449868 2.6238624113466393
1.180447662490531 2.3026706024424755 3.133562688838321
1.1820059356137602 2.2470648883975475 4.600087198164255
1.1759557644864487 2.2992950842999322 2.6599675655958146
1.181214777802221 2.4263530826289674 4.161337783103312
1.1784310755072689 2.178162585207131 4.720201986010352
1.1825166261607474 2.3065374983569487 4.549258071358754
1.1752900995337416 2.608823700668103 4.386010890959488
1.170976850422148 2.4559338675984717 5.260756259099226
1.1730482880968989 2.2237168294963165 5.184942735753696
1.1577198032336988 2.2538886648537892 2.804219584274077
1.1606753917784047 2.3341404235383756 4.541207136533227
1.1813924576279635 2.3527163354427945 3.65045959012666
1.1790943453544371 2.5107104734290053 4.909586216623477
1.1774451173084908 2.445097355007861 3.4961325643649346
1.1611784734834814 2.432641461665117 4.041335189953667
1.1704375457332512 2.417717608451343 5.2783604915352225
1.170694964264905 2.394021656403427 3.008913469096603
1.173570367117573 2.325792364080704 2.693606910471348
1.167816392866798 2.2717513730753387 2.469171683013964
1.1589183926111386 2.312962796489283 3.051521675706999
1.174913353965201 2.1526270706523034 2.423025371747661
1.1621715639833017 2.4307485382122676 4.365513131842807
1.1786464381101247 2.4393248591027703 3.6167726729035756
1.1780216688892784 2.1842511388743766 4.790247873267166
1.1585291565412141 2.360961566891553 3.5135178503051723
1.1782031839179117 2.144036555067891 3.039470998977281
1.1747615618411267 2.610249110241176 4.531964203462522
1.1695507852191576 2.568259742260649 4.7001519642149105
1.1798177828671221 2.1922030813855486 2.830244860506986
1.1754547587208783 2.343377821738017 5.413976723069329
1.1753660038903675 2.298782603530586 5.373437455881609
1.160438447085327 2.2892215756378675 2.847077283288452
1.1771151494180632 2.364279950820236 5.368702962033421
1.1677067601180409 2.5415397738580894 4.17975913550325
1.1722567419250431 2.5958545774087227 4.798592392485894
1.1590155159533209 2.301341664376833 3.026026328886285
1.1620017282769917 2.1680768604806424 3.8869431284127884
1.1755956935009604 2.5458611737474985 5.070241293273293
1.1553303513089008 2.2423326984458596 3.5932584541475467
1.157143434813877 2.256019523310091 3.976892212658619
1.1652925963287475 2.4162323393157976 4.812471051561854
1.1613692973335068 2.3403525186935705 3.099631970867774
1.178499870555694 2.202861629381743 2.6107735789350457
1.1753471148095356 2.5096631732875556 5.185441038386665
1.1678034176877483 2.242632909537573 2.3820359854823474
1.1637308373722528 2.3197600678298427 2.8558762529604254
1.1685694648054783 2.5300633760234987 3.971872635654247
1.181749230723963 2.367459002612538 4.033086287049354
1.1562462451885485 2.20011230091019 3.081610695127919
1.1563729254494506 2.3078385756255706 3.543351645718417
1.1557871867764629 2.241382974359288 3.1033549350119927
1.1693762177728446 2.1262911262179514 3.140855728441757
1.1812532637453874 2.4076670264760334 4.447965870700196
1.1680248833855051 2.545233200635402 4.269464557241061
1.1800476347109976 2.467893487979277 4.477291135811004
1.177354372933514 2.272224932192107 2.7107105532423397
1.1617456194432183 2.292453717918078 4.540282912921713
1.1696187722001863 2.3214668451638554 5.204977065664284
1.1610725954362917 2.217716699039568 4.266729929946953
1.1736887026738756 2.4537736736127687 5.283162663542589
1.1777347949998038 2.273372223467944 5.217595665613485
1.158613048413287 2.188898877984654 2.8211728082243512
1.1702070327574137 2.5722192024946384 4.625974552755402
1.1805617902080483 2.267979495444425 4.900618980645843
1.1622196156646263 2.352329769957066 4.5662713988278725
1.1819941990435059 2.265715086588325 3.5986115561611633
1.1601003343342982 2.183736597233505 3.819498854668794
1.175740110660907 2.3104266322438267 2.769174910527635
1.1702638349258727 2.1589726726690768 4.43871750859406
1.1733418974081675 2.4043592312433963 5.330667015086828
1.170538013225059 2.5770780578772277 4.50549086819192
1.179971872415537 2.2799265100159167 3.079881658223103
1.1680812803504657 2.163294698461682 2.3598511684645462
1.1824495041907084 2.293593829901974 4.251821387424451
1.1732594454332184 2.5913154777299656 4.71029773903159
1.1760254494063271 2.1341425889667494 3.699814359087858
1.1700008083402569 2.3090390919367696 5.19153033782991
1.1729516117965701 2.5686909980405135 4.88037108744388
1.1577615906972003 2.229842837091006 2.8927570662079303
1.1735373006037562 2.3232203753161897 5.338520007819778
1.1597462581548 2.358848579924208 4.161873095162333
1.1563708995738937 2.2827733428786328 3.4245908776221388
1.1727503641795156 2.5906860913385303 4.461956786820819
1.1649694412875637 2.4157828071770027 3.4385453450999606
1.1758447132054837 2.5660713201967096 4.802740152451735
1.1813622765887626 2.3441718519001964 4.666687651489383
1.173458101572841 2.4741009833486203 3.544641656760266
1.1772537849778526 2.3032031085954077 5.2657091788998205
1.1726827327832066 2.3950183366745037 5.301017673609666
1.1719900707584436 2.5528387122616794 4.0607437981797965
1.1607830207408607 2.313921662031179 3.0561770214302566
1.1582055378615974 2.323491871297239 3.947496670391345
1.1735643481793157 2.2125331235169297 5.033652283235115
1.1700666366198607 2.550415779413189 4.665088575263107
1.173596507784462 2.1291138962091494 3.034710013726224
1.177334945815675 2.3892631001795417 3.303866627235145
1.1722570802036862 2.397991776023812 3.1286904097617825
1.1714486265541688 2.127215893004338 3.338702928261819
1.1678695015566674 2.516805307261386 4.512822921572932
1.1571643390800366 2.2018247643263864 3.290735758635334
1.1572828302948426 2.207907175828056 3.091118162926012
1.176526198386015 2.244867468341082 5.127079462316615
1.180293913583376 2.43351988757031 4.302303681707603
1.1818130586167788 2.3415646655290794 4.224140239349662
1.1713065685512043 2.12906532070757 3.435536902781891
1.1628427898949036 2.417703023913103 3.791710856984057
1.162805448439618 2.154772880811551 3.0495221996302
1.159635689226584 2.3619209798559195 3.8055297174690494
1.1786867085043902 2.160948780433226 2.9919731480990066
1.1635802635808206 2.248053940924161 4.547224415488191
1.1813360506292483 2.2038029942346657 3.5248744310665323
1.167497611598987 2.1935831791505835 2.3611681729934206
1.1573811904216234 2.2849436248177315 3.751844880575719
1.1618860068563592 2.1841974423704653 2.6893310331456313
1.159237579763363 2.3079955971287767 4.1062945705977505
1.1777445971032467 2.4357371015239218 3.653471033681326
1.1604460195956057 2.3285842637612393 3.248716411777897
1.1680780773466117 2.292717854111266 4.999637100588757
1.1801919500285312 2.2135476188616368 3.061703060844202
1.1728922413713625 2.527041590338439 3.9504350634200502
1.1641936728050446 2.251626310837289 4.590004248044826
1.1709441749530316 2.3362234625210667 5.202096039133938
1.1748677826348215 2.2226762750954085 5.037987142733991
1.1709772917219576 2.166177580054102 4.496851895099407
1.162939448230551 2.415658547885375 3.846601720169426
1.1667857430190829 2.2563917604653096 4.819591551073984
1.1613913851441624 2.1913776088088173 3.910659338226589
1.1680943744506276 2.464519388736126 3.678167119940335
1.1752015713895148 2.5429770667873783 4.232002868913849
1.1604637402684315 2.3235247088207225 3.2577324313999068
1.1738978063062402 2.4263156629618936 5.211567504575678
1.1729896088885645 2.345089499384354 5.265062951991695
1.1701739295972153 2.1845704342981414 4.6358948870334675
1.1646710311675261 2.3510566687544916 4.693510595144332
1.1623577466527117 2.302513121222414 2.993102828869242
1.1795012582425963 2.45544486325881 4.5202350442978485
1.1741005458584426 2.552226217439089 4.726874081670658
1.1577500075432234 2.2630159166882913 3.680967266416795
1.164521857719927 2.4294770312312375 4.370543153074685
1.1617972345604284 2.1679055681413812 3.459564394300193
1.1786686496034544 2.24021512260382 4.915108179129863
1.1662292927068136 2.252255649072365 4.731980270413249
1.1625022853213625 2.170842722890669 3.683570065041259
1.180794614336407 2.3032145403391207 4.712392622170066
1.1724347891452578 2.3238037391192146 5.218298503662972
1.17872202496759 2.4735659434618302 4.585657192421973
1.1709893169229522 2.450930746705745 3.526936714902458
1.1578837999441824 2.243422883757113 3.5958527001937295
1.1629871811572647 2.3288808141853288 3.129395311332944
1.1722962015915788 2.1473348915488777 4.101755261960914
1.1695391310731935 2.390523542540127 5.034000467654584
1.175104238887919 2.162563343689207 2.598590410008815
1.1660727543874936 2.236364401147866 4.647302176749072
1.1729752142975323 2.1330314893708624 3.314929174792054
1.1797492182082907 2.2619192533654418 3.129997095641917
1.1590962949157917 2.313209204007994 3.823020585661096
1.1774933178354337 2.3027406166734 2.980009742334566
1.1723495904292747 2.2983643846240147 2.7136763984524634
1.159607146431066 2.297780030937825 4.01889005792739
1.1815030443579602 2.2877405363243106 4.244080818052639
1.1616925526722872 2.2922446187426146 3.03655343503055
1.172099620242052 2.144474541521083 3.9932891746727925
1.1714991431662216 2.5040820179985213 3.9035449796238204
1.1752456301486491 2.489305866173174 3.8717122645483126
1.1622882030934574 2.265881714965264 4.352859455058969
1.1769310228475889 2.1595665909853556 4.238065619699377
1.1746507738025214 2.2885497260875107 5.18781482694658
1.1691341297917766 2.4572566039889803 4.833881892806875
1.1813234356471651 2.312261752776479 4.407384855445123
1.1755961187060753 2.212900580955967 4.921761705714989
1.1739958104207775 2.2533776658015046 5.103212493226202
1.1579503073569473 2.2429712590256554 3.371237710451817
1.1630386083945734 2.2025830011683114 2.64651178413562
1.1746561147064831 2.5287872777027003 4.764346649650447
1.1595338732460796 2.2113836049509175 3.7308537325239097
1.1629588831940152 2.308682325520933 3.0462575050976977
1.1743873957141573 2.4696514590145533 5.04976838127126
1.170584853098101 2.464415901111144 3.65515667246526
1.1599071850092433 2.1891103480053733 3.227577812040108
1.1606488546151301 2.181298922553836 3.3530685272049734
1.166111368169306 2.184562987575526 4.26497383648066
1.1608219532064254 2.180215042324277 3.2507026011730424
1.1707906146098068 2.4666519028147915 4.91506788065449
1.169900911958888 2.3559131780965337 5.060468882506852
1.1705271635680339 2.5248805873151157 4.416004620694505
1.1633757507524674 2.366550459002837 4.403118531115618
1.1803141405877224 2.186662911002138 3.886220507318864
1.1600280677186274 2.2248444066345 3.867125818427734
1.1761272186146452 2.4463923368286933 3.699525427322353
1.1655327359548429 2.159569795123994 3.7209163105399305
1.1630983379607729 2.1678898665190616 3.5315176931092314
1.160697824827892 2.3303686680424085 4.0205509726222814
1.1742867843407556 2.5335470002539062 4.406386627503418
1.172974999750835 2.380142446870963 5.165292022465703
1.1690298477240801 2.218936696599943 2.4756654856939626
1.1714038282686605 2.505028675315812 4.012651275330745
1.1759559885371151 2.2974378618263267 2.886416762445265
1.1705805946738406 2.1670944521855873 2.501258095935187
1.170105213257861 2.4694163859010114 4.799691394978568
1.1767007684230695 2.33976741549497 3.1384665881886775
1.1755422925698675 2.50704372666643 4.159531771670668
1.1697391176057617 2.380101369183806 3.1927601660608325
1.1800737449097352 2.347076910227473 3.7058378072521716
1.178055084802545 2.414103101617636 3.726833584159774
1.1813121427469708 2.2911770820564854 4.15777200853943
1.1642037760563093 2.161060648861288 3.1120609217509685
1.1701951687644665 2.3935295660093634 3.2691729414570894
1.1757489721719487 2.3715331239871995 5.157245534167856
1.1664443818102712 2.261623342000713 4.680052345223599
1.180892396988377 2.2369369166167203 4.249713806053542
1.1691735872273537 2.1521450230101813 3.925954444445729
1.1614854171999363 2.221165420581569 2.8818837478661035
1.1594020709098032 2.212944733503966 3.424683021738014
1.171022789206467 2.5084931902589416 4.151018680726944
1.1676070312169096 2.41633284014193 4.71893151691461
1.1728178593067553 2.2516801698580533 2.589406093652647
1.1619604118257487 2.3456782333815562 3.5378170772705193
1.1701529358759728 2.1853771390868086 4.519388620786437
1.1780547553079943 2.388643219816024 4.983281187311931
1.1746854726148173 2.517357350643483 4.641457290898524
1.169309449171766 2.400217575490344 4.905666313213134
1.1764199941098799 2.261946966844609 2.807724358462866
1.1710366515600616 2.321410876617342 5.068446901170832
1.1786100028194826 2.4246193321100002 4.772284023360422
1.1798820374240497 2.363439836100806 3.805555260255792
1.175757832751354 2.437655763680891 5.013885900583977
1.164582859139359 2.173898498887465 2.8118031696939747
1.1695443332508368 2.4608573193455645 3.7901730250549512
1.1595287304032542 2.284604090342802 3.6179222485202374
1.1652298641827774 2.2208758325741087 4.393233796392577
1.174151219511252 2.398910175887781 5.110690853441145
1.1622074833693672 2.2851051975163665 3.0976007521311004
1.1592330456995892 2.236392471570861 3.377901094093618
1.1672287714016223 2.256770055831469 2.6868473647313316
1.16125516838023 2.318540464760849 4.018888629042751
1.1608972682183953 2.2362281318049098 3.0227883212866526
1.173986535128644 2.191424061823022 4.671316360893822
1.1750695722686149 2.2386575521203858 4.9532079208879605
1.1683232460742023 2.471091332454376 4.138246771654185
1.1689474461051943 2.4736705952906357 4.477452269483299
1.1774714247680262 2.313748647249521 3.1330954645455282
1.1760608121784035 2.4212520718208412 3.6181822122141742
1.1759453084869795 2.197118164330058 4.683503969866521
1.1718837746696693 2.140229208253468 3.3104644401484666
1.1800132660786422 2.352157335253686 3.855898549595846
1.1780371781448287 2.4281561243707794 4.791062144548254
1.1734395250541967 2.4644215181797207 3.775249296218343
1.17063890111812 2.444396150838153 4.842845394269613
1.1729103722273517 2.4235825959751756 5.018640601093306
1.1775316162686527 2.214564671467386 4.716782595507382
1.1598302872262127 2.2254454624044815 3.300381650165921
1.1766020334454048 2.156103206821835 3.0903553085329882
1.1790075518881773 2.375842775925033 4.798625306853628
1.18011289349116 2.30353107811359 3.5935164215052637
1.1681074888083949 2.24272262117604 2.6334448795612957
1.1628916414584367 2.352456243305407 4.141318968804395
1.1630171240138611 2.350932121387246 4.171191134084545
1.1703163427445569 2.309266202337492 2.876262608032631
1.1735461284317346 2.5099439011589224 4.515463867045934
1.1755483836624563 2.446691275389723 4.920731242181201
1.1658998083242302 2.1582758806128783 3.3564595523605814
1.1795793731113275 2.303424931655938 4.738806300232611
1.1713551504513564 2.144749253656191 3.595801568753995
1.1709712519296835 2.4968040841881467 4.292723723781535
1.1667396476345964 2.1986473507877946 4.3238638338348565
1.1690585777419975 2.3213326910186334 4.889705772870348
1.1696911073840404 2.4001551735816706 3.4113078216005484
1.1795767627736602 2.343237659991374 4.711488036224667
1.1635016905972755 2.2796463033868197 4.320773600090728
1.1736622650683786 2.5020855683130545 4.588006276147144
1.1689137965648466 2.2510057221343933 2.6629034140051004
1.1660365254574472 2.3919591280007113 4.464615020101656
1.1734352339953482 2.4880727313603894 4.714026923163866
1.162775401529417 2.3506304976232766 4.020991858828692
1.1717774826190488 2.486548829102623 4.6309381862593515
1.1765279801236648 2.3611191797264137 5.034938280584729
1.160819483319175 2.229618782716283 3.719079752593551
1.17164757353439 2.401154673606898 4.9613572516928315
1.166916711522586 2.434027481270924 4.241291426869298
1.174214800164735 2.294252432725822 2.875976424175139
1.173594011302637 2.502445686330694 4.503696336943012
1.178019120790764 2.1802171174266625 3.0513751918845546
1.1631502278529977 2.347986215955877 4.134909065104525
1.1707242122093309 2.456106839248346 3.8216059491630308
1.1705288319477105 2.388854529010249 3.337779640395212
1.16844016419881 2.4399372543154874 3.8341178750849334
1.1705443702351035 2.3756467938200982 3.2585627004518134
1.1787385416059157 2.4176341424395775 4.2199217550710415
1.180230409322181 2.320761486208294 4.473811630632964
1.1721081067848034 2.4834411816094235 4.048139594599865
1.1764991242077598 2.4159392417167784 4.915455310825454
1.1793595199308538 2.2125630979256865 4.377773777811827
1.1781072944258346 2.2302353625735964 4.69267629004411
1.1720070375431144 2.3682967917455136 3.2064584679436674
1.1665485060800456 2.317498437571809 4.653263244038529
1.175791408337426 2.4611778479467348 4.771127958674299
1.167967735820238 2.271189170725311 2.793985685459546
1.1603607302235006 2.24264415817171 3.4935660822831434
1.1794883364690987 2.3483590115306576 3.7217060678559903
1.1607296428200502 2.2226630069027316 3.5537170096601027
1.1734139147225469 2.426647743382925 4.946471048730071
1.1664203350555502 2.1591330680020935 3.1748088045823497
1.1802574718875378 2.2296718423795334 3.538147837748255
1.1640686732981407 2.340853625273295 4.305729200546285
1.1626660054682174 2.1913175304721557 3.5663705011174667
1.173382367060805 2.3687518041718687 3.232752093547866
1.1779257640968088 2.2205274343570633 2.9378263881290057
1.176185006108052 2.384269751822333 3.473405536939616
1.164847684074243 2.391863935553033 3.9840715817303387
1.165910263799357 2.206690654896206 2.694956985129683
1.1701924612158556 2.3188378760061936 4.928870182651165
1.1626388214608658 2.234347454205186 2.9760580937240873
1.1709891864172655 2.1561176558138144 3.972409543973349
1.1682761448155932 2.382013530817411 4.727282853713167
1.1803245804002511 2.2231779427036367 4.062137718381999
1.1632614111602235 2.313243436054331 3.3094810236337366
1.1649212565947455 2.185375932580058 2.8677537924298644
1.1666793080277031 2.3749045205145123 4.56538749832462
1.1634253857117418 2.1833196823333045 3.1269394902063805
1.1626960256865349 2.19358242736437 3.6099218269458007
1.1773916790657168 2.164629348237521 3.2140373737373906
1.1640166594721522 2.35357909737437 3.578014632590671
1.1723462921495065 2.4458984120339973 4.828966204145475
1.180342136898114 2.329933715712435 4.166354082146327
1.1771615938501672 2.4548434128626395 4.454326415811549
1.161880441912132 2.224276084698233 3.79598982979919
1.1758747072607396 2.3549647260688396 3.2923498536750238
1.1800458165624181 2.3430820363360865 4.295492932312703
1.180482376303846 2.268543502102736 3.7582039935299356
1.173929564625765 2.374939535412396 3.303970836454692
1.1689131322318915 2.336051025098037 4.825446444923841
1.1684395059472916 2.346355664014365 3.1722687755960024
1.1733997363029667 2.247910812973789 4.903938471396826
1.1721215880042388 2.220095432811292 2.5975225260027255
1.17283345002354 2.259388368857686 2.726019959396697
1.176538450143186 2.4562972367734446 4.158818257803384
1.1656629620362553 2.3817280826260188 4.3468230899561195
1.1651318085352627 2.170154526248923 3.5035744000630302
1.1681125744543466 2.422992651696187 4.517952471405943
1.1733246384247935 2.1466357949656434 3.2924413957158922
1.1716235683663891 2.3634056425866166 4.969090565629994
1.164689214081491 2.34899192490082 4.32394040143982
1.1794979666291414 2.3027042411942165 4.653157565721164
1.168634782236906 2.285622882306054 4.757299339107599
1.1675416368653986 2.274062025461692 4.647102022302008
1.1756980566254431 2.4696344833500703 4.586112208284737
1.1614526697684215 2.2881065337197697 3.7002005725448086
1.170054258277448 2.159927286932005 3.9408820710924424
1.1800670391464396 2.336881262853556 4.269406246939539
1.1753883822091922 2.4736997238740566 4.565248826339996
1.1733355406516122 2.484599972113659 4.553853145768823
1.164664097079979 2.2002243505865677 2.844745268622657
1.1616757056407487 2.2188944345042962 3.618301166692156
1.1664328096064138 2.2603361053795923 4.509587161939853
1.1617907869601511 2.212455530073027 3.54435093644671
1.1710369774711602 2.416004583565127 4.812660575980605
1.163425478678835 2.2331163148433353 4.074457117301682
1.1772345051604443 2.273968793853493 4.8612184076514104
1.17739580081286 2.2863957359682416 4.884384102616689
1.1804825454513965 2.2935932909636816 4.0506902775621985
1.179619096017398 2.203058971837512 4.046735916798941
1.168924116158458 2.426951463054186 3.7799775687035737
1.1664615894006547 2.2027753760240083 2.7151309997683173
1.1719188601001695 2.4260668255879336 4.830695300190429
1.1618065908998791 2.2516438442684565 3.8354551426924726
1.1673833677267051 2.196449410693356 4.260267783246734
1.1728057859228866 2.4803346582100096 4.155730129086852
1.1665222609711225 2.197777910278417 2.726966476011963
1.1657495543204404 2.1713122908816884 3.615513776833602
1.1788078369163155 2.191406655722592 4.091060446719094
1.179701397702209 2.350931717846033 4.036031784827374
1.1686286085309932 2.257436913623143 4.671369095610451
1.1740614665063405 2.4473493875868946 4.791010521454293
1.1668556483505121 2.18203385156487 2.7927597783927602
1.1770308984179594 2.3663332549439535 3.5057603918440936
1.172542740949831 2.3295547422753966 3.0540934813144425
1.169010495897719 2.259044854208465 4.699111054829682
1.171372697804713 2.468433140426451 4.487807611248506
1.1696208768248448 2.2340171624722225 4.649796358070656
1.1749882945242254 2.4312141512365546 4.8155986137886675
1.177539482789628 2.3875716894585515 3.741903779501463
1.1648535586992268 2.2354435214984045 4.223105496446578
1.17458898054579 2.3801767807119516 3.4179501316512386
1.1747702700072837 2.4157363928059317 4.87243987888356
1.178161418636835 2.3867170396052497 4.681886751502846
1.16751979961494 2.2976084186108183 4.645977494429278
1.171664489640291 2.1520127796683575 3.7127346286956495
1.1781992531538426 2.4124649205150552 4.235340075524029
1.1661647941428621 2.179860346070658 2.910500058347968
1.1770618361905436 2.4348308360639153 4.1521038789240166
1.1656764694605795 2.273050359019991 2.9985756411000652
1.178698051585292 2.1815821241647697 3.5882733913901372
1.1693000310775208 2.230789949148826 4.60278105277629
1.1781481733924988 2.287673854140997 4.775329473075347
1.166765986688736 2.2773624885564887 4.536111270467259
1.1799057119763587 2.293926610594007 4.379896740567631
1.1794747711454998 2.317111173338526 3.666579511891296
1.1625988183270441 2.201773386972602 3.455977955119888
1.1771690546795435 2.1836590245981906 4.223844796971722
1.171714289595689 2.189125791411544 2.6498877818128657
1.1757891908112845 2.3244198487602623 3.1869058072240115
1.1682837604659755 2.342184117070227 4.695295898700804
1.1642378244580398 2.2273834849357037 2.962550766878124
1.172342150449225 2.3417924625547015 4.949028976814709
1.1645612364423723 2.3068850380633306 3.281128534133966
1.165576635981225 2.3797561848083375 3.8743527229001273
1.1777606648552754 2.3116329540458507 3.3259876631572727
1.1693843190179298 2.27810637052516 4.731960058542072
1.1687576258939816 2.3003015049091795 2.9920189049317374
1.172909601135494 2.474718995280853 4.307447217085535
1.1645431104734558 2.3382530671587647 3.5220820363861254
1.1740077225881649 2.4019700066268985 3.560257008440699
1.1778408166945746 2.293686630624186 4.796198563157937
1.1745046297732644 2.373079994911338 4.943218407202425
1.1699851169085467 2.44179421310177 3.97277202497847
1.1785535107105893 2.3952880856427043 4.259716800125071
1.179163169165434 2.324578205754853 3.668287515206348
1.165248615418956 2.2619620732524117 4.299233262317811
1.1753692284315835 2.1775017314490768 2.9020342124386875
1.169856243580446 2.3778133548868197 4.74449572715419
1.1696755213576124 2.180803744942979 4.184174768121945
1.1648139273135862 2.2189617808619655 4.057926915738413
1.169623720831917 2.1752600462446154 4.074851035180059
1.174570597177469 2.420024030217967 3.748080118886705
1.1741630327270243 2.4639402208876824 4.192230482698477
1.1747077832530368 2.3400224544126726 3.231991470905676
1.1750728757734414 2.223870824668383 4.700735505239749
1.169624894166024 2.354901841408819 3.2876141878437917
1.172162010651846 2.3575009782407395 4.904470163291068
1.1762919633661866 2.3544620260881697 4.889273552527133
1.1755763983602248 2.408772573586725 3.732425632886301
1.1773355746462146 2.2029357189316756 3.0041752078728443
1.16407589468325 2.3347109016816976 4.013286283636235
1.1678681740888068 2.3768546503362344 4.53243370130242
1.164426476002217 2.342908933885256 4.040300078071603
1.1708305599487465 2.3071765621549853 4.837603534433997
1.1659256169473702 2.1781627861099135 3.5850859838797096
1.1673517772958864 2.353620013023569 3.3982183360077016
1.168016798566149 2.4011291050480477 4.426881600722819
1.1688902020458938 2.1828370789380287 4.121443592647269
1.1722628946483467 2.386185718068539 3.4550884325662654
1.177327053199543 2.18446871380341 4.1252752519782145
1.1695632002621572 2.2554212354994823 2.8133862232868996
1.173375181111289 2.4615236540987424 4.175794330839558
1.1727365859448695 2.4320288616707133 3.806420144209614
1.1652548760487562 2.2657703411432886 3.0660830132343992
1.177357299409058 2.420144147050295 4.284015392540031
1.1738632869347163 2.294147425744204 4.908747917337621
1.1627293201334072 2.2884633874022318 3.727027671581485
1.172155325129109 2.1764691731170314 2.7799841307628768
1.173962514820517 2.4611862743011725 4.24493363301063
1.1661467576444626 2.290233237551716 4.4126027756362305
1.1641132430077814 2.30887059017159 4.086292387996625
1.178739756531212 2.2512284792014343 3.3183572092437075
1.1698487492867367 2.2301890052214497 2.7373805246318685
1.1644632504504104 2.293397173445736 3.3010531019804255
1.174816033965643 2.2707010511461156 2.9601860115210936
1.1758546014059161 2.398247187691055 3.721107091379235
1.1668480741218503 2.192822934184335 2.8685696521770225
1.1798617915371905 2.2501386099782645 3.8308202513475145
1.177687999340539 2.4020345648974626 4.131762247130558
1.1797816812834803 2.2479069678374657 4.0989642436599585
1.176305256929357 2.169062227651313 3.8716230909461746
1.1729554635828796 2.1535028969239693 3.531367924726027
1.178148974045412 2.1828368653819723 3.655048505561057
1.1776287941321295 2.4044317448516224 4.413361139195109
1.179828118751946 2.2812763054140546 4.135916597264664
1.1626452146846353 2.254183504085014 3.4796497062835243
1.1686232806712955 2.3945563147484163 4.479292990555097
1.1664951033465105 2.362517594194146 4.327770042553036
1.1706089244813513 2.4268166283779835 3.8734265675337554
1.173725383540508 2.2321456857103565 2.7812855470974824
1.1775799966371499 2.339547823622623 4.749822103868505
1.1663353795326494 2.2707399892602953 3.047915481572364
1.165632668792218 2.2369993039832576 4.189227793687085
1.1779668237432488 2.3787361642764036 3.9286585827287404
1.1795379680643574 2.3262097001005726 4.112545957841478
1.173676582747304 2.3012836813741595 4.885368283019115
1.1702406103083243 2.387702910122873 4.661474487206325
1.1779372347445634 2.389820126278308 4.441076339960265
1.1790544769752913 2.347490196323877 4.357022369616775
1.178261044212913 2.2900583709491444 3.4105928720518346
1.1639010910588152 2.2098417042488396 3.234178778289099
1.1679337965847838 2.1737566857758646 3.7607462454337792
1.1730021420995342 2.436514220109891 4.608568811708196
1.179045626870648 2.3462317705142564 4.337951839981107
1.1750967117468114 2.3950035577443085 4.7738668653744
1.170624610060911 2.157869647421225 3.469649111896434
1.1772912289529645 2.2408084304663274 4.591638272766454
1.1639885388628952 2.207229103302774 3.6136934283114606
1.1679279970961018 2.1912488666907026 2.859038175787342
1.1673996288644024 2.212839763573463 2.8383909979129243
1.1717080731918101 2.1585878304937736 3.6319542400146485
1.166773239841859 2.3771461610128006 4.170673071853535
1.1686919799369324 2.214260298249987 2.787218709488938
1.170336518318448 2.1824590611755474 2.81707927860462
1.1778268312395626 2.238989170389427 3.178697649779032
1.168420266866446 2.2097571983715922 4.29387964799688
1.1775853976383757 2.395999555637702 4.19759430329993
1.1779045245862205 2.2361570685348755 4.4914272555067
1.1658797601280004 2.2192473343044137 4.067615813321908
1.1758521527201355 2.4289020067841496 4.440321201710745
1.1722884660605224 2.3523366806962103 4.828728893312439
1.170961168958089 2.3977574314270327 4.645416611228265
1.1661950405428212 2.318118217706726 4.333080034427455
1.1705794025156124 2.164337104307296 3.0440957079369255
1.1665335731980948 2.289191081406848 3.1578747621312786
1.171900636872315 2.4407880306226115 4.102024327206973
1.1715200638259402 2.26164211245303 4.712142021104567
1.1745230183693718 2.1799598981234176 4.182832978028323
1.177890193535253 2.2483793022788685 3.2237839555296457
1.164641343417732 2.3020172009256914 3.463643179550731
1.1742335761004328 2.3617865296174587 4.840502479860655
1.165327640364574 2.3452959932182242 3.8594882287906103
1.164176340362 2.3081539083251736 3.8261634319828968
1.1782609675983151 2.3343127527267438 4.57210449715426
1.1725065783496238 2.36452240944933 3.399106173243551
1.1725981538820913 2.2279866437448645 2.78655197015666
1.1666497610493238 2.179507166553356 3.4773804268560156
1.1752058261619251 2.432858776923575 4.410700736105744
1.1646273103292835 2.201912196158937 3.2577960078151182
1.1724860624150961 2.43493417596316 4.0334679220165945
1.1760801409902244 2.4061976243999506 4.567781501211629
1.1643145014556806 2.2547618191459486 3.9346466584102853
1.1671036720767392 2.3438423693498267 4.370888769290785
1.1647158315654975 2.2208370304351046 3.1531748266280726
1.1794738322338967 2.2433558429709004 3.8430984092169513
1.1691295223509632 2.2061083222681055 2.8081803981488935
1.175747426703969 2.3567119759525665 4.786381717578102
1.178329454089245 2.364448278789921 4.118002950360834
1.1764866755678853 2.267300184627354 3.145561409814608
1.177343758124311 2.325926645969256 4.698572354212406
1.1690088103419363 2.2141396047406263 4.324104631154697
1.1717900820178166 2.2741898988532725 2.955603104011658
1.1696084947256233 2.1810194557501554 2.909317222854513
1.1641291492932324 2.2924535000875403 3.7931155506680074
1.1659521182361594 2.2333758879695136 3.0279620245065058
1.1663802976337239 2.3557711497688545 4.132224914368376
1.1740017849741844 2.391219960746829 4.737115996655666
1.1686730271938253 2.395378807545912 4.277752074976522
1.176208685250234 2.412876097934362 4.148663940233758
1.1794678320652796 2.2642957123728586 3.9607705080316506
1.1791909241209495 2.230505277967944 3.963337266128674
1.1690150788570457 2.2365348910523273 2.8639902285437078
1.169826079045424 2.3554366405871376 3.4178655072459687
1.1670295814870844 2.246831432689492 2.983731605095212
1.1752361733838654 2.2316630406149582 4.607676696484045
1.1690879558879985 2.234067435693983 4.430122482355099
1.1650777973044022 2.2915686947528044 4.084853451472986
1.173144278940462 2.183715034437862 2.8797801624936543
1.169131044351141 2.307192415231691 4.593155041589229
1.1647296777969403 2.286593766201778 4.010624817836678
1.1747874806367375 2.4001835351083147 3.8005538036260393
1.1730425630117258 2.407419111139765 4.644896482964809
1.1767967212674249 2.350205083936961 4.686121534079675
1.1708872085731068 2.4161544524330156 3.945584719956134
1.1721822513810645 2.40482525521669 3.7592467160745997
1.1706830671033348 2.1658844932874612 3.114978441060682
1.1691948045305254 2.4032395567276663 4.139291912693864
1.1784507618000621 2.2056080052298213 3.9665367319917877
1.1672250242570932 2.3668959695071177 4.1751947473771445
1.1714308067046082 2.4262964943373655 4.26621767996895
1.1709619584253952 2.2265717156365037 2.8235788331216947
1.1682620360678824 2.2380212844281244 4.362824463459765
1.168427707365184 2.3715265871204627 4.380855105898776
1.1698693641963782 2.169149370391235 3.691282236017978
1.165760813441704 2.339528224443643 3.880716738427749
1.1701523472674555 2.351609606852515 3.4130904757428446
1.1706482939868434 2.2130929572557716 4.39457865807287
1.16734494557065 2.3564981956744395 3.669656760179439
1.1678997693696118 2.187935232506886 3.0314403290546306
1.1730117615897508 2.3953676599492275 3.702035981577179
1.1737513245810467 2.4090602268155314 4.600391746754278
1.165471244720421 2.319070798572232 4.015027751221554
1.1788561340285486 2.3261589556973474 4.177375502798787
1.169050680001471 2.172589393705702 3.6233348968548142
1.175677632252336 2.4149211271016777 4.307859537049582
1.1680483891010451 2.3118057487785886 3.2683564095796758
1.1787858919404204 2.2954103364304492 4.3122501270481735
1.1682262494492421 2.286067391389239 4.4587279695114095
1.1765324796313363 2.2856581807920486 3.2746320620980995
1.1660766918574343 2.341560331499367 3.8724787863255408
1.1709726767857271 2.2968394733342548 3.103221210044845
1.1769712862230204 2.1845884304630694 3.6069119317925598
1.174304076355147 2.367762578481144 3.5646990649335724
1.1782098481535488 2.3431376145305616 4.325653390132697
1.1645332703171476 2.255092003962727 3.778626118863208
1.177372212865802 2.239299032918188 4.43677867804913
1.1660216351157844 2.3366386876527345 3.883036192809458
1.1749568377741302 2.234413337155746 2.978406311316851
1.1664150269255114 2.342431735728427 4.032850653267376
1.167766114477946 2.2577358693544163 4.332893512355701
1.175557953557069 2.1939982895528716 4.213592144277909
1.1763807214387458 2.2460552573856316 3.1357971915170566
1.173668208623316 2.229195237419397 4.553949318963982
1.1651509995446725 2.244829286119826 3.9024956961063566
1.165112090638004 2.2209319673810572 3.714931610643843
1.1673760061174938 2.197887045594097 3.0478290905015886
1.1734722988037298 2.37702024353979 3.6155133113189795
1.16845001490782 2.3651171938420017 3.6941038774235153
1.1674158242665045 2.3517384503310184 4.206263690086342
1.1765908658259885 2.2336092252444018 3.1474690855171925
1.1649680243523628 2.2919805455101776 3.7578078053173023
1.164665976715149 2.238448204602203 3.437565053101693
1.17028637490794 2.3899540401482944 4.405966628987672
1.174424813133942 2.3242583728012853 3.322338046808884
1.1764691822026108 2.3233265998849384 3.492614975726733
1.1646279296239097 2.2498058494431707 3.47590625279161
1.1694459318313677 2.213461460566789 2.9052373614045752
1.1708736085510298 2.304153875296503 4.6466158791878485
1.166347499420092 2.3347551864680174 4.038462408302694
1.1656364836322186 2.3158594906264964 3.8643069342089795
1.1673315894575842 2.20015048546826 3.0602796109707953
1.1714825020413588 2.407550851266028 4.374670073236478
1.166416829402766 2.2237822041956883 3.986179946996927
1.1777908380741382 2.3534776374743993 4.026573802598211
1.1672972612613506 2.2381474542137885 4.188356036866953
1.1748912499889568 2.1787445642354344 3.2132037429618965
1.1736344826783363 2.3815807755811047 3.681109619737576
1.1755231316758408 2.353364608543263 3.5895675544666865
1.1715672391483867 2.308307075686752 3.186636981967361
1.1783891760460867 2.254410545023958 4.25251044238013
1.170793528438424 2.2235123200437226 2.885551252627433
1.1698265983296063 2.3825849815660467 4.36932835597174
1.1748283088678897 2.296161513605848 4.710118408620286
1.1672597819137898 2.2414839250271292 3.0738090287601754
1.1730085606321503 2.1762669558864243 3.087538144741618
1.1664256415826713 2.251310090877304 3.174053553498206
1.1753271584899392 2.320836178167246 3.3799860907568515
1.1725769508898516 2.417851884867142 4.194631050762657
1.1775977530165243 2.1980953596059654 3.581137163846515
1.171951721096058 2.3459012408540767 4.678820222298569
1.1699314778383734 2.3325818158934535 4.556634939634552
1.1710449464326926 2.3903807399807153 4.438675747741652
1.1760554045389147 2.3877383709407907 4.419087578392061
1.1714615529625796 2.2690506898407636 4.5966984007954625
1.172960439558637 2.170972927380591 3.188221757378024
1.1703284219381975 2.320275713699556 4.589681001705543
1.1782110204570828 2.3261359634635492 3.947696402884791
1.1715956717764446 2.240385624971571 2.931453231535924
1.1654057417722792 2.2270125448512044 3.3298541260061274
1.1718834076771483 2.2174313978004774 4.41243855064236
1.167163734589891 2.298339191921394 3.3595061623359985
1.1677148833292286 2.314159405868843 4.3199019741016915
1.1696838580311222 2.1811803165765893 3.11975323599869
1.1784640508322437 2.2988023650597444 3.850633059047505
1.173690407928413 2.2780036141117828 3.1114152635304997
1.1708820780642546 2.366964449639422 4.5287991956541
1.169948399347608 2.2911745703485 3.166936162937567
1.174156508945662 2.4099772798348904 4.331295947028158
1.1730347387088969 2.395866731776936 4.509885576310078
1.1669173754348197 2.3393598441358936 4.005449981424995
1.1659111965108953 2.2455471513603227 3.2824674084894934
1.171394453510247 2.266151061768772 3.039878976606886
1.176104644961003 2.3414357374399732 3.6180724301342106
1.1749518829217092 2.17931000564968 3.831960758681216
1.1732407366857553 2.3150130187337465 3.267826872753904
1.1713672240756827 2.181698814477738 3.062352818464266
1.1696237766558542 2.305358047800378 3.2591323979372486
1.1680728908907112 2.2127770943436857 3.028761967463762
1.1744928408232371 2.299976564376026 3.2577411377312764
1.177339170025936 2.2664324133283316 4.430352418508866
1.1775027035781553 2.3457164730149707 3.960809674810088
1.1663518858953144 2.202910234601159 3.331609867407872
1.1662711797615453 2.2779456266902485 4.057042147365868
1.1720227466555786 2.1706734104225447 3.3050208108487844
1.175501450317436 2.180936373082892 3.7929173153269335
1.1765898670872366 2.281820484265669 3.3652497846466893
1.1662242849635645 2.207760632083745 3.338551161091475
1.1763645838462808 2.2853796356949534 3.3616476267593143
1.1720868472251635 2.395936294193003 3.9153432953529173
1.1704229344205004 2.270433889606903 4.499297108264715
1.1755576367375635 2.3927533223311164 4.207566418694096
1.1781469623429162 2.290393136441531 3.743826097394198
1.171782673983694 2.2354452259376036 4.471224359508472
1.1655399231864614 2.2831137716460796 3.673822079627005
1.1778641623043686 2.3317117229628495 3.9466011637586274
1.1673869611853611 2.307516389178213 3.4471031857479026
1.1774937923098525 2.206103226123575 3.5224844476638992
1.17019702554313 2.3386202388981223 4.512039978365079
1.1784519277500576 2.288474246938821 4.144337875806306
1.1657355658728517 2.259935940713871 3.8479301641689894
1.1737537610542765 2.1851810456927856 3.118687238432747
1.173493525203927 2.1713696483681617 3.5314103487115975
1.1684108545583975 2.2330046457109125 4.19984033930951
1.1712424655723983 2.3964161885124535 4.082342806765803
1.168739763633058 2.2151695812503434 3.0210366449420327
1.1657896473883465 2.282870287078371 3.8396703890098713
1.173482391623663 2.3742658899120026 3.7124896569083443
1.1668301472326397 2.3020979985203756 4.0976576548631805
1.1734865495072486 2.1867054469603895 4.031811656038061
1.1662355017241266 2.2896594004571025 3.9583944116688183
1.1729301557772964 2.237983283627066 4.49898676290594
1.1775001958777176 2.340196209587505 4.250146178030272
1.1783878304747077 2.2758981305403707 3.959776954717407
1.167131067260092 2.226262867465306 3.9649544394966725
1.1685091496667988 2.254209708069165 3.124583532469609
1.1774763788628937 2.2092082629797876 3.572713755589902
1.1732403257409483 2.335469619100348 4.65376091010647
1.1708994580810856 2.328710784666655 3.393275991082163
1.1762262019789407 2.365002541777436 3.9412420488153064
1.169498380825501 2.182339483107994 3.3404404564621792
1.1693139414332245 2.301631716877033 4.420602254032977
1.1753707998209828 2.376329897489844 3.9203994065697625
1.1683546864448224 2.2770252268117224 4.293569672634922
1.1691205700952254 2.315163872843404 3.3984249934969686
1.1717930467020883 2.188991486572537 4.014082352692817
1.176417749595641 2.352351633201443 3.8530581041305254
1.1660863666259986 2.28702192705113 3.8751369843427383
1.1659648574016568 2.270372461995642 3.5703791131888014
1.1723159556815672 2.2157572016997884 4.342053269857205
1.1695063752260582 2.2464463246248485 3.057122639933251
1.1719204985498173 2.308927310436345 3.275161852861693
1.1710441755870926 2.365015762013873 3.6833612773054796
1.1719845314538933 2.389645137693132 4.353151782588748
1.1776271735685504 2.328544890895498 4.241423840299266
1.1681933189979514 2.2167094535564558 4.029683071500415
1.169429332075214 2.3290253208362595 3.480181680142172
1.170933965021274 2.178079888890462 3.4139860089762184
1.1695851645314586 2.2454827777625903 4.3167020642670835
1.168467976630504 2.3518206766508714 4.072689285665225
1.1748396266000667 2.2898897784551613 4.595249501981941
1.174859911693002 2.2708998110303513 3.2290593843958906
1.1714860110407568 2.222991173562598 4.3286710313478665
1.1732314719156036 2.2888910721571616 4.613418410772891
1.170091048894934 2.3148647428516096 3.3690852871487564
1.1764739960758055 2.3328425538973088 4.475729811278644
1.1678102244063342 2.227359554557423 4.0241793771316186
1.177288953452732 2.262333169853158 3.5059526040554534
1.1706646767378115 2.3374853008921392 4.485362878756552
1.1781020406378857 2.242951522582543 3.890385737075018
1.1669246507713114 2.256799611035115 3.328298758243754
1.1693739840151118 2.281375236469838 3.2346352333929342
1.1710264367431527 2.3663909017266658 3.745187896602756
1.1706874562939578 2.2999873246913047 3.277545217202727
1.167232637523907 2.232096693980329 3.2349900132018696
1.1718431215919538 2.217049978145227 2.986178580797959
1.1772292902513528 2.322101215049715 4.335660646986133
1.1708849212010564 2.2394999935953517 3.0347554071006932
1.177567522434857 2.2374987025110946 3.5578252845648084
1.170686452230322 2.3527098718951853 3.642532349446581
1.1773586475886189 2.2878556948825817 3.6349350770619786
1.17794051977353 2.2373850102819097 3.7341365420187813
1.1709889405733405 2.229351807309316 3.021134145884103
1.1696653880832324 2.3665178600829004 4.083687556647764
1.1746252019937231 2.3840193421106797 4.239396927154486
1.1754254572921274 2.290514389480724 4.544159313638893
1.1672097845861549 2.208335419932264 3.6124599224804044
1.1772114795811404 2.2284843426411736 3.4863134045720763
1.1745694319748976 2.3828186736818995 4.280722739510855
1.175477023941257 2.3563422764416275 4.448297199756187
1.1706982711856262 2.2664005314067084 3.1491885998418105
1.177685804653451 2.30897534528023 4.104597413785706
1.1706073087117672 2.362156312869668 3.7658361478131415
1.167484097476343 2.2857319534197993 4.100949494509996
1.1702722484718422 2.370152232819432 3.9705709177209805
1.1735155263581598 2.35440151859342 3.651336992437413
1.168416963391701 2.3252659452619087 4.189942680700973
1.176582147733352 2.2010233419951555 3.605843055863488
1.177582973287688 2.2275424438243485 3.7484722389037817
1.1758851552637655 2.229832056125531 3.2543995787553364
1.1773776895967705 2.2717231267960374 3.639103961320881
1.17040665774025 2.1885444373614815 3.2453394176138577
1.1675431020658553 2.254446582879325 3.300016600189906
1.1757393838381325 2.311988169362957 4.5156777721999735
1.1718743520216872 2.3840795206297485 4.131302702332793
1.17491622630793 2.2814185095346966 3.3156691349793235
1.1768444574276138 2.308090668310246 4.364359627892643
1.1777226229073485 2.294561375462875 4.028060828955859
1.1734279930710994 2.3801368670307976 4.325076953098701
1.1690347556584175 2.34827005330206 3.9953589824141336
1.1775336196782964 2.259107375082365 3.679198451008091
1.1708598261603327 2.198196041797222 3.1045911767745658
1.1756631930180597 2.358375160470783 4.344014688922087
1.172043142930851 2.3115521284242524 3.3676542762903203
1.1775228745588668 2.2997583470843406 3.8986392972455413
1.169909958738744 2.3255164682700356 4.361665136471181
1.1693670419867557 2.3423849297745534 4.184314061650486
1.1758513656613456 2.361147164318866 4.231029604628327
1.1711076009694854 2.2442601904036703 3.097904984570391
1.1704683909305218 2.3199031486443196 4.409994438104198
1.171457673339534 2.1898551966834177 3.22555955249822
1.1683602258752206 2.3201593730920824 3.665804865416492
1.1763969451820524 2.2092999823001804 3.486436691299394
1.168634929159087 2.30177209363277 3.4837288158977024
1.1770460120673913 2.2210106050763665 3.628937388531952
1.1688614869872236 2.2610074437618324 3.263935292466872
1.1756889922684848 2.291736365134703 3.464626776997447
1.1696725485160786 2.296471711989449 3.376417167318646
1.1679171747833839 2.3213436507698995 3.894407629237202
1.1742020946621483 2.3505702086894003 3.716012141246839
1.1684702173180703 2.313805206119765 3.6054509508429664
1.167247230295621 2.2248199509537088 3.706993935368388
1.1740621354557745 2.3403037233734936 4.510001158937012
1.1676228853251225 2.2118790391495295 3.6002846384233376
1.1710897916444603 2.267781040232891 3.201809437062476
1.1737665075992902 2.259196419659035 3.194344705769236
1.1740368573690325 2.1931289450182674 3.2540724254428017
1.1744727828275778 2.3614787576739715 4.377432595105521
1.1703893075530565 2.3527523163754696 3.8151160586322614
1.1752565087085292 2.3477612674476167 4.394370105836494
1.1757936556194397 2.202125915518844 3.917269991634239
1.1717957521083364 2.363665542888992 4.316042305790468
1.1703907579309059 2.2011870204450172 3.928051815709047
1.167384016108898 2.2255543469000743 3.451887776629505
1.174605968328511 2.3077287488767135 3.4787861374394033
1.1759790003274058 2.2152971394452976 4.06739377979774
1.1729707556541429 2.3665503165220354 4.361239844672987
1.1744442473892083 2.27276199078192 3.3100350586961103
1.1760560682047656 2.3443143614373003 4.224266495425052
1.1684917442314784 2.2036396941880403 3.617263339865172
1.1756634491334093 2.2356636537577375 3.3134861017090067
1.1756735921341865 2.198452561253727 3.620877760565193
1.169788332372299 2.346695994495534 4.073753891095187
1.174552198449947 2.328453029909025 3.6181912447663134
1.1774184834103774 2.2515002978893355 3.8319384630693953
1.1730936792251194 2.3641718650102606 4.344406614893897
1.1764151566456444 2.213427543702506 3.618314180982395
1.1688010978086538 2.3253472749717874 4.038787195106179
1.1755156874096249 2.345565579169595 4.320064446855994
1.174398959526814 2.3342985044390767 3.6465765288113303
1.173631329909968 2.196095563005403 3.938364675341287
1.1716764533774822 2.3616042110174065 4.25860051597658
1.1707196089345304 2.319124591648475 3.5169477588691187
1.1714527581387106 2.357474934438834 4.250729355614114
1.1730336313555012 2.30424390416489 4.498061001614687
1.170753253350905 2.238007169175086 3.145180444186934
1.1772785336025753 2.280564109894504 3.9408577745334448
1.1753097759469722 2.3044779873439376 4.432454386680629
1.1713120545484665 2.217808396018209 4.133585472194534
1.1746828696238392 2.2507420139598144 3.2688274204395498
1.1676943164607627 2.2319888741079437 3.486726176936145
1.173241428258403 2.3084431619420402 3.443292030054396
1.1727429094959 2.2510344343434676 4.382286238266186
1.1708264557938108 2.2369097347899993 4.216438290288007
1.1738434860118119 2.2642438314866675 4.410011015315922
1.1704215253521832 2.313336402911945 4.311271782186733
1.175886064043952 2.227518563831415 4.127884217802103
1.170002241351911 2.3434929543037453 4.0436984918348795
1.1747545119284868 2.1955938481966317 3.6871956521887927
1.1726171236910332 2.312315823047034 3.4629737732373638
1.1751019314247406 2.2959072963175338 4.420807604205306
1.1768588618188593 2.255271671543885 3.6800550920677537
1.1739086254693125 2.2148194746072205 4.146307210804725
1.1719499154707345 2.1929316935359493 3.30902682819805
1.172958941841339 2.1914354940290948 3.7470901216711923
1.1703232434288864 2.1975987623641684 3.722977961217513
1.1754223879019887 2.3314017826969624 4.335213640314695
1.1690787234663331 2.2283400005991827 3.2829014289744762
1.169830121688221 2.1985969763228557 3.4384649077929144
1.170542820841059 2.3251225173702132 3.618995894127929
1.1724924396503398 2.1964798455778736 3.260859007338727
1.1727414883038183 2.2346481686924395 3.1628674585347376
1.1734705823724847 2.293649867528802 3.4037065669598334
1.1688522128151715 2.2234509634588675 3.3355155482033165
1.1716752724463402 2.1922912254481837 3.650166768270978
1.1683511002866398 2.2169729903224367 3.5962725874129706
1.1680446209623168 2.2348702706195365 3.42820149834529
1.168706213337623 2.264020093378792 4.0137177216771445
1.1709032782814193 2.3484289561753164 4.071480334110101
1.1688090729777239 2.215229023334964 3.69610786892264
1.1733190257635595 2.3062817249541605 3.4782963622080825
1.1683938992548089 2.2812542246623124 3.9771380840803
1.1697750147907529 2.2073214720283856 3.787037187607778
1.1715618304879227 2.2523841013950587 3.2225478109158328
1.1766797582122452 2.294627076620806 4.016692919550202
1.176863555589585 2.2463163194686135 3.855347049922358
1.1729145769933251 2.307902422626668 3.4786592201063407
1.1686776041681397 2.2829468919170384 4.01732195935446
1.169997621072553 2.209409186911043 3.3129340835136425
1.1698931153494376 2.214279434647559 3.8799755624845282
1.176060791776852 2.2181547910544075 3.848259213502727
1.1735865502609397 2.272850598559134 3.352227689667748
1.1767091247659283 2.271382505956787 3.887090737146952
1.1743799485518398 2.3413154252407686 3.8335250824791434
1.1688447758851166 2.2392427019489083 3.9177956167570134
1.1746445370765475 2.346968776706592 3.997383166388225
1.1692368568498133 2.3072020221729446 3.7314266611472124
1.168045650404384 2.261675588084351 3.685780032319663
1.1706983614576143 2.2946062089273793 4.265934312380654
1.1755601102697355 2.3181412042616034 3.805053388370803
1.1705634053791565 2.199503876625087 3.6441229663381574
1.1692065295770564 2.285366724880136 3.5549534904047437
1.1762370668581714 2.2917482323989598 3.7912309794831636
1.1690253962473023 2.2195867795708843 3.475323663931926
1.1754317510325336 2.3330200360796374 4.055601978262372
1.1702044374888196 2.2020277625140388 3.5372913903189573
1.1750108766873395 2.2584062975776162 4.256954266927927
1.1759502252768543 2.22402728000481 3.875248066336029
1.1754648168844863 2.2785565392581497 4.27070654764473
1.170700240263986 2.20891615774669 3.8477345870009305
1.1733892123724252 2.3516962991136143 4.028232764141565
1.17091316027822 2.3320415361802405 4.149914872204723
1.169304713234671 2.235291984458194 3.377712579631833
1.1726235339249165 2.1990754006834665 3.8038676765186743
1.1719473621852217 2.2619200189513564 4.280539303765659
1.1757834191605303 2.306049372083036 4.203369325619162
1.1728085708432752 2.3508145952405313 4.138171737159743
1.168469031357615 2.2410412945566756 3.6066055307116525
1.1691948708254831 2.2947385835722294 3.7226272353257848
1.1755120868494064 2.2217968629693914 3.5343748574845595
1.173726881849345 2.2466010091800532 3.2989519595309442
1.1718980407911093 2.342714956857543 4.151919070824867
1.1759408543768977 2.296024045004883 4.144935137861957
1.1697540852504025 2.2114272029441757 3.555535746236437
1.168635015047382 2.2645777235668074 3.724217215885549
1.169425992481032 2.220214663517699 3.4990772169865156
1.1742480973078973 2.3402953408975797 4.168093383381757
1.1714841235803044 2.332577240228831 3.7968225985630752
1.1702807630187197 2.3033071284427757 3.614047191074542
1.1749047537157626 2.2170972596699343 3.936373262391788
1.1752336154474567 2.318248455364278 3.8588916396083874
1.175402481350484 2.308833182235546 4.200733955035439
1.1717279298352608 2.2019220045344556 3.7576686647848163
1.1760905974403895 2.255385235079815 4.028395206348987
1.1742317410939724 2.3176841264760246 4.29623557345527
1.1749423254720552 2.2137603755124147 3.8195373611453967
1.172931646961394 2.2460446477958578 4.240514257405916
1.1752922117978373 2.215963364981815 3.6666993410762547
1.1742253532798137 2.2099957409946374 3.8762234326094127
1.1760832682825866 2.2694363939841935 3.790483271539932
1.1730795318331262 2.199946684957673 3.7371339730041484
1.1743975178228756 2.3379768210957437 4.042641681409924
1.17551725847299 2.221643570083512 3.6865954831775607
1.1758982923726675 2.2900678927431146 3.8207412338604545
1.1735816133941164 2.270156844150743 4.275413629092213
1.171055775827295 2.329006888386971 3.896698729168193
1.1759016597892211 2.234149758789415 3.795361031878043
1.173246992500713 2.3036321250807084 3.5909825938511
1.17026195238776 2.2472181613647706 3.3907269117359586
1.1745809686372697 2.2727197374798678 3.554003219458874
1.1717592609307226 2.2031721717544017 3.523187655656125
1.169844781392043 2.2281146171070416 3.48768406010689
1.1713825567291802 2.2805691454143924 3.4892138456934614
1.1708849445354947 2.2112111924512656 3.50929352884366
1.1722388697573967 2.276599483062933 4.223199492985682
1.174484986621407 2.2214159656486627 3.497407692085307
1.175829641907584 2.28772304387445 3.9561144180777585
1.1753330956299588 2.275200238586998 3.6994348466813722
1.1728086958602326 2.3340399394489113 3.908090478657792
1.1737267882170956 2.3179719757868167 3.77653441691265
1.1750038712721063 2.267355416561396 4.127696312427004
1.1743375926845763 2.271422358424827 3.5472272406374685
1.171300914289253 2.216544002008713 3.4203025879918556
1.1725141371918426 2.2261640905247497 3.3532624602002947
1.1721746156449315 2.303265306295918 4.21065796152898
1.1756435699113963 2.2595710946839933 3.765263942790069
1.1702587036901209 2.2239679439678777 3.7040789081288175
1.169845882803371 2.2677357804919693 3.640937532884033
1.1739230487766263 2.2136225984704745 3.769027648070029
1.1731619022314443 2.2074828136824105 3.549645463943195
1.1712918376817367 2.3144716905956457 4.001399207639967
1.1754933571784085 2.2596570397828515 3.742208791556843
1.174602010157789 2.2885340127824514 3.6968053860442023
1.1719795050598352 2.3256658919563735 3.99791798750935
1.171415832466042 2.304795358365581 3.727913511786225
1.174848157959479 2.2580245645634114 4.061086025355747
1.1710595012896092 2.2392299517350045 3.42739992589388
1.1728531169732062 2.3282832317138467 3.9530777629674745
1.1733438668562621 2.301174698288785 3.6670039088304076
1.1755562766443568 2.2485196514623818 3.894115282930276
1.173603363453998 2.3013652113714405 3.6905794697724996
1.1702343283999934 2.250333898309657 3.509627156627527
1.1710798463426788 2.218350182946108 3.573014707524047
1.1732819614240497 2.2118858691815197 3.699860030192328
1.1750495969273427 2.269423281033385 4.011210273767583
1.1752875506671836 2.24568505626088 3.7337911855750274
1.172396923441923 2.2405849355749847 4.051570745121429
1.1735657691323111 2.296735699024786 3.6830611567253424
1.1727545856499169 2.258428497594037 4.129925320974884
1.1720915427662977 2.307525222028566 4.079828674123359
1.1724131758314078 2.3167457899192154 4.058978102512782
1.1722756583649654 2.220262809823058 3.813676335861718
1.1726563632692721 2.226760052912551 3.452309212117191
1.1717480281514507 2.2783087132007207 4.084225701528625
1.1746996660160778 2.240301325197991 3.8364077795440252
1.1740696585487806 2.22743620243355 3.588038065184021
1.1715136645005342 2.236737810933156 3.477902639306736
1.174181970513804 2.232360856047938 3.6041667623103883
1.1706923263752138 2.2408198683066063 3.780073341680618
1.1715124477843222 2.279121233513738 3.645773353772153
1.1734953277417555 2.310020302740559 3.942449698907671
1.1710364246377867 2.2347021072324167 3.587099302164914
1.1713829081446987 2.2850801938803356 3.727715247759477
1.1706059437164706 2.2501051145842226 3.8292895904265425
1.173354111366448 2.2617897937850824 4.068289477340489
1.174575627173474 2.280009508312032 3.937835188100454
1.1736442237330227 2.303298156681464 3.9907461260035895
1.1724007797073168 2.2757352526981 3.6274424298683297
1.1712157524777935 2.272590430493059 3.747475868876693
1.171836524811101 2.2424823082628613 3.5217642557480744
1.1727032041737626 2.265564686558027 3.5774159214335484
1.1713548053337326 2.2433002000771385 3.602992454757402
1.1738524398690888 2.2359587644064476 3.8807563042803945
1.1725194307598812 2.298550394978522 3.7917142019455046
1.1732459670779627 2.26796077601225 4.060967608193518
1.1738407111118558 2.292498736841002 3.8546608550136607
1.172974989377824 2.258176662822189 4.040066342568323
1.1725641616669136 2.2323242361619786 3.545067263704995
1.1744852454063643 2.246505050675718 3.7369926554315676
1.171731352816183 2.2750218674382303 3.7097022240956647
1.172613824545233 2.2252035895806905 3.7237371794302483
1.1739913020563169 2.2899023380206587 3.865465798741491
1.1726878031739196 2.2481943427215847 3.518921364229737
1.171625443605265 2.232957133473316 3.667130603727939
1.1719571135159044 2.2587401694595135 3.6081176372408272
1.1732632562899903 2.2348194739751612 3.602367609819556
1.1735601147473078 2.2370647647105226 3.8004101477574217
1.1719392475906933 2.2855821123774867 3.881011865373141
1.1728534409095446 2.281572753913183 3.7264766049599896
1.1717060632016751 2.25273201814597 3.8540838904539445
1.1733250227173304 2.244427195402226 3.640402417725859
1.1734544394363347 2.24170620586794 3.69124094197692
1.1718491016557764 2.242154476262052 3.7504368048246057
1.1725278112714321 2.2853212496546624 3.9308268678478804
1.1717476863854042 2.2541360276688005 3.7562735002198124
1.1728307352406775 2.2771347640937463 3.8555146567520016
1.1726586813897537 2.2713363781000546 3.811330340539195
1.1719698000951042 2.2503520295270616 3.6860470386237054
1.1728751300964921 2.2549007908763317 3.8034773925772782
