mu sigma mlo
1.3255606451839568 0.22255274276397305 1.1272545993450305
1.3423617845582685 0.401418516931603 1.094407928433794
1.4348574399946936 0.2929239019797861 1.1725015150598566
1.1154105531206846 0.5250626091735942 1.0975599125391209
1.4125203001569275 0.31080266636935583 1.1040501759767616
1.15344691970221 0.34763652665352146 1.0899250773182838
1.347703162754018 0.39596824051362794 1.1376851396064522
1.4161084501277283 0.2927674191608971 1.1709093948615232
1.348669004956066 0.238932669974069 1.171716942520514
1.2872706777033567 0.4242961877420765 1.115381267958933
1.1271149394713114 0.3987398565312171 1.0822509500687465
1.1764598425669184 0.47562587950972535 1.1070753978911518
1.1999581011141531 0.28816400547784243 1.1335393060099999
1.1736363300860044 0.4797250310468474 1.1109708980708193
1.2442742281736263 0.45799002014012746 1.1292011071242052
1.2794145740721454 0.4324132673971278 1.1265675792623706
1.3320395761296282 0.39857840735033423 1.1379110284654907
1.1885835615036777 0.3012636589776493 1.1256348537050693
1.303084767484514 0.37835640025258005 1.0980292270988887
1.3585963911769678 0.2515704457286207 1.1444768342054226
1.25383505587245 0.3529314841358732 1.0855889931684073
1.3776349767671505 0.3372812834763324 1.1277434599568048
1.1813849902691826 0.3068466970684538 1.1252686010619664
1.2212646322895184 0.43288036576019445 1.1033186521528455
1.3663089257059389 0.3022997336505405 1.1086373777527845
1.1167822546361879 0.4366813621072324 1.089804894974675
1.1023373159599092 0.46034518751464704 1.0939265387562247
1.3430299220604938 0.38308738107890744 1.1691185819829242
1.3846094240378812 0.3266344719885209 1.1716993326168241
1.1351654689338946 0.3345085486891232 1.117556618028125
1.240239412612409 0.3379809426088327 1.094974642920837
1.3302664973250655 0.33259112750787034 1.1007486957408417
1.1905292205390259 0.4363887596927594 1.1812611329446576
1.2946097611234852 0.42225561074949064 1.152412431389136
1.1318713632153798 0.39698316502441966 1.0921414785831187
1.295747075900137 0.4094937882153205 1.1303911492917753
1.1592307296433282 0.4409107571390835 1.0976054460299647
1.2677981625713335 0.28828370390249536 1.1207599344850891
1.31222565233292 0.31970970402795124 1.099038979165408
1.3127353609039578 0.24946339064406398 1.168364986834096
1.2384458948258001 0.34872849599175626 1.0940721455177478
1.2527181246418995 0.43740020485823417 1.1306106585766367
1.2884714171773088 0.2576828372997274 1.156858530735322
1.3398579149761327 0.3798453377595945 1.1707223680385714
1.134057961474606 0.4237216541902454 1.0930912120412501
1.227623738514494 0.43061625777898216 1.1121893830612084
1.3737598199683112 0.2729228254730541 1.1384778890052893
1.3088971668044758 0.3567077009477458 1.104732679569026
1.260206313927645 0.36118490043099594 1.0960852275369608
1.1318161044019877 0.41637197044834356 1.094543165518652
1.335838928582275 0.37002531605340405 1.1740719453798443
1.2052029242457272 0.4014704077149828 1.0970363035551285
1.2326880634749697 0.4263443798514717 1.1156814915932984
1.3195792785680691 0.3525445248836686 1.1108750636401514
1.3476239661388554 0.2827150809163691 1.1250571116809525
1.1930172988183438 0.3935665298853237 1.096218600237544
1.2625024043894204 0.43453517067047226 1.171056673019431
1.1757769320981912 0.3107853287693488 1.130849407158125
1.2498562841181577 0.4133501677814829 1.178462769946427
1.2069773076082169 0.38275345788632226 1.097360015798879
1.2947400099543893 0.25607979084203875 1.1702254025693648
1.1515991129393033 0.4157179177048091 1.0975784632227779
1.3462652286131995 0.30541317800200546 1.1176709378721852
1.235573596121477 0.34818114374016274 1.1004132818699481
1.2510170639412808 0.434417632105486 1.138632234054616
1.1991411648710573 0.4751950298013428 1.1601697432572684
1.3568407696447702 0.33179304982367386 1.1291271833241503
1.1276442626055265 0.36415558844538204 1.1084686951585583
1.2777601372903915 0.2636197943905651 1.1583700217194255
1.3747932623854136 0.32983959022373555 1.1617788333878563
1.2278143989454775 0.27972114883733823 1.1511232448230626
1.3424071505878294 0.3054458721124484 1.1181818206157752
1.2480970781421805 0.2779943705435664 1.1473188776020804
1.336852182257028 0.3253837208419726 1.1164208346606144
1.2616670463939799 0.4350198089279091 1.1644936924720637
1.2288552300156148 0.338845324351217 1.1052020774288027
1.350296731183675 0.3496170121104411 1.1395674370779671
1.3812716520813892 0.3114524751437916 1.1661061411694762
1.2869685739607535 0.407717633227175 1.1403356359889794
1.320122319313798 0.3874820223184175 1.1552166113580322
1.2986418142976546 0.3995739471340981 1.1434047704193986
1.1980522152896929 0.44509186443317517 1.1211746437521803
1.257009480675892 0.38510250410225905 1.1801009920123247
1.2528359322911813 0.4324572781579839 1.1723479199800182
1.116571301969534 0.42483329209618687 1.1002531325225804
1.3517532390524036 0.290484276086796 1.130240759345007
1.3266194106017106 0.3389746624619909 1.177887106582156
1.1929992180209295 0.47443470713777997 1.160024445769432
1.3700763112219452 0.27793308053590693 1.1535459373305195
1.2384660839229114 0.43589838211022425 1.1743079141941544
1.1571476123646929 0.4910932209235105 1.153280660391679
1.3480169641647137 0.3589985566856846 1.160421703436377
1.3488326315019232 0.3561784342565466 1.1554160154985607
1.3517947744464038 0.2801051337143872 1.1391053389462322
1.3200475018976865 0.301123655373136 1.119423659325774
1.3030308533834083 0.3688518327715347 1.1201752771393043
1.1603660164565683 0.39925379219855645 1.101272244707783
1.180327524921204 0.4568776837623386 1.1253867281339438
1.3422696942591315 0.36422678971736544 1.1609468210687588
1.2226555614878873 0.4331058845669129 1.1256533909890225
1.2013970674617627 0.295891795547095 1.1434763804422157
1.3015209192464292 0.339032753987519 1.1111892047269456
1.1258774236837792 0.43298282124635357 1.1033407516387332
1.2565682465987171 0.30177795928166273 1.1238896702038763
1.1962059873304365 0.3725605111274891 1.1029855465624498
1.3508300350719136 0.2648804376190504 1.1612224990320972
1.301171735288921 0.4003259859635246 1.163180358939865
1.1996042985861939 0.3099421595980814 1.130736132510904
1.3197412929343963 0.2639851973139933 1.1577136769741347
1.1601163513188775 0.4298407903730564 1.107849588951064
1.2718097804628414 0.31361046093091743 1.1162034005676817
1.1303355412247398 0.46639023344324865 1.1172498071202814
1.245797704635313 0.2811553872908886 1.149245732159725
1.3639712499258476 0.3312154262309097 1.1644576178604857
1.3048591180218538 0.33516907003879587 1.1146638003812472
1.3050209467025102 0.2747374042118061 1.1449129395861082
1.3708476610164273 0.3071287751586892 1.1561666029584579
1.2301594112795415 0.3967413403093625 1.1111180961529086
1.1664124722449476 0.46660439685954197 1.131770311741124
1.1610150467886242 0.31038360121590797 1.1427155147230494
1.2758569268708422 0.2682699053850664 1.1598489591335261
1.1790828954339851 0.43116260006211715 1.1135153028611042
1.2847273366907894 0.4008345730301793 1.1426555224470896
1.3111531086862185 0.28465887973667037 1.1353068875333796
1.3316370683368617 0.32049382504596613 1.1245864030035357
1.1860768219364355 0.4705809426653306 1.1569115087719786
1.1316944584295199 0.4179804873353653 1.105007065160757
1.1336196887039838 0.33600318867585127 1.1287441861287961
1.2780230872550629 0.3361118181536431 1.1120255931899552
1.3130347010668022 0.3493819342949002 1.1225197153678326
1.3142377369011258 0.3849027390777819 1.165823374209598
1.3565533145815782 0.2882923449067182 1.173377107000844
1.2526087966464239 0.36855729640073104 1.1102242116987473
1.1993827656424676 0.30642820351012606 1.1369123496314366
1.364307082736978 0.31850565376799145 1.156189521757782
1.188377000846628 0.3766095406737091 1.106310582641739
1.171679806151621 0.4295411103216166 1.1127723279706694
1.2399639266690239 0.4357997226190551 1.153710984208296
1.3352312548216 0.35409145184876933 1.145970630088484
1.158293906148244 0.4067407013856857 1.1061723978853066
1.2905845351836782 0.2758980644859759 1.1485714398639058
1.2597871148405124 0.4224007582657833 1.1537425129390435
1.2490066095585723 0.2837884450604056 1.1781143958602622
1.2725970884852966 0.37262179756962643 1.1169512186303798
1.2118341238183412 0.4507332162441846 1.1500160639289323
1.2328801460254621 0.43046467998950655 1.1392400386913542
1.2835088081126576 0.34623424495884303 1.1147176137317618
1.2208577190015575 0.44231760270687165 1.1729651329348831
1.1753960127149687 0.43641727148565757 1.117995327185472
1.2728542209551303 0.2953819354985804 1.131941057201216
1.308751985138127 0.3258338026226825 1.1201237385022769
1.191552765569909 0.30103777716529195 1.1460695794599853
1.1557518187175426 0.48139945299805187 1.1512808022753076
1.131606217176636 0.39563074077553156 1.1073978162729108
1.3634168209122524 0.31212973831455354 1.158352981557735
1.127468221326831 0.3864046225031195 1.1091594656246087
1.290142352135105 0.4007290999358388 1.1672455936686916
1.1583416532936937 0.36745222831049695 1.1114362172300754
1.2023300594568826 0.3412860624518147 1.1158554247389876
1.3460085283692573 0.3440853050871625 1.1584015082283852
1.2285968094261728 0.3596869752649863 1.1103041408837915
1.277603317208615 0.3100882276932993 1.1233212306787734
1.216937483691342 0.34392504608898683 1.1140061842415248
1.3129918535719345 0.28591961026289775 1.1768432536622422
1.276570874072307 0.31080788789521696 1.1238074518776184
1.1842048618901413 0.4104227693063988 1.1122967553723797
1.1904089895449301 0.34768029379615933 1.1157700862808044
1.2997281670486278 0.38986102658014926 1.168625525767762
1.2725800951026227 0.2965193983716948 1.1335622555178688
1.3347574809930247 0.3560685047045952 1.1678733668433088
1.2088196419466657 0.2822091495444995 1.1732010850115697
1.2343196226313657 0.35326141011804 1.1125433620484813
1.1591455606986087 0.30349856681928156 1.1547759125797783
1.2114023830198037 0.3845534047731661 1.1812570433946576
1.1943824244219876 0.43552508463444484 1.1269930158062484
1.3502381677671988 0.28967167982229225 1.172641542042196
1.3148558634626522 0.2918038486486631 1.1367916256305557
1.2034787113473167 0.44701613702584475 1.1444271275129974
1.162182871987652 0.47489512420318314 1.1530807432914485
1.28767104996461 0.26892224330145803 1.1710106788235053
1.2382647253390977 0.39158995750895104 1.118856032834873
1.3163637073136678 0.3321963710790896 1.127300268532631
1.2414511585138455 0.3951719628704511 1.1213473980323716
1.1267293916055552 0.45364500068890967 1.1182035899929046
1.1269816665223367 0.46640679061912904 1.1251094014207759
1.3481037727624257 0.3159862490209845 1.1463108800776698
1.2674691872489403 0.39504402592197657 1.1339774710415362
1.1657314204789615 0.3858908912528825 1.1102372295282121
1.3165166709946692 0.3066749046888492 1.1774889887804108
1.1543502014414841 0.3957195123686368 1.1100658423066097
1.3194666688312329 0.27181454486133055 1.1606908073265654
1.2881291690479502 0.27026675993629595 1.1642744336873825
1.2122129260971681 0.3327790463725571 1.121023474682245
1.2370540986295109 0.4204393306047885 1.1390790726156175
1.1849532990290041 0.4571316221664458 1.173310163772538
1.276978269365764 0.36739473679955703 1.1232730247028475
1.1817613620216472 0.3253902870953293 1.1311150288735023
1.128119369263392 0.4409191028915812 1.1156428129752676
1.2631910662835069 0.2969231849390278 1.1380113954826694
1.2706553309028021 0.31701427677624605 1.1799679786340347
1.3460273979615869 0.3050598583767265 1.148562901926838
1.2834916471022275 0.2704821654602024 1.1681232337546823
1.2125464483066206 0.3210036875853592 1.1286474410131122
1.3302597047784575 0.3546734737566817 1.16196015887451
1.1667917648709203 0.4731612918903646 1.1624461627811327
1.3296525455158963 0.28847194463015396 1.147632942655193
1.1526584037496552 0.47511226381844596 1.1506235918770442
1.3371433276274363 0.32131087504635575 1.1740937842585253
1.2713038607026759 0.39930173971851884 1.1465011272630499
1.2465530019363034 0.3530907547305729 1.116644641828362
1.2995875875044942 0.36332141106802607 1.1349621133952124
1.2368735856443354 0.36543435056390133 1.116010636655296
1.3127936808068954 0.36585515741927144 1.149938126965562
1.1223456632598314 0.3869091875507882 1.1136861075946864
1.1290516253792853 0.44338678372677875 1.1174700398065034
1.3423188181464079 0.294519616292136 1.1508176097561178
1.3201192627257567 0.28202984573026335 1.151803823148659
1.263112671368225 0.4081556855971969 1.1518879133437594
1.2657719864692962 0.4059208888713908 1.1516388317236643
1.328348313414303 0.35103168086843406 1.1541776129541343
1.1985011385765827 0.35581608731713055 1.1163182499793007
1.1890379710615906 0.32097008454298526 1.1340930473095274
1.1367400285664755 0.38254289704363464 1.1140722754308543
1.2667444677222572 0.29516721948542846 1.140426943893349
1.3202400622259625 0.34499583276796414 1.1403209332456243
1.2749074215763723 0.39513614733144015 1.147156189576449
1.2585883483618576 0.3708420899359784 1.1217944254903933
1.310300631938487 0.3730913716458205 1.1632101583011685
1.1844376536375614 0.4582611645378546 1.1549297568865766
1.3485170308863177 0.32300214600927935 1.1674450647671821
1.3417842484930045 0.335845005368816 1.1641478961963774
1.1936637855510615 0.37860782517632574 1.1816169307712814
1.1891116371202815 0.42419630956482623 1.124549819642879
1.1393775225977456 0.36615424094403637 1.1190082281398082
1.2609282777123874 0.3069405767957994 1.133146663281181
1.202749166958725 0.3188166524507457 1.1809003827463704
1.2156928701029512 0.43615581538967174 1.150281333520168
1.2710143860219394 0.32394976815754917 1.1250130683944386
1.2029997095329836 0.44846538203146097 1.159057796438295
1.2073593612391407 0.3087908886348359 1.1410724568092814
1.3134153254761576 0.31564802173940243 1.1768212980985475
1.2566082403406273 0.28092514160633775 1.174796204240697
1.1848908924824801 0.3932298463109386 1.1150239099489678
1.2709635721235357 0.3742405892065826 1.177067209955762
1.1590811622530253 0.3748571352284405 1.115670530880677
1.1683599851002326 0.44929650207431465 1.1344368360566206
1.3066114099463246 0.2973083637671879 1.140082070037374
1.2803681798768056 0.31976271751481505 1.1270895892323123
1.3011754729993747 0.3515848979309121 1.1335481995395051
1.1921771347800427 0.4394321817623752 1.1379259937694641
1.2171828902075974 0.39691165598380157 1.12135146931651
1.123513193837964 0.43491886582608263 1.1165842453080055
1.2943453119916166 0.3403449032201715 1.1279448896955293
1.3061263505078031 0.28461857098049437 1.1512732616493726
1.2414198880093577 0.3164713935270285 1.1802228111425788
1.204951055545393 0.4164174661503007 1.1267223615216542
1.2256110234243742 0.4186811091306911 1.175371883206736
1.259139329412411 0.411672974003084 1.1685529874238019
1.212488503030546 0.40924908795413584 1.1256260960624185
1.1955797001807915 0.3900036048621964 1.116602948688513
1.2733416805320703 0.39643123030093136 1.1524277463766102
1.3208083836498434 0.275319166555846 1.1669392042502078
1.2703348376711543 0.3234829739548135 1.1263331333008981
1.275172121565619 0.2925647312318185 1.177378603357659
1.349585111885323 0.3064394248101638 1.165993188559612
1.2440569453889831 0.4218333544674176 1.1645366717444103
1.2974444103665983 0.37499453086611434 1.1523555949636342
1.2543116450904541 0.36261926348617 1.1791912171605574
1.336031237717217 0.30296824854019555 1.1508046702543733
1.2353583661165959 0.376966536598905 1.1795026525426278
1.3274834871523256 0.3051246317854516 1.1454456265951753
1.3279667943524285 0.3484322364038602 1.167348394658517
1.2860264146253464 0.29999188686883926 1.1394381327309777
1.205262452514315 0.44516134530375606 1.1688169407428148
1.2430978735635252 0.42152451543786934 1.163788653995337
1.2652738558479557 0.3738188482955353 1.1292317732068768
1.3280791843546513 0.3343380590832805 1.1494233786215973
1.2307333520643848 0.32663094454155317 1.1275819100637468
1.2765857290963678 0.3951435918089782 1.1591097820000082
1.1291192080656343 0.36773724892100396 1.1217650424029653
1.268063109654112 0.30038956849101417 1.1404103489132635
1.1907940120324323 0.2986045907746255 1.1769591654728848
1.24569005789595 0.40789895630771467 1.1444550923969765
1.1631868326458168 0.42174807817238724 1.1205627238930098
1.1754135479106897 0.3184220962276704 1.1424895405733961
1.1431367723191797 0.39510705630455084 1.1156362596489622
1.213203036142714 0.31469415182168564 1.137847096850416
1.2768564842397447 0.3641851800616633 1.1307949591377968
1.1589763872666698 0.45982890671853177 1.1445054414724196
1.2560417233880559 0.38048659140078306 1.1772505478882835
1.2054559844653308 0.35594068813162233 1.119873478072783
1.2267684309948983 0.3706122551822352 1.120281798750773
1.3013742914007889 0.29330297584011594 1.175862305960167
1.2536766178719947 0.4052560034607393 1.1724653794642705
1.262864593019771 0.35293727308806866 1.1252915711769853
1.2893747558851782 0.37444330801379383 1.173008531647889
1.1847915530366584 0.44916410709749743 1.1512104996386858
1.2269489392966144 0.3659709333288746 1.1207418187491727
1.21668847643243 0.2898307048934459 1.17465963425956
1.3417854645512972 0.31748559037184315 1.1668768456833116
1.1926507335239172 0.3989281783279463 1.1208186397126696
1.2824197441264213 0.3492278377955915 1.1303017691286081
1.1793281067538608 0.45682680134120107 1.1697789305231816
1.2873210325303428 0.3001580323753242 1.1770637003955045
1.3001439228922336 0.360078742640031 1.1456923784817636
1.2459872086677748 0.299186928097473 1.1463819239835333
1.1748129418633275 0.32860680839937145 1.1363004633607372
1.3134614882158384 0.32569303336600364 1.1403001010062923
1.2059408980174315 0.3946164252441863 1.1226093955142693
1.3054751729447167 0.3212727319570478 1.1373219160498256
1.2543440875936165 0.4104978898099638 1.1665116522764978
1.2588020817710004 0.32536114056174914 1.1794661841462684
1.1702979087685468 0.4627690833378786 1.1673168320182306
1.2994156525263403 0.33322798912026974 1.1352513579575219
1.1396513175911713 0.4596253177523498 1.13730149645812
1.2946443470219848 0.3478488277553773 1.1759380814447453
1.2886212138849409 0.2818725823266702 1.1730646088451213
1.2647655863276572 0.35203383439123453 1.1272406782212268
1.2183094393463465 0.298198768867443 1.1536855210524306
1.1996265376139268 0.38162813950347974 1.180559063411767
1.2897904962478501 0.3514001174456469 1.1359410500287919
1.2814507329225193 0.3124814812154839 1.1363968390678616
1.1895283628844835 0.43828745576874684 1.1439071728435186
1.2060467793406 0.3017676717450166 1.1532291272578583
1.1865069780818016 0.4110998303671666 1.1250861725192545
1.2339776778995357 0.32452448654983584 1.131431837836928
1.2277166032609919 0.4093710749580902 1.139466037241806
1.2477990461672648 0.40127795668965366 1.1452738751119695
1.2498261523433387 0.3507279453613339 1.1254348699951555
1.1638680449035992 0.3562791194210087 1.1249313196671513
1.2005750883137527 0.3089813137253266 1.1478539246997104
1.2166463549752886 0.4327615805153736 1.1617481145596842
1.2468086788042592 0.36068176722751594 1.125487476488858
1.2458737414587047 0.2882220937333229 1.1748706546198666
1.2843192182400887 0.36009713481069616 1.138085408603265
1.2595497928129586 0.343485661799302 1.1273620956859425
1.2805202739068264 0.3168136086215807 1.135551596060742
1.2921552947160344 0.37016698388773933 1.1521188693267868
1.2284959349462146 0.2857937816827416 1.1682870853394163
1.1935318154538979 0.44569018242998676 1.1602224766626563
1.299954034530269 0.2887274324805401 1.1556638589095871
1.2525869266817635 0.28545585395491735 1.1623107651956226
1.1999424805449004 0.3412825916181113 1.1276589630419487
1.1999425096186904 0.42189199798651056 1.1363645855273417
1.1908503455251827 0.38743758859435395 1.121257106474722
1.1756683372389196 0.37205994336151577 1.1209086958259233
1.2537079718734572 0.325854991297683 1.1792476092360826
1.2652070953673107 0.385078196015757 1.1446674850992862
1.1805668343926659 0.43947757698777057 1.1424034261403302
1.2500893133015303 0.3741732397196539 1.1303013138397722
1.1880466858431706 0.4380514761834641 1.145586543603332
1.3157880407150286 0.287798740245633 1.1610910532883212
1.1914978921317487 0.3813171473831164 1.121327456578518
1.3066407225528427 0.2932597930130131 1.1541741529722827
1.1350967761216122 0.35081556524509244 1.1319378603761174
1.20414825071708 0.41055369544183556 1.1317104865902932
1.209676923710735 0.4362839532396542 1.1662808637831736
1.197638718775932 0.35602981292992447 1.1242167074720164
1.2436061165151244 0.3830462823699342 1.177161277418279
1.1546061022677028 0.32896312419779106 1.1425668045846715
1.3299536965895273 0.3068426176413162 1.1588097125610766
1.2499781910085979 0.32145017737266446 1.1343140930926943
1.2721668432760889 0.2816532676613739 1.165936152108908
1.2484252410742829 0.2836865887429616 1.168359216769064
1.2345600013192581 0.36701138933869537 1.1261587059991567
1.2518377168160786 0.28965855294717646 1.1589967379217074
1.3024180517377557 0.3633854314559818 1.1686783404567391
1.313453138142088 0.328647949684607 1.1738656320800527
1.1825998828131894 0.413748801595443 1.1278394243530054
1.239704777066858 0.41468997903877364 1.1630650507726865
1.2711535618014906 0.32002584754743435 1.1780977919935887
1.2936394165068745 0.3399293388855808 1.1392334178051176
1.1331460940946516 0.3632573919309361 1.1272498508590676
1.2251468574494462 0.3627596213817931 1.1252028755284396
1.3048100344582438 0.28312781671347387 1.166758207562144
1.293934886043814 0.2955826397738203 1.152025899401501
1.3279765428975763 0.3279874002714349 1.1634455062818538
1.2780017595582505 0.3174089239044487 1.138031966801615
1.1432976183407915 0.4189744087097933 1.1226612715106872
1.2076374476775658 0.4294240711918753 1.1523226037571912
1.2829259405603695 0.294262961777201 1.1753498222808227
1.2305989873796328 0.4164045565908301 1.1549648229751335
1.1230739594224939 0.4008883422288508 1.11988938226886
1.258483604797363 0.37966856662237747 1.1389716690389207
1.2132270371389642 0.32228028930598285 1.137963999007669
1.1874818645571419 0.4391965700303428 1.1495514455001925
1.205051245278297 0.38970886716556374 1.1256527070027136
1.3231856688906254 0.3112740411773536 1.172305942159812
1.2118661136970283 0.35166810775537377 1.1260310790800452
1.2668476136744353 0.359045151154947 1.1339109837869286
1.150405319409908 0.416426541796816 1.1233531543205968
1.2223322500272618 0.42578009057554034 1.1674474270776085
1.1450148752971612 0.4166192827422021 1.1229073440227189
1.2114451390895167 0.42438031521950237 1.150171063675908
1.2315039339457856 0.3918944234284011 1.1768818376116126
1.2809493278096142 0.28253156634569904 1.167953509109404
1.3190509365441068 0.31269435784397914 1.1533483714770159
1.2141349156417987 0.3628429896248164 1.1252433547329068
1.2855724423975559 0.35450875320509717 1.141566496721906
1.2522474140121012 0.2855994230008292 1.1657651541014298
1.2607409654347654 0.3743979889699433 1.1385067320810471
1.2196149480322247 0.3209978928603753 1.138697163037421
1.2578611914438638 0.38140699002289297 1.141249740922034
1.3151269054372456 0.3228627802451788 1.1509913947293382
1.2501123860278427 0.3788820742205576 1.1361320741748768
1.1577449451318371 0.39297430092307367 1.1219069670497779
1.1985461968861832 0.4354589922463908 1.1555330759272098
1.3081934118980298 0.3023989899371761 1.1524693953366025
1.26657528821942 0.3188196074110995 1.1380684864181385
1.2641660990410521 0.30773674732361844 1.1439261206268245
1.1531264062450528 0.32266832193337824 1.1495746910745928
1.2231370420663272 0.3888262100037212 1.1308321154210252
1.1891063873494823 0.4449002672140738 1.1677297268060367
1.2324131874676838 0.2899196914906253 1.1647189440751105
1.2991133201370033 0.3210788083332302 1.143721354514226
1.2186650681664322 0.3501455311526608 1.1275175041129704
1.1915352001562156 0.35509855780638444 1.1267799631986761
1.3202055749322619 0.3365460822180201 1.1680894943232296
1.271440867866218 0.35104950669895896 1.1354234155539773
1.292269911020224 0.3628816072079223 1.15394002776879
1.216337399334272 0.3159465152665857 1.1431168123315663
1.1974451976827867 0.4259510320416187 1.1446504201948857
1.2685550107777006 0.34472284029275163 1.1342534570532594
1.2686033951546039 0.3682379599803569 1.1405669420299795
1.3034359993142453 0.3579414448201778 1.167692189108047
1.1937978891630205 0.44091901001812844 1.1689065414211905
1.2736475111461654 0.28415123473488346 1.1675617247174532
1.132846544686244 0.39734806700149905 1.121817420979056
1.2369955013983505 0.4021829716625655 1.1473994447530265
1.20928204587051 0.36809321310817866 1.1258626667296283
1.1553472955671713 0.43406267932004544 1.132832282186374
1.296049453425275 0.2903276512059514 1.1726240950828035
1.1636169010219168 0.3467477169000827 1.1326113347106495
1.2900166183409356 0.3490768964946546 1.144197524415222
1.1515691461229527 0.43842336898190104 1.134371999108585
1.307696425392796 0.2966259618359784 1.1576242933903735
1.2660652831731283 0.3172988948831139 1.1398674764681067
1.2083288773260092 0.3436604369788874 1.1299973873005287
1.2319222905656357 0.3189497571275465 1.140039334672194
1.2885396057327476 0.29216993555252213 1.1580562679218547
1.3207258854815223 0.2973207965071107 1.1642220480638819
1.2733842306887253 0.3632681844632786 1.1753234198592415
1.188557547443071 0.43024787326524294 1.144864112997282
1.2602777582914384 0.367511777825543 1.1373379464494542
1.2037447782915542 0.3085844148614824 1.1521619956169777
1.1884746502460222 0.4414166687383115 1.1706109644594225
1.2799216461970666 0.3782546041307305 1.1618117656537668
1.2852005136357447 0.32460605913240564 1.1407316995064818
1.2662689574585917 0.3737746452155296 1.1444967462905078
1.2541493697440949 0.32286506660179776 1.1377600632516538
1.2097843726564248 0.39189528533060464 1.1300875838607074
1.1996723008647736 0.2998353856871374 1.175008380409607
1.2749342965244868 0.373083209527143 1.1501736248301735
1.221054104746048 0.37296518706879556 1.128387776591593
1.3223016441689561 0.31729025981674264 1.1601758842977201
1.3001551168550316 0.33830572271345627 1.1480113121360116
1.2684052551891238 0.34067064199764785 1.1355265912578332
1.2903934560699604 0.2864631898096913 1.1661462173755364
1.2227263004157674 0.3437043001265408 1.1307180495420424
1.1761815229662482 0.44735652915092833 1.1707627875907836
1.2868646194568236 0.36341098054370213 1.1723237985799602
1.2321130968288487 0.4142819162284668 1.1688725746148687
1.2354966559583307 0.34671294401693403 1.1307792383248914
1.2938803727482293 0.3060766313658641 1.1505461781320343
1.2648457441703866 0.30760414279222353 1.1470951439360761
1.2937422609876992 0.3652519924630369 1.1665955455094263
1.180469441477392 0.3680987935709645 1.1262865654071543
1.2161810846102339 0.39109657965612676 1.132920325710671
1.2924288929608059 0.30026162091502634 1.1541895893874026
1.2201458173245505 0.3798989961198297 1.1304441357475952
1.225318277408971 0.36197223442722215 1.1293399354882023
1.2389161650895175 0.4085985118498033 1.168886256294734
1.196546392316522 0.3869795087425014 1.1792695423351156
1.3196843534527338 0.3143093867803431 1.1704002494919012
1.1949374125632115 0.32447756313967974 1.1794774827919667
1.3147321021575917 0.3151551235947458 1.1571483178025554
1.2936481532760085 0.30297365654030556 1.1532159791068515
1.2577199803525092 0.3930086078154628 1.1594971022716514
1.1910333295805717 0.38235160333999874 1.1267325652841087
1.3168594279031203 0.33070761662179937 1.1627811561137944
1.1463932607649658 0.37394960816594675 1.1264401337954988
1.2665225953270798 0.2993707866318031 1.1538630183204934
1.2458495470843303 0.35984453302737657 1.133300070196475
1.262611200995508 0.38539944389505665 1.1548260939589432
1.2842312101031146 0.3731906502160707 1.1657270559992738
1.1412611913439041 0.38990936494277334 1.1244122511870676
1.2628329607475135 0.35561471087861896 1.1374390730971664
1.194420297956899 0.41012218118873606 1.13566532108542
1.2732451554899638 0.3150907654218108 1.1445071592562666
1.28731114313207 0.3396271908946701 1.1445131337454468
1.2517855921955205 0.39361483854879425 1.171760870856303
1.2688324115948924 0.3764418379060811 1.1727752710591561
1.1947394165075402 0.43396817329525006 1.1583399287580054
1.1928825575307687 0.39566521040652075 1.1296818758725415
1.242216991971441 0.40390557943368566 1.1599425988299261
1.188910229156364 0.43093912675002216 1.1498223534509684
1.223133120756134 0.29668673078112245 1.162364729567133
1.2125779068583618 0.2999818275723104 1.160826733638819
1.2314637328764213 0.39438078251895875 1.1424521151135802
1.2907545060530958 0.3020686123415327 1.1545020718757688
1.2751662375297814 0.3125716833325026 1.1465941449165014
1.2310001120077083 0.4125920470108274 1.1687868321746033
1.1417086820716211 0.383761987708283 1.1255922340876754
1.2885899604787419 0.30679792320108534 1.151518620316981
1.2868703342093792 0.2886289015163856 1.1673402010957017
1.2138283336215538 0.35538805329789314 1.130068852889825
1.247298478752331 0.3610128588497727 1.1350856437577872
1.3057084451478578 0.3297468287031755 1.1541446840433431
1.299608009994251 0.3327124501798858 1.1507100813636417
1.2299425885170046 0.37680831930109593 1.1341109133501432
1.3107655756295338 0.3154538071561751 1.1570111798903604
1.268034883359178 0.36679002310129255 1.1746451735380825
1.1756045849773131 0.4462768475760336 1.1613942556465537
1.221348295765637 0.41965799829694994 1.1655523679425492
1.304590470096433 0.32881889266575465 1.1729953774479398
1.2130173901625765 0.31697105299166767 1.14658367852704
1.2579970431710967 0.3519910917332433 1.136794932052031
1.3186152497974823 0.32027249860015744 1.1679351504868007
1.307157431872165 0.29526026311886994 1.1652339504436815
1.3100621597587057 0.33920897181600174 1.1639246200303748
1.2514148077794467 0.37494796927722296 1.1413483867186773
1.2039093542141817 0.3740856835990687 1.1288376633450055
1.2027212679305797 0.3091781314393849 1.154487119600702
1.1933197121393355 0.40906572467742724 1.1771121466302796
1.2377893789006227 0.329700578114782 1.1378810068249186
1.1813213758452383 0.3882861578282168 1.1274528270682065
1.2124938704604213 0.39108516621651696 1.1341747731312855
1.1891834473318017 0.32746608293803037 1.1429393975307431
1.1292541646242722 0.42909900247998145 1.128709562608913
1.2704843924648113 0.34039599098311074 1.1399354234177184
1.2783831582804388 0.32298566443899596 1.1440377239110204
1.242113923323513 0.2909467168507074 1.168249369348453
1.2018189645673814 0.29962897284071827 1.1735009987462257
1.3177284950700066 0.3166059023049602 1.1686188070796464
1.191669800774449 0.3264167473897066 1.1792569112431237
1.1708535991366422 0.32373441393792357 1.1490303243341418
1.282804806295864 0.3249175182625637 1.1451626391632617
1.1810023795666262 0.4362228134793054 1.1729705921219746
1.2197344241475405 0.3082551277499713 1.1530224099303465
1.2634082086051908 0.349775304487288 1.1389924452851352
1.2150183759624724 0.4222215122935292 1.1643949281830808
1.1809316948219246 0.3165622928884766 1.152989073573708
1.302340990262265 0.3339911174048991 1.1547213848206204
1.250600812290035 0.3417475867575 1.177955193538098
1.2572580816889785 0.29303467557809154 1.1630971557044751
1.2090602730894515 0.38601833084037146 1.1325344345720305
1.2396789667282397 0.29517785862492507 1.1627783370538163
1.1679407387622194 0.44602332923341764 1.1564517535608225
1.2264151665470182 0.4014966084650751 1.1478439675830463
1.1739103027409903 0.4406924389478664 1.1725804913198972
1.225936125099479 0.322633363249107 1.1785124919007177
1.2032257042137862 0.33181416741852354 1.1397039832969331
1.3043616959382578 0.345636710518065 1.1666370567126079
1.2255346353752516 0.3143106882602688 1.1483181242844394
1.186369634999091 0.3255827240388611 1.1455880361124424
1.1398807721513375 0.43902211844512795 1.1367172282038887
1.164620222612058 0.3804379758714666 1.1273540721537199
1.3088431900590003 0.3187155444668249 1.1585354134065786
1.1783595474140134 0.32791450340185957 1.1453979052146679
1.2086925614298758 0.41168583396406633 1.1468087059785927
1.1548398129605606 0.33392320377852064 1.1453293948824828
1.1822184951064139 0.38808618521771604 1.1290285777727846
1.2975838776220046 0.34143234495332886 1.1554500043970295
1.2103661497179878 0.4201278008161118 1.157475078053746
1.286435148070868 0.3613065886359358 1.1705469949725917
1.1930405821214172 0.37241090916349723 1.1294160369627755
1.2434771122095416 0.3404523000650919 1.1367775374297377
1.1372436314740757 0.42618383755745903 1.130678895263837
1.1750970340711213 0.4327645754492484 1.147575137217922
1.193560426540409 0.3297837813947414 1.1424004944356954
1.2768990635822548 0.3743706198140421 1.1667474683836856
1.2350930097186252 0.397079320680443 1.1509022671006146
1.1812161387546047 0.3826439314292342 1.179763353385664
1.2849956382990366 0.3023999979352058 1.1568375062342424
1.164250835542626 0.3639057721444359 1.130667643669542
1.2103147916707244 0.409509612440779 1.1469447750463966
1.2075371450607177 0.38827938203216483 1.1343546781341782
1.2360286672799623 0.30089638534910756 1.1588127806078972
1.286382308124383 0.3564003846458555 1.171672253931988
1.202096366106467 0.3966082348404418 1.135968254824506
1.236837343283081 0.3005926076526775 1.1591501011215537
1.1652314304998623 0.3388648743731415 1.1412909592048788
1.273620268130238 0.3298367581147162 1.144629716763054
1.23135864433209 0.3904937540632206 1.1446649608278125
1.2153117541716134 0.33084316042471495 1.1789258535883973
1.1390023631954616 0.35182276837471604 1.1381035351877558
1.202414415228593 0.33377250879854037 1.1400297317426642
1.2791477037724306 0.33068242623275934 1.146201272293349
1.3113652412940593 0.3142948606373676 1.1644075966575502
1.1767005687696317 0.3209569771092924 1.151893320819168
1.2290000330797994 0.351437881349465 1.1351836058391787
1.247397042224576 0.2950875794547691 1.1723095647327988
1.2718467534405489 0.33927323027700734 1.1444639135829358
1.2876100858178152 0.34742580165457415 1.1539937171262553
1.268789178656414 0.34694310138715356 1.1441482064283826
1.1415424053970211 0.43462029208818476 1.1372019303292273
1.2869970606266559 0.35559723520379327 1.1589333622381144
1.265791956501733 0.3813985016218518 1.1669144750728568
1.260188454499311 0.35021650503678803 1.1416623195395363
1.2712940416329992 0.37301262495436854 1.1704773122008225
1.1681177263778284 0.4188990218667567 1.1370610211277308
1.225245912860368 0.29584317255713877 1.169054496046073
1.287079572127391 0.32344453202932627 1.150742011690144
1.2170998282635703 0.3226973181769779 1.1455901286801675
1.2153693735949487 0.3950011969852019 1.1412219034569517
1.1717267916593097 0.41523014372627953 1.1365646655734274
1.2852326434770873 0.31191583133476736 1.1743068249211495
1.2598745283527815 0.3617905536555393 1.1449699535484628
1.302490575677062 0.30215938010976573 1.1652245239446386
1.2394575381717206 0.39870640473346775 1.1597686626439228
1.2360015956594577 0.39277768918066946 1.1507775195118835
1.1782613498226346 0.42061125474789757 1.142225943239144
1.2193950754652605 0.3556281911503922 1.1346955126282683
1.2612784333436968 0.31243978751698154 1.150724216546296
1.2327761333818434 0.34748377514601986 1.1370421762078986
1.3081125027529918 0.3187945937962292 1.1645260161684166
1.1569293284567665 0.36518754849578705 1.1322939033425052
1.222082383347809 0.34549314962033906 1.1366799885766083
1.2595548055315353 0.38269229993743903 1.1611498373924425
1.2288002590281204 0.34784644714468416 1.1367948189653938
1.1937649298293673 0.31498438567124737 1.154742889855348
1.1892293225118724 0.34867416489259934 1.1360338578255056
1.1850814282777398 0.4140465610406768 1.141153823369427
1.3028801589178578 0.33336687890874056 1.1631421652975027
1.1763540720736751 0.30603285522471 1.1718767417887408
1.186023349763963 0.3947989037940474 1.1336976933332168
1.281410571957101 0.36476227292178554 1.1656614091017545
1.2330495297730883 0.30670418019855766 1.156291232047562
1.2753748023981195 0.2991497556586271 1.1725411966583292
1.27333151712824 0.31904602554860245 1.149817951415496
1.2839235624341967 0.3521261633224667 1.1561956270505567
1.2816067183887347 0.31613686631517807 1.1526725324539253
1.261278885277469 0.35423202114837954 1.144823460530935
1.2352174557711875 0.37201006187265573 1.1402486330808594
1.1619691932026983 0.4318050526612149 1.1447905977485742
1.2169195185919208 0.3184747137242484 1.149554726593791
1.1941127361851787 0.377758121547202 1.1328149193416137
1.1580402308733246 0.4092163252648727 1.1327467581009718
1.12981181961371 0.3956645637312401 1.1288239556444593
1.254873575648106 0.36138459896805264 1.1450776637729483
1.281334011128185 0.35915606333353794 1.1602005607488248
1.2333923522656987 0.29762514802110285 1.1716581171921476
1.1470698301501623 0.4401143222223019 1.145357950170488
1.2526244545959717 0.3411247733051014 1.1422503622170768
1.1655589732732559 0.32899033640136127 1.149858925478695
1.1560069521305387 0.41490917652415304 1.134634813331299
1.247057069680117 0.3656066108769456 1.175832991521773
1.132915988185709 0.39999986076025124 1.1291631864290355
1.2331448356571668 0.3432423180737069 1.178006617115055
1.2583842572952708 0.38106501802271997 1.1611853734164943
1.2207960254238177 0.3022518956348528 1.1736305448637196
1.1607213598927058 0.43896632165356586 1.151456353672134
1.1406947723898604 0.36924232483822134 1.1333504211604906
1.2100216060868143 0.356954747219343 1.1357103186062645
1.275865904865117 0.3674487561408034 1.1653453859164322
1.16871419993021 0.44325563247481264 1.163838310109951
1.238731018862123 0.3311519278007557 1.1775422824080328
1.1668013342742554 0.4363667671342289 1.1529078310653509
1.2624783261920713 0.2958582780128826 1.1678433193771265
1.2467166052386576 0.3814186631128079 1.1524922618839848
1.178065798860487 0.3072682132627403 1.1671185600940757
1.1474450959260136 0.43589821137597 1.143277977733177
1.177595107262354 0.4291393282003 1.1522181809957126
1.299238337490688 0.30785209463285124 1.1689153891150703
1.2493856355070794 0.2963312374456155 1.1679697418456056
1.1549004714255948 0.43034455561792073 1.1426653914119793
1.291013383509073 0.3102520814903615 1.172009492431426
1.2753169066733039 0.35112011064948573 1.1529745948672718
1.1775020933066511 0.41998454829575327 1.144913773766461
1.208374234872847 0.4043579634607288 1.1481922277467282
1.1861993853671455 0.4035814850955165 1.1388110082094274
1.1501819910679498 0.37819094118304425 1.131518128148052
1.2807458078496334 0.34242486378709786 1.15333989796833
1.1773235801377628 0.4362503512700605 1.1702110913809523
1.2761999068926473 0.2972349844064859 1.1688405001451427
1.2210250404755345 0.40994765123609067 1.1681490233098661
1.213962860762574 0.4058739340832178 1.152730024132588
1.1928208342671638 0.3169858410588202 1.1552192233901943
1.2189395677092218 0.3696786522195848 1.1776798984057857
1.2061513890881321 0.3548769311566894 1.1789317613110772
1.2208593985165783 0.3151293943451541 1.1531658172463919
1.1885243161487131 0.3104432074581183 1.1618292552279044
1.2527228007841378 0.3445149257761851 1.1435124788381588
1.1749631049679534 0.30789260792169393 1.1683742924071272
1.2525408034049388 0.3848666021488235 1.1628329102295223
1.1341741975900255 0.39168610855501507 1.1303665103658382
1.1735714336755763 0.31017402210877665 1.1733794945073381
1.2115928861231604 0.3437298392646089 1.139593603851838
1.2326661973049244 0.32358237459693845 1.147735073437817
1.1617057349397908 0.32852683849104336 1.1520022906505893
1.2281063569511759 0.34177272356728283 1.140669825838155
1.2012989668444976 0.358207389482467 1.1362528115020338
1.1685479937489407 0.31459964838720045 1.1622871575518965
1.2550423271793145 0.3780681680482315 1.158062113524439
1.185694249331427 0.37457003351116686 1.1340865074104374
1.2028923241913487 0.3494245568589368 1.138304858155399
1.2953226597034575 0.32862918405192487 1.1611807864312365
1.1949800458310267 0.4243555641516989 1.1619004610585353
1.25385734762851 0.382624220037055 1.162308306592592
1.241065448642828 0.38331378362411317 1.1525524148837447
1.230458711421273 0.39398894858878153 1.172777573132568
1.1811228253556707 0.33079149812061287 1.1480700726429545
1.1844045379442623 0.3808051750269863 1.1344167983527749
1.1557755178525269 0.4167695207855466 1.1373953638147845
1.184205896897515 0.3145996520842462 1.1594698611093013
1.1832477807817607 0.3203379702786022 1.1550443986708445
1.2360748078240598 0.3622364649352455 1.141825311980053
1.2873846311409993 0.3445090984405125 1.1611058921811321
1.2101886558633694 0.3876739861911253 1.141437848752189
1.18281199855342 0.39426871735098373 1.1363994177222558
1.2611074240743068 0.30323240731889795 1.1617319082902076
1.217127554865568 0.3371619618145323 1.1426582076670424
1.2182593166263385 0.3828455769116825 1.1423727482671115
1.1842966423621504 0.3082854790099512 1.165868003672164
1.2763417989348451 0.349304502241342 1.15554644771129
1.2161247335097278 0.30837417906211456 1.1747914687139296
1.2132270100481315 0.41281055316197046 1.1677952996043095
1.2266399973876303 0.3003980746982721 1.1703236862182795
1.2485411009390877 0.338295375874332 1.1452976145235523
1.1908029687631185 0.3660571371558893 1.1358567598264735
1.1797846288836067 0.3161283697033998 1.1595394012588183
1.2948451189069383 0.331693813605608 1.164440680911705
1.1848567779687413 0.40072222369522853 1.1397094291110526
1.2606675831963965 0.31922331941605536 1.1527878274098526
1.1873801935339476 0.30672018744851637 1.1705169403817777
1.1514141644588474 0.38305179471628703 1.1329981116537127
1.2190314842292551 0.366747955296929 1.139686625628552
1.2882139171075258 0.31542269464190226 1.1612795543692838
1.1934820979307208 0.3700479009395968 1.136277658889904
1.2648478698613255 0.3477824296074093 1.1505598627584872
1.2500982092202655 0.30654878962304705 1.1598580595647947
1.2710552720602752 0.30935190510005756 1.1595168117634629
1.1995594370851759 0.361803821658928 1.13753502071921
1.2158583148596624 0.3178599550866724 1.1539673298142192
1.2812608198334572 0.35155602501971106 1.1632306092530549
1.245187540746547 0.30489075870799887 1.1733120313826357
1.2695892607825767 0.35582435507696636 1.156343682869779
1.182067907668074 0.3085055557514524 1.171087568372015
1.24502612078004 0.3077717260589626 1.1594982894323547
1.1775218994926875 0.3798859804669074 1.135233148177262
1.27688489946398 0.356839598869373 1.163903805127383
1.246448270448875 0.38645813649160504 1.167861767611857
1.1730775924151402 0.34865900760798685 1.1412492525438482
1.275394214135933 0.32527107829959734 1.173777880409096
1.2882242415269984 0.30997594244445487 1.1696704277208527
1.2610187475473515 0.31832338496817836 1.154406038199816
1.2205013534574412 0.3905585015899442 1.1495022950210128
1.222960615444478 0.36706720519253716 1.1417184839339578
1.2222382258904907 0.40210464310774796 1.161032643587122
1.272860231927137 0.32185878053099887 1.1555616501249186
1.2326429027808135 0.362953856316116 1.1436013702074797
1.2055421828031951 0.40842613252576565 1.1552779777591191
1.2867521641872028 0.3430382182561462 1.167689203374812
1.2498757451147497 0.30622341473783526 1.1616282357912069
1.1982248315542414 0.39902989289006774 1.1452700067110508
1.1624877911766212 0.31931195221313 1.1613959545550543
1.1951331435875259 0.3551564375325229 1.1392752775786124
1.244126047811262 0.30249081170137 1.1714300788749887
1.2658626757199576 0.3023283772103315 1.16650596503438
1.1503053473487874 0.3620347516415906 1.1385337630904795
1.2652543188454737 0.3426517000950083 1.152328314957859
1.1634135547497664 0.42131028455940245 1.145515200819341
1.2368450357319944 0.33438991693614345 1.1472893096526597
1.1414379824373382 0.40694270729867804 1.1350486044675816
1.266909474536446 0.34942846595027605 1.1545423755997681
1.2287268393906627 0.33611313443621066 1.1461795452419918
1.2154693672272843 0.3221012004554121 1.1765968881322284
1.220640347708904 0.30409975335704303 1.1709939503198297
1.195120440514931 0.3915163610633873 1.176708843031421
1.281121372286845 0.3123065403608397 1.170972741236469
1.2316251241446885 0.31265713544627993 1.1581918706555678
1.2839890959849374 0.33163300610427476 1.160593634862152
1.1651696903502908 0.4072303303963987 1.139606500986965
1.2372801521425774 0.3621579589517593 1.1462318809250336
1.191790770315809 0.40418899583264056 1.146863592316748
1.2030987804019342 0.32428083748029296 1.152589050446304
1.2595114981627038 0.31590329666104744 1.1570655321419159
1.2711890754044726 0.3221448757506562 1.156921188464636
1.2895139028468388 0.32834593848956556 1.1678084554491652
1.2440101166606388 0.38572464414402524 1.165376995376306
1.221014771210515 0.3144672313757446 1.1579409693080909
1.2113624532224154 0.34814210820802266 1.177955997666156
1.2150796720939807 0.40681277971479685 1.1686987403813374
1.201085507080783 0.33259883623030106 1.1484941795220633
1.2569544414096692 0.3632109174343698 1.155987647177307
1.2594174133310714 0.3636078030124709 1.157886540889571
1.225404922113891 0.34909264105198823 1.1771577041162038
1.2711007162968302 0.3553108751964389 1.161931470170551
1.2835945731308998 0.3173803631756747 1.1636657182209154
1.2026156802825434 0.39907940238517037 1.1491870277216172
1.2151113393705455 0.4066790326443118 1.1652690133627617
1.2582158676084803 0.3679603913405452 1.1708846849062648
1.193342452762785 0.3089728562922161 1.1677160126839319
1.258990091869867 0.30509379244401996 1.1651888580046545
1.142594503537941 0.3919023128552349 1.134966144347106
1.283651651573332 0.3413722218740071 1.166272058375642
1.2624024861678331 0.36756274062374267 1.167937583479565
1.2043832830839678 0.3168195934676146 1.1755485806288783
1.1687327667309397 0.4335816968324974 1.161355488701292
1.1761496476272408 0.3135067292018922 1.1729613968354857
1.14043521411079 0.3652693433474629 1.1393258493625618
1.1758952622712577 0.31421769901616187 1.1733089040375222
1.2773971302671678 0.32001929210228347 1.160860121636345
1.217828823279219 0.317778478019741 1.156640006037053
1.2125457013351568 0.31162792398614225 1.1619322897883282
1.2418283308054991 0.3861905096663397 1.1664515085530374
1.1778928358764729 0.3398105694674219 1.1471947326666845
1.1911685162394894 0.4206496426443772 1.1695369464982346
1.1504731165001818 0.40635146107938563 1.1378626709433517
1.2772231864932961 0.3491613677989341 1.1683916915464625
1.2250106630115511 0.3569673392198855 1.14434670528876
1.235337280552675 0.38909094203593975 1.163072505682714
1.1588644384157085 0.40330545519510863 1.1387563584484024
1.2482958320455713 0.34875608834645255 1.1496424278443098
1.2158550140504438 0.35060170832798115 1.1435952765191857
1.188475655643468 0.4192273210040891 1.1593687461605935
1.1828083952904302 0.3399933966777245 1.1470800882722065
1.204682777949193 0.4100596123052864 1.1616662019161188
1.1842864151296553 0.3123997455216525 1.1658628200680123
1.264754932568366 0.3282756398106524 1.155796525748604
1.1779608830610393 0.4174926042119934 1.151967576775379
1.2170867373610128 0.3741547666752623 1.1452487062541066
1.2142387536227703 0.30662650711453393 1.170708702884394
1.2763457857588412 0.31117270725286506 1.1693504522666496
1.2696517125464017 0.3109474444788133 1.164192758932673
1.1834670623214048 0.4259248486497398 1.1670397025040073
1.2452409000678362 0.33288283304879845 1.15113447473616
1.1773640233368265 0.32491957164030416 1.1567613006414081
1.2236234128252708 0.38834436962604707 1.1545420946093339
1.238317752764989 0.3253686274821472 1.1756566291099355
1.2062092938329447 0.3189138890747175 1.1576895966935576
1.22274777382976 0.3746555528955583 1.147618245472706
1.2575967353778403 0.3103321887535473 1.1721150913023517
1.1861344969893899 0.40634230715360803 1.1487400832060304
1.1536739445266937 0.37904881321367806 1.1372339072561424
1.210442224674954 0.37932617323887985 1.1453647375035547
1.2450876060985951 0.3591812138137186 1.151401373451325
1.1838251412885823 0.4129334423698941 1.1740452112448756
1.1756353738064729 0.31405747045118365 1.1667186367441362
1.2102046920834766 0.3078442191445395 1.168000311172523
1.1986053170536923 0.3279583956872677 1.176846426395684
1.180251618268657 0.335014010048632 1.150500972498836
1.1559783499212353 0.41806610376222536 1.1447646497186095
1.253823588291759 0.3059267362825066 1.1671124400849375
1.2826912959684273 0.3314438927536329 1.168302657783681
1.1509255041150006 0.41904143019061013 1.1435286422959507
1.2310587683635779 0.3922067010065632 1.165700530741494
1.1782792250822975 0.31654467234505723 1.1639575280311119
1.278448535126504 0.34233486774071953 1.165545816651016
1.2794235466545154 0.316400092002586 1.1663068395042924
1.2685618613845588 0.35702148862111127 1.1671838800749743
1.281016276072439 0.3253755178050149 1.1647711159749392
1.225215313155572 0.3341064166593507 1.149712140915278
1.1931776838294015 0.34684128455921304 1.1449288899663281
1.2770288854329515 0.33813762118043594 1.1703847702755408
1.2449384713635159 0.30563825177003145 1.1684721728394476
1.2756732274535754 0.3188324106417101 1.1708661163846044
1.2664697650029484 0.3562440463509576 1.1636355784233667
1.149899772474674 0.425126248727829 1.1473423838755514
1.2418844241962406 0.37037813102906814 1.1553404307780808
1.167610682772668 0.35391054605631894 1.1433298270414523
1.182082283375315 0.3450724110387408 1.1460934422370084
1.2227673499556833 0.3976650114064006 1.1667833378727597
1.1631320166149588 0.3356955845941436 1.152525910965525
1.2126888376642182 0.3977915605140234 1.1574621907923583
1.1595384894219318 0.40616493052161884 1.1415504358753117
1.197114920156297 0.3302317749087643 1.1524473700214308
1.2338074483459607 0.3720274906737362 1.1525544402196286
1.1693074829295618 0.42709986488513535 1.1584054078121657
1.1721129382001678 0.42993769645379726 1.1647218322480977
1.2575687900870216 0.3492226735292394 1.1557469389578663
1.1881131620899221 0.3906644023321716 1.1440136270547603
1.275652047446379 0.315626479419424 1.1673545156314669
1.2369103013208713 0.3765379172535734 1.1569341126914356
1.277765315475696 0.32592185595160916 1.1700783712745904
1.2744204224845683 0.3150214197801495 1.1686709605440548
1.2515519459495388 0.3371796509238834 1.1536330415769762
1.2183823646501613 0.3497980287849514 1.1768533901492846
1.2423108213890288 0.35632893157516327 1.1516499846205266
1.280045825578426 0.3279877925826748 1.166008575264435
1.2285738629854213 0.38339627921603087 1.1570058877069755
1.1904262131924928 0.3637627783414102 1.1420822161453872
1.1711897134921565 0.4298885509390438 1.1647254579306268
1.1718314202763382 0.4223103572553169 1.156070022805858
1.185925588156186 0.3411806584497379 1.148419189626126
1.1694180320735135 0.4058285542769656 1.144995438470147
1.2426510012407008 0.3728865220354671 1.158948101276804
1.2056060002695181 0.3782559477291522 1.1761616828377535
1.218876278819234 0.3370152896839306 1.1765749022197316
1.2496481403792148 0.37336867293457504 1.1669086363960186
1.2195399687547497 0.3827597217203133 1.1526434836461925
1.2185252123391548 0.3972897914764302 1.1694393478263736
1.171304360247186 0.4234052211079481 1.1574565577506246
1.1780501125507938 0.31487914243920573 1.1711013264155308
1.219236823625557 0.39471660271492776 1.1613122751411533
1.1817296422429746 0.35607715171670984 1.1437156024149762
1.2513871505923846 0.3441863922368821 1.1543825004866812
1.2218829713772472 0.390891002422489 1.1596893408485953
1.2352972451961057 0.32418872366341484 1.1563403278146884
1.1876646851614616 0.3860499075560374 1.1767800185543043
1.2199595879011158 0.3841413071269762 1.154107061032813
1.185353340495551 0.313546803141337 1.1702180409799618
1.225855314020851 0.36749229469045075 1.1498145322128326
1.1944753559130628 0.36247481385699726 1.1434374695959135
1.1443701237803385 0.40726960882656016 1.1403431227747594
1.2756256909047594 0.33447457497892963 1.1685081756217028
1.2715752806762155 0.3408844072336063 1.1642869576040618
1.1534274172227303 0.41203204762694945 1.1440080696690866
1.1974616566273883 0.31539877005105205 1.1641800239239217
1.1967762553046633 0.4050303611661043 1.1726442208466525
1.264775486398067 0.33212201858148377 1.1596547141183668
1.25335017271854 0.3674840259715887 1.1680647299106635
1.210739595450475 0.36553628080690864 1.1765226422576678
1.2266595689285487 0.39092416536026875 1.165471738035589
1.1497800728506078 0.3650404952182197 1.1421491892951277
1.2548044792629385 0.3346000715311778 1.1737636080788747
1.180006883812201 0.37022609739837775 1.1419485848572164
1.1821201696090349 0.4201865877630541 1.1628594095641946
1.2514014589347038 0.3694469963272584 1.16634945532749
1.1619055246349965 0.3578093505639437 1.1440503945216063
1.182321544636092 0.31768098628783664 1.173392214551206
1.2752587570009768 0.3327795895927605 1.167572041467222
1.1987870221646815 0.40712398577413134 1.1601077757619338
1.1649576041542604 0.40144222543324515 1.1434531467713267
1.2709815650323217 0.31912139178882426 1.1676247149506946
1.245094595637463 0.37035347643050365 1.161177895529219
1.2312523564947724 0.3356084207342175 1.1524659121605987
1.253878996273661 0.3146237806760917 1.1641815699852578
1.2535827187068356 0.3518036146468517 1.1576837307088792
1.2430707128305039 0.3641323295705236 1.1569236194423858
1.214156829873156 0.3137218623986471 1.1644011506075302
1.2196113744629273 0.36831038278519723 1.14916983175815
1.1549383939673807 0.390171833253166 1.1400783101032594
1.168953583880449 0.3278595485123625 1.1587551047564533
1.1608200335833478 0.33118855696953947 1.1576184947349826
1.1899318517325337 0.3368342250006256 1.1770848380498358
1.2372347885074901 0.31019691089008883 1.1679285526941636
1.249425497558002 0.3157996626262928 1.172013610898826
1.198821515561209 0.3544232943360909 1.1459320500015842
1.2636306818165717 0.3227746154232823 1.171367580435537
1.2520066062629338 0.3597355030688243 1.1601162451442
1.2360476695052767 0.3119451351523423 1.171139509984755
1.1721544018997099 0.37557633924775635 1.1419440982491835
1.2465579179794015 0.3507607816635815 1.1554043010795696
1.2354926981063472 0.32336970841767326 1.1742956563361486
1.2394633890439997 0.36179348842712294 1.15524156283306
1.210331362405135 0.3119092794446942 1.1703031258210728
1.2120901787048233 0.3783458325017587 1.1503565684572938
1.199612098608259 0.40882255171505943 1.166305295339419
1.212598488964702 0.33746253184928504 1.1516019890636513
1.2372666794488714 0.374750621811839 1.1712304778171663
1.170380422824916 0.3730313991529806 1.1421989060366096
1.2043523143712225 0.31882084982966785 1.174151672211555
1.2666055368845774 0.3416334418352213 1.1639509489436173
1.2017841430957812 0.4040118383456803 1.1616119964223304
1.175254779529725 0.327751561293635 1.158729278349628
1.22635431403199 0.3528358405933648 1.1504692478235734
1.2114902680522144 0.31443676634456 1.1650836139440786
1.1728684647126464 0.4066363279581411 1.1493405034194009
1.2435076656907764 0.3514336488073667 1.1551031951777488
1.2152991836284135 0.3769502312387051 1.1746950086102226
1.1842520197677877 0.3737096148176325 1.1439885051840792
1.2066710063769377 0.31489678417920025 1.1654013341633298
1.2291757451345928 0.38446144463092774 1.1641642239111252
1.231191654671718 0.3513620807906514 1.1751716378064756
1.2445537666053914 0.371770950653114 1.1653818935292966
1.259126178475639 0.32435671527073184 1.1626353263692812
1.1798060229688192 0.3177910110189264 1.1665792954533818
1.1767153893804654 0.4167572250926055 1.172098398785914
1.2130843648914542 0.3551543186645388 1.1486930972086393
1.2047564453809452 0.38882085209094136 1.1531805849302337
1.1743980931826743 0.3262683676731231 1.1602578464373554
1.2279455610412964 0.3606508644127825 1.1521365620014057
1.2237256842046706 0.3478588378601774 1.1509555748136897
1.2407092517086804 0.34913910433076384 1.1546984210461693
1.1816157599644508 0.33326131818418175 1.1552990440147402
1.2413005990657926 0.3129302798670543 1.170027919046395
1.1916429273986784 0.34256825992234013 1.150498329595003
1.2180258784380933 0.34504956939196446 1.1507588649972194
1.2049308288262834 0.31358960519736334 1.1694517199098846
1.2440510903941373 0.3158626074802084 1.1713970719806066
1.2441359515311332 0.3390001108023968 1.1741025773802845
1.226236346353296 0.32428335860235885 1.1587819946704945
1.205353467482875 0.4011771970942065 1.17011457145012
1.1998131877419542 0.4065079717037324 1.1678739342033868
1.2220435076163623 0.3431928184859433 1.1517586634773327
1.2591338862539703 0.3224202098334151 1.1709184637895358
1.1429660561115162 0.40266243915715044 1.141853897472636
1.2470052241435556 0.36380077163684704 1.162380144500934
1.226602751481077 0.36491482885610377 1.1531328740354443
1.1822500763952535 0.3401518942116103 1.1520210833516256
1.205778215783721 0.3440438984940796 1.1505213656717144
1.2553127307431633 0.3578840355659479 1.1683760565301176
1.193930006968481 0.40536542592795805 1.1595470949150104
1.1429186669000577 0.3987741757367007 1.1414653838799431
1.22666406019156 0.3792493090744737 1.1592838746810525
1.2462013768262388 0.33936062748704465 1.1571921837754238
1.1610194513561205 0.4252804834733952 1.1588988613129236
1.2413736302143183 0.316886595099916 1.1646017874563546
1.1801648400409448 0.36935817875380034 1.1448229299771866
1.1579695769179694 0.3798418472416903 1.1424448201183346
1.2396410818006922 0.32089467102820995 1.1727620799106189
1.1675550654045674 0.3647770409575579 1.144813445627784
1.1692213285556121 0.3862396865890171 1.1440202686400427
1.2579097024419736 0.33295013248565153 1.1716849635984394
1.1819762632955004 0.36138589155869494 1.1459506512870563
1.2234326235535797 0.37719840103337754 1.1571672434598936
1.1528187334239293 0.38546451489427086 1.1422634360345507
1.2232941679813203 0.3477596030620244 1.175507959838149
1.1865759510856657 0.40651357494813256 1.1576381491446133
1.210658654327451 0.33194281341637233 1.155985666401869
1.2567920792620013 0.3290796941611906 1.1631313116622943
1.1779554526422582 0.40354080597015374 1.1520402306389061
1.244864884248327 0.33936335240292165 1.1578840439353566
1.1534096571953962 0.4214732722599806 1.153242344272371
1.2053698751168922 0.3791807382920168 1.1513579992987983
1.1986718973388157 0.32897952045204715 1.1578631825220609
1.2463589767557566 0.34488535818700927 1.1583886520250544
1.2095348182827768 0.3370224509073416 1.1758745592242734
1.2529948916664786 0.3345149200219554 1.160923555033731
1.2565995707886273 0.33089377613468907 1.171423421781038
1.250493535508965 0.3365093168585625 1.159719637417701
1.1661604229516285 0.3562088715592252 1.1475039040106978
1.200441113054948 0.36464652892874216 1.1482311012155395
1.225118528188871 0.3285049672305332 1.174481439825989
1.1899702625121367 0.39419729876732534 1.1521612432576225
1.153256052264306 0.3757929837397875 1.1432153156526381
1.1963897111004853 0.3547965954695317 1.1488535164606497
1.2260826464984242 0.33853170571074404 1.155145370597142
1.1760662795654622 0.35265184521330556 1.1487685380544113
1.1657741189874664 0.39736590586364956 1.146727181306534
1.2265737884437313 0.3645436869411992 1.1548621655547442
1.2199373088628045 0.33892776866559154 1.1543705659842851
1.1693132196896645 0.393197146830396 1.1464531955078598
1.2494218154223298 0.3310477440176788 1.1613051640977385
1.2077890852576239 0.3430510103711161 1.176049674267599
1.2221626765857736 0.3320451935788752 1.1570816205607064
1.2007070399575148 0.336870519963353 1.1545139112896365
1.1664108848255885 0.32722969486544407 1.1627168227994238
1.198599954201718 0.3661197078568209 1.1486993920645978
1.1723718820211388 0.3388459979731034 1.1548163569082703
1.2250619718913383 0.3792866065972416 1.1613828623821911
1.2294604211011233 0.35130027113292833 1.1545530667123456
1.1829943945277381 0.3447809836244416 1.1517407326120612
1.1931507231602172 0.3197456910315806 1.1722696383005238
1.1923096739713537 0.3681609080870197 1.1765677866740092
1.2491556714132934 0.32886685469839616 1.1624786834668124
1.2605581898181124 0.3384402648199512 1.1685631677378554
1.247291983460535 0.3505794363242621 1.1717977922194067
1.1528172351204633 0.3562931785856014 1.1486545943282551
1.1982826095951724 0.3596564272060408 1.1490552417851525
1.1562052260945985 0.38412021290868203 1.1437605120652354
1.1586530949893055 0.3979043631086444 1.145963385359338
1.2449585111692874 0.3251276703716449 1.163156238383767
1.1744747443657637 0.4086853120138542 1.155300504394733
1.2542363153545464 0.3272317283054787 1.1648739076707089
1.147550027936886 0.39312740233344134 1.1434011776245736
1.1584207707819332 0.34440335153609225 1.153435866647491
1.195006695613713 0.3983411387199623 1.158401943352627
1.1807633484365287 0.3335548631410386 1.1575587867190293
1.1991123167215596 0.36109288667453043 1.149281010948798
1.1878873318374557 0.4107787575959171 1.1662766213783167
1.2173594604195124 0.36635792678404305 1.1534106896979368
1.254004319243329 0.3231835351346397 1.168419220830716
1.1859197263259835 0.35773761936395165 1.1486475402476986
1.1691120268363684 0.41950060569186404 1.162078980089298
1.2240042957536819 0.32098093013808643 1.1636379676075201
1.1749729110028653 0.32077096402985183 1.1688729246706016
1.2429210125878187 0.35918146769799913 1.1622963527511216
1.2360333771922027 0.32874789411182953 1.160658194129683
1.227169819889451 0.36678027627397436 1.173109261572697
1.2495703522717716 0.32168104337060965 1.168384679854644
1.214961729171882 0.33985271828804486 1.1549131040623335
1.1766150234491515 0.40397698083293565 1.1741354615237298
1.2097743602159077 0.3893500135016539 1.1605059692833706
1.2274218850196235 0.3737276374638197 1.1606436755170768
1.2528627967763593 0.32403680862439627 1.1685815013254397
1.2116018169618705 0.336306686038344 1.1752289946497718
1.2400425015643979 0.3632668076360929 1.1706613808851254
1.1617176710121575 0.3758002998804512 1.1453414600926584
1.146653065142474 0.3969034751041803 1.1446820217802434
1.2295780382898767 0.3690792877284425 1.1719901573297264
1.240869033665401 0.32144606263495445 1.170730729284458
1.1884908037660924 0.3960821411726257 1.154905674527854
1.2143884374803209 0.35395425136915204 1.1528433248149237
1.2102519142484405 0.3310780653166405 1.1585896044443842
1.2395119217113413 0.3271167154960111 1.1627007261343294
1.235352860198442 0.35929761817752054 1.1592318419767744
1.2553912101667495 0.3424571937695644 1.168094331073428
1.1773797654912312 0.4123851643146487 1.1614200399787022
1.1969854590702547 0.3260062240870959 1.1620718717067104
1.1650243241553373 0.3486797742232819 1.1520213198014935
1.2288112598039032 0.3514862952469818 1.156349333874311
1.2133227120791497 0.3460932270331967 1.1540378854194107
1.1523996883422654 0.40563209113764714 1.1482537873014873
1.244542823784251 0.3253655040842849 1.1648719504654614
1.151976206502884 0.4095457582342108 1.149469923946183
1.2335841601109863 0.34530783618215843 1.173599011999847
1.2373733052945934 0.3309267383414818 1.1615020179878752
1.1533638017836811 0.41508524246995676 1.152829075303702
1.1656769388205068 0.3607952437788429 1.1485098107033835
1.1675646627557534 0.3875958629928172 1.1474030481491122
1.2500017897673266 0.3453763620533977 1.164265242092049
1.1659713439780415 0.4199209279232864 1.1624804350358868
1.202250568636604 0.3687815363004614 1.1754385395772045
1.2329058295836017 0.365973945963233 1.1617833214888247
1.1862068853937513 0.3214865291252296 1.166926565231164
1.2517836545231154 0.346744791556556 1.1677887768808284
1.243837641401318 0.3463652479933098 1.1618762774421292
1.174877067009596 0.4030250120070798 1.1543661986214382
1.2428773317275255 0.3608873781775292 1.1679938123643443
1.2357923733729828 0.32914740105069173 1.1623345454675555
1.1884957708786725 0.32311301288351046 1.1652399573720271
1.2279104272142782 0.335676489112287 1.1589822530416432
1.1891900211181508 0.39272752652421106 1.1740199984496156
1.2080233032317496 0.32385236929222694 1.1729345542252156
1.2049779499869615 0.3880741486911428 1.159174798575871
1.220977476668165 0.3718490128731362 1.1726675734318182
1.2187568210037039 0.3696333222979059 1.157018737828585
1.2123322480173502 0.3898875480192636 1.1673758269242764
1.1469998244106185 0.3750582168291235 1.1456261172956477
1.1700660235550635 0.38683988553279763 1.1482780883664292
1.188045184801103 0.3457326536351656 1.176241552189444
1.1596879927294539 0.35565130445980325 1.1503962426074854
1.2386762578581285 0.32637481968287557 1.1645230347941977
1.219559150536553 0.3202629307825668 1.1707211477822743
1.2170963419005154 0.34448565182454244 1.1557433744322645
1.2177729225193008 0.3836560609081364 1.1647671829026518
1.2149298567476445 0.32622721003441013 1.1624542103634865
1.1746407828829986 0.3540619481652181 1.1508419045067044
1.2436164467389261 0.3419501198696797 1.1717379296090533
1.1625191392145406 0.3620038935766186 1.1488253231876873
1.2438949511280133 0.33307979035273594 1.171402386716622
1.1992515663721475 0.3913876364253637 1.1591141079240874
1.24617835527107 0.3488823343656555 1.1643669870889086
1.2121882119266563 0.3863185299746134 1.170421162670269
1.161409037198259 0.3995104991927696 1.1496815575934587
1.2112328168038222 0.32116913210532394 1.171066138147732
1.204276054715823 0.3368081689928339 1.1574900470107594
1.1698263065010368 0.4149883767058059 1.1616554853302286
1.1828984364872066 0.3580007943506255 1.1766796218218336
1.2203910741134867 0.3513304200059296 1.1560074287375504
1.1905329133902487 0.38350914242810996 1.1526750064793962
1.1749623567429224 0.4018569369238775 1.1548566134078444
1.183835932883024 0.3934963057166936 1.174309166426328
1.2253744751064437 0.3529748259405851 1.1738068790470437
1.2190119425708976 0.3552916177141052 1.155680428255404
1.222856456605735 0.37550862147622444 1.1707989740708358
1.179510125925471 0.41112734503083387 1.1647347060527276
1.2425143161297245 0.35411192662513236 1.1702046417501852
1.2419027956429778 0.34791967087270553 1.1713631956283503
1.1863045089888207 0.40416128580364347 1.1709245624097109
1.2393856374043175 0.3360348021232902 1.162311217446662
1.2337107784290469 0.35736626076528916 1.1606175775382808
1.2310002842046153 0.35318610704020936 1.159052555739436
1.2223259011999448 0.36894035797172037 1.1593418316229345
1.168673055472773 0.38406416896157825 1.1484174319113836
1.1991068790378905 0.3509479023813734 1.153343073282585
1.217647969012896 0.38176802939786897 1.164484634627199
1.1802385047497888 0.34169833428100954 1.1759860490173344
1.1934706983440393 0.38160712139376507 1.1534548246195417
1.1708114216010579 0.3831107656466321 1.1487635992949257
1.229447527841411 0.33523541790034267 1.1605422116380066
1.2336516163321214 0.3661439140461209 1.1649813231866137
1.180768650925967 0.3842857068004515 1.1508696904542086
1.1846053083917474 0.3558070247919124 1.1764897133827474
1.211108119413981 0.36206654122815934 1.1546316697669188
1.1990403620793182 0.36378542285232246 1.1523171064735491
1.195669677768063 0.3364361756921355 1.1582482824026168
1.1793003207422605 0.38132624976796486 1.15022987690203
1.2090162841228762 0.3577899990835322 1.1542742808274415
1.2161901818832797 0.33990688112071604 1.1579926584084292
1.233707573604881 0.3509020814341819 1.1724649710896522
1.222436453522588 0.34608382303554464 1.1576218573862913
1.2361378011446227 0.35360513426098306 1.161949204080465
1.2063823919582297 0.3602076900915539 1.1538212550241507
1.1857790250282485 0.33688133905114837 1.1753122612960207
1.2225337004876615 0.32681809334796064 1.1638176574009884
1.226775835158326 0.3504809007991073 1.1585017733635419
1.2329227541207053 0.36149574655774147 1.1627649014372499
1.1935139700411446 0.3740189528609865 1.175269355439435
1.1714499052631273 0.3484607855788816 1.1538505340567315
1.1865170382941295 0.3236522344266834 1.167625103733689
1.214964635391182 0.3297435181792898 1.1622000112513207
1.1803980900394688 0.3391155637791506 1.1755949942663164
1.183179866070914 0.32514669340187946 1.1719303485415196
1.1574940852161055 0.3994703774068259 1.1499794241208603
1.1816476336194255 0.36238017718151355 1.1507691097675223
1.2001249770893223 0.3554119475370981 1.153591769877702
1.190869449240366 0.34543223502349735 1.155178994466402
1.1965541300216938 0.3222730459872512 1.1696477691636515
1.2269181113799092 0.33342788983920074 1.1620491729117028
1.1806735449450716 0.39589800748516635 1.1555820943730284
1.1847473467207679 0.3783814647901882 1.1515174512630675
1.2420436085200603 0.337762769477408 1.1707864492687456
1.192598073715651 0.36775438040023695 1.152123947221303
1.1534736792420621 0.37779013421363977 1.1475120471500972
1.183828493695947 0.32993371644651326 1.1738130204045734
1.1734446420062545 0.4033774052794947 1.15698973709134
1.1965513481038859 0.35928783539398446 1.175646584388035
1.2103706601629463 0.37993967218779096 1.1604336400160618
1.2039933725421688 0.3286613090545558 1.1731690240395163
1.2077113117461813 0.38572631842100263 1.162931892726605
1.2426812930868056 0.34110581388346556 1.1650517286739057
1.2139043578082436 0.36824266719464077 1.1579349944905348
1.2308110954294826 0.3661240953452906 1.1652044603445877
1.2143862653409907 0.3341511674023306 1.1736017831662249
1.2329902281814833 0.3635208272669347 1.1652484845577948
1.1666031532366763 0.33698343544869463 1.159972953766154
1.166162617132061 0.3300877876049364 1.164780360463582
1.1797427359484696 0.35730159181166515 1.1763803383410887
1.1784082910795914 0.3852477474664231 1.152074711161126
1.240790661089368 0.33234510496630737 1.1696507599907107
1.2070168662586256 0.366686843633512 1.1557612979197884
1.217983652320263 0.3721823251027031 1.1612637723070194
1.1765868504696697 0.3747060624839915 1.1505332547757794
1.166948655336517 0.32788901710744534 1.1666313411356748
1.1813866999762876 0.40329618166753844 1.1617052460979964
1.186697753700277 0.335047694847812 1.1601916936050458
1.178034837122686 0.36586698639807885 1.1763625815314773
1.1840068022603836 0.34794227092700697 1.1549487691188633
1.1963252037240681 0.3304190966732305 1.1734146315497627
1.1867939970460037 0.3888037781470823 1.1559026244032022
1.1496159347007104 0.3989443439691066 1.149328354684349
1.2037810158945048 0.37629876022391107 1.1574767551131244
1.189179487186673 0.3837639648641866 1.1552655829082061
1.182146661297354 0.37453637043318455 1.1518159516200615
1.176593202487954 0.3881049731528603 1.1531070177852216
1.2373053531024758 0.33245312564272417 1.1659786291433154
1.2125205770832643 0.3822119035990298 1.1651876631861158
1.203388482952542 0.3417873632579701 1.1582369494597393
1.1591500822071314 0.3621280192836911 1.1509977448554194
1.1784706096209188 0.3977668811944461 1.1575108305073198
1.2369699029985566 0.3467689553730214 1.1642846081440457
1.2282017051490524 0.36751951910212294 1.1664524372731622
1.2349547039677753 0.32927071824498033 1.1686374330609177
1.180670218650428 0.38200693536386426 1.1527746500128333
1.184165428646525 0.39776661477292735 1.1597625717415383
1.1657968630261268 0.3960697875668195 1.1527879848865696
1.171963048170594 0.3515494267063295 1.1542594593747393
1.2283869781314418 0.3275818635333287 1.166927738467107
1.19558329304646 0.3480025012260879 1.1561488617981217
1.1622453654544738 0.4078137820611307 1.1568805360450933
1.201844670828542 0.37570723253952 1.1572255785191725
1.2069234385614194 0.33062366894021483 1.1633177982113132
1.1954643460809131 0.39172338752356634 1.1711259195070642
1.1921347671145264 0.368858548476334 1.1537230803416545
1.2043044715954725 0.3248480462173169 1.168265907406248
1.1600123745270694 0.3654278881671793 1.1506762535529036
1.206055121431243 0.37415015104697336 1.1731146859293557
1.2276599094281704 0.3523958008227881 1.161783972040485
1.2116988443541419 0.34926692578044916 1.1579643570105116
1.2358098203444126 0.35592674963218796 1.168617009699525
1.2337670931363989 0.33978967428682905 1.1641577286645344
1.158951782850419 0.3860675948221118 1.1496870960323824
1.1891921739750655 0.3738201577792665 1.1538321017018218
1.183559924496867 0.3475635839911014 1.1756541324012435
1.2223610012985113 0.32888863407756835 1.1656164469399117
1.2233352811820744 0.358689050134718 1.1610468592111989
1.20297648820153 0.32566087616019995 1.1706773520945228
1.2099442805722807 0.3440716824768828 1.174141121332763
1.2395051134641895 0.34257055117403684 1.168846869744221
1.1545164122744875 0.3592107061661607 1.1523100883795063
1.196269970795068 0.36984046365899975 1.1551264472803793
1.2119866025102817 0.36836735174265367 1.1592575227225819
1.223231462832104 0.3469556979808371 1.1607776199624988
1.236354222663763 0.34562917346503097 1.165216711452738
1.1585569527739474 0.37892271781998255 1.149639227175259
1.190834109364622 0.3781903740957666 1.1744073391055059
1.2149980251334964 0.3781899610196508 1.168366528369657
1.2020078233436242 0.365234620683516 1.15627031652135
1.1734823649090391 0.3875330980718691 1.1533205251343488
1.1706251749173655 0.35725050573705175 1.1533737829464767
1.1966551241507761 0.3755780505506999 1.156618679555131
1.1604650277040012 0.36217731050119606 1.1519051096767106
1.192873485291359 0.37982717619862727 1.156630872437169
1.2013199782369055 0.34803551518063053 1.1574771972261928
1.1888685628752433 0.3521042356797274 1.1754308655736239
1.210965379523766 0.35132382741722923 1.1584305977996576
1.2037219290728765 0.3338878898254732 1.1625845289123367
1.1897427184982345 0.33199948253347805 1.1635853162427663
1.207447718570833 0.3455531476411946 1.1589219155638606
1.220697940269281 0.3445780759079888 1.1611252161017007
1.1759887627174432 0.3421040574975504 1.1751707195742847
1.1926767874916049 0.39590112094325414 1.1662189323849597
1.2045280043956912 0.344488067238011 1.17425126635546
1.1936533739349495 0.38991026272865414 1.1715900077718189
1.2210831322042237 0.3463953496639826 1.1612002764532872
1.2074956535728925 0.36612267529604636 1.1583871040562226
1.1932967502891625 0.3497155055303064 1.1750293728318804
1.1678310001931718 0.3541316611729868 1.1545715243343833
1.191957356374116 0.34174598728565764 1.1745931925719597
1.2165722000147035 0.3718759711282687 1.1642264555542954
1.169271272728012 0.3930936724860583 1.15444545957709
1.1990166945524452 0.32827440006752606 1.1664685605279153
1.1818281892480405 0.3583011855316572 1.1543473864631006
1.2339423119461557 0.3463980033201782 1.1696889949934208
1.233287974706549 0.33677501418796013 1.16889777954606
1.2335142736757507 0.3423163890444391 1.1700171183206982
1.190883063775063 0.3313477838035605 1.1725646213109857
1.2142179557987454 0.3757631096208441 1.1693671508400771
1.156699764747531 0.3692655099826807 1.1512193766096317
1.2133385998293782 0.36024371793405996 1.172994271115454
1.1527832292972757 0.37753862398773835 1.1501046261928487
1.1786046224943212 0.3284803486707402 1.1684638725429732
1.1774407970255742 0.3330835467143179 1.16427633815524
1.182692500012199 0.3345563121641413 1.1734818021196736
1.1821307807927566 0.39372905267671127 1.1726162166769556
1.1685368136931809 0.4116097367285812 1.168105564466857
1.2092237919630686 0.32800249050587255 1.1696578260690629
1.2166703403060972 0.3295566210933727 1.1671278927890563
1.1573593330332526 0.40613571249933694 1.1565698260726238
1.211751836646815 0.36598309018334474 1.160465835933902
1.1684675423714046 0.38596804116968103 1.1531595375739259
1.1702795214376318 0.4092812851639559 1.1695550412930482
1.1802442391884043 0.33573689459823697 1.173701518433882
1.1849387882149518 0.39067175816076966 1.1726633800829875
1.1852793060551599 0.3987725653310022 1.1692603967798978
1.2147781410969778 0.3704533191933449 1.1638664466341675
1.1649533660877356 0.34914724701161703 1.1571088416827195
1.1996822872073818 0.3848239968529849 1.1635992768820222
1.1979116787589073 0.3290634165592585 1.1707078827226682
1.177627937397885 0.33049208651843615 1.1713980923907439
1.2136069248428119 0.3508886993997488 1.173084683419203
1.2041225221405683 0.33281377023295033 1.1646479236126084
1.1782423424534612 0.3301416111433966 1.1671802847872184
1.2198857102659946 0.34947172884833755 1.1623014734857502
1.2191180893378486 0.33177933120068726 1.1681819116280925
1.2012658503822364 0.38291589591371555 1.1639249719326117
1.1606719941344192 0.351221117586746 1.1567247679593304
1.1563310277452181 0.3746501898397532 1.1513920519877705
1.1969776204780014 0.3829302837308898 1.1618968339611444
1.1753477373746528 0.4055443999311335 1.1686610805097493
1.1869958231076614 0.3899708753992151 1.1606663020375039
1.1893315531958837 0.32978052282549397 1.1707804722565625
1.1609435185803567 0.382261483171893 1.151997483602162
1.1641570231017653 0.3962786532387613 1.1554820206107452
1.1696722003952378 0.33171436427287715 1.1669443571271634
1.184064260277041 0.3684780444847844 1.1549679411160119
1.1537788132726767 0.37213712137334753 1.1515526327642056
1.1799087204261345 0.35251211231388757 1.156688230129355
1.1665271200244347 0.410034978720553 1.1649552788885442
1.1729324940045298 0.40369170917252745 1.1709170043081538
1.1812218390433875 0.36771177453250786 1.1546856134094636
1.1826766982670138 0.33387375977258615 1.1646211135608213
1.2199323864259712 0.3369903613829376 1.1651601494448232
1.1598890057613642 0.3922698480018384 1.1534982584880789
1.2196442596353791 0.340100497863971 1.1714694702112673
1.2027948125429822 0.3691724743644183 1.1595176781178287
1.2129775002664225 0.34205630898813855 1.1627611420524089
1.1921637161187117 0.36722639892692704 1.1567568125949463
1.17394290774131 0.3663284701717159 1.154114007582998
1.2154213308214645 0.36580257873340966 1.1639814993035054
1.1603526599521188 0.37605139813922694 1.152229015301456
1.1712311589207147 0.4066204173481679 1.169232723488088
1.2272657755103518 0.35191013023862994 1.1683436346570892
1.219783840257913 0.35036656613863204 1.1716053106049695
1.2034544870319277 0.3741401864148441 1.1718844554127785
1.1823153496401442 0.3833105629829693 1.157344480540846
1.226613338202453 0.34048495403659906 1.1667612319408693
1.1742360245041266 0.38526760113996467 1.1557239365905598
1.1657611323332153 0.41009946956103416 1.1652446543990596
1.2021604808329203 0.33087285679427564 1.168138200924614
1.1533273870587202 0.3785433713602432 1.1517466347714331
1.2152592374874067 0.36869970908893734 1.1693700139678191
1.2257712897422728 0.34675521332859094 1.1699466323006473
1.2064380438211173 0.3377018651615995 1.1640649425358998
1.1773309555244404 0.3739622818080967 1.1549232157528526
1.1634135956610194 0.40857146501865726 1.1629523469462177
1.211601810928058 0.357014626730005 1.1723699502718823
1.221479129060726 0.3606006456442214 1.167692725702413
1.208820985497169 0.3751834083131163 1.1694273130960111
1.2044716838668579 0.3322281412264344 1.1667323986267495
1.1902243266660664 0.3422781745310344 1.161257727589588
1.1794123543954533 0.39535006124569166 1.1621729237865868
1.1850787009419652 0.36956337815864976 1.156377157866196
1.1902396584475796 0.3348747401875131 1.1648729579200978
1.1843356629991046 0.37414251044175434 1.1743936120383314
1.2124238869810307 0.3630528345356254 1.1628093222637526
1.187911637168324 0.3623521308344798 1.1568823894162734
1.158153782200392 0.3980294768152617 1.1556831590391556
1.2062477397533122 0.34222547895852035 1.1726323898522306
1.2086544209621743 0.33401535602080423 1.1664394193515042
1.187436209353821 0.34505677753800695 1.160134165443046
1.1731059804960373 0.3878089901026372 1.156768585060053
1.1703750710151057 0.3570186167478115 1.156262427544954
1.2170010435763126 0.3660422028974544 1.168791798328938
1.1735749613711048 0.3321790943829793 1.1701630722154124
1.209017454094298 0.33443238684861853 1.1706986502570118
1.1816142523659907 0.36737145397292026 1.1748872614259613
1.1937614736213291 0.34470676869992806 1.1737247377783768
1.198727832465441 0.3406397780347749 1.1729163640521358
1.1798458443964586 0.37325626136435675 1.1746759415248653
1.1821411795326733 0.386178199087913 1.1592595273825341
1.2060239527926768 0.3767531201850176 1.1657681213260793
1.2107480386162397 0.36863673399028046 1.1645953491636698
1.21687029828537 0.36441120178996633 1.1676655609533446
1.1676550971742428 0.3454688816198578 1.160283738686299
1.156683083439482 0.37592594201604806 1.1530161960337035
1.187521745259053 0.37506480326041935 1.1582592386172572
1.1772107040703752 0.3849688494956295 1.1576978130185818
1.208847463292864 0.34000678524377986 1.1644393512050355
1.1605549098491588 0.404332512154276 1.1597107132872586
1.218477910440655 0.36116314555723106 1.1664348373453102
1.2205718644751653 0.34006327374700396 1.168894499321977
1.2030512689734139 0.37919976290984175 1.167791036002007
1.2003520308538658 0.37980532358263347 1.1649333466881346
1.2023979030367786 0.37526147345030925 1.163541978993448
1.1711023075966642 0.3928357849273087 1.1586347277115938
1.2161690490911585 0.36430894640120465 1.1688849770309422
1.1596554786797617 0.38895233714014193 1.154524896598592
1.1798876001309986 0.332877940797895 1.1704907358950736
1.21767088483612 0.3437252775711877 1.1706526555224883
1.1859906815589953 0.3737922889828899 1.1580600073109957
1.1754361651707517 0.3552308142833963 1.1576795989629147
1.2149942402842218 0.35845053580777486 1.1708000390580036
1.1987850166035132 0.33317411099083016 1.1689029807411402
1.2017735032830095 0.3342312435354271 1.1675329215408248
1.1732701347782246 0.3977647818086703 1.162314643593574
1.1689495400789933 0.3803598128360374 1.1553714249923388
1.2134658375709546 0.34009794772102003 1.1706780698731083
1.2091151347211442 0.33609311272421283 1.1677069142138474
1.1575184398296332 0.36580559373509974 1.1546162635812358
1.1716259699891414 0.4037045564489346 1.1680108421820434
1.196478131623505 0.37996106757292564 1.1636167517741194
1.166551581310337 0.3616691345006841 1.1560563623006601
1.2203105472710059 0.35009924746022925 1.1691827339922085
1.1791053192748975 0.3811270206561781 1.1581045308794138
1.1789184343296246 0.34196633972744545 1.1626281241565128
1.2023183351362254 0.36439688253282115 1.1615024009877684
1.1815625163549366 0.371086570139686 1.1572150247549604
1.163756990399608 0.37746530805381673 1.1545621615099015
1.1896017373972068 0.35725306094077974 1.1590725590074735
1.2026237468173133 0.33918008628624813 1.1714798414073866
1.2177020780410772 0.35756398451529126 1.1666042749791883
1.1781802977674145 0.36042935395451176 1.157473367916294
1.2175176849775733 0.34359904463059326 1.16902273907324
1.1930126096735552 0.38449547216561897 1.1698616672850202
1.1771186523249437 0.37405301162841803 1.1744442042462935
1.2106147644039396 0.3419108738953899 1.1656664753809163
1.2123725207414937 0.3653081519512813 1.1686080938165075
1.1975083272215006 0.3692347799491813 1.1614871112277974
1.1834427852795062 0.37838196117841366 1.1591886193387992
1.1790287284454655 0.3854110908168205 1.1596932597628038
1.1565743391440297 0.3704574334057005 1.154581354470688
1.1658223097940632 0.40425481215158066 1.1644626584159514
1.1894189202076708 0.3872766888452989 1.1695374241486431
1.1756602870449686 0.3557166114384583 1.158566201940413
1.1801805254707376 0.3844243838881127 1.159930623788954
1.1942955971973321 0.35166535979593166 1.1611722485518203
1.2075573721203186 0.35714625312843445 1.1634701270152676
1.2037153794602533 0.37264748205836756 1.1654591564078791
1.1923106786751803 0.35276595724833637 1.1607335351313797
1.1941558365023974 0.3376807662758847 1.1710547552649768
1.2160554241083985 0.3542138916699365 1.168253136996962
1.202785143096893 0.36576298630698095 1.1631568032440618
1.1874059769968346 0.3843313750396696 1.1632400989313396
1.2161726978305483 0.3530163285379913 1.1674883191740073
1.2044423778008893 0.33817604385404854 1.1699679487521828
1.2072629916205642 0.3548790389289066 1.17161623844768
1.1969028054642146 0.3548489701690543 1.1616298724518948
1.1884998601310264 0.35469000944981555 1.1737005089074346
1.2109637812457215 0.34276430547712106 1.1671090582274877
1.193129748188062 0.38303035554938936 1.1663945592721323
1.191546599318244 0.37933119432751927 1.1710396604605948
1.1948654315263487 0.35680425280084854 1.1614493550255078
1.1965774726659948 0.37936624223142285 1.1675985125470163
1.1756651081884861 0.3756730263347583 1.1581870910230991
1.1789148503189302 0.38178762963417356 1.1730052855444528
1.2114701763025217 0.34461340386310385 1.168817356401989
1.2131508717054311 0.34989835331361374 1.1674168075764535
1.1704954243991446 0.40005281524727343 1.165613778244188
1.1912677567551615 0.36300583644942763 1.1605569366530484
1.1839840716094634 0.35328589437332014 1.1737723074518545
1.1920125975787448 0.371202497367909 1.162001230457689
1.1994946816307261 0.3724726985351191 1.1649977106275686
1.1969643206390996 0.3626913487084957 1.162222917959167
1.1927941422622992 0.3697327631504337 1.161972092189853
1.1727391794092457 0.35074483295398357 1.1606999851896562
1.2114460123988242 0.35280296018038426 1.1697061960533157
1.1998317494484019 0.3716701671244757 1.1703984285049256
1.1839128263054954 0.36708560415758634 1.1594743568727917
1.1842640356138574 0.3895914083374593 1.1686244989997336
1.2017189644526354 0.3666448117515649 1.164512368011844
1.1750756624432959 0.3728356065629112 1.1582526913410662
1.1735663846972295 0.36196380215146373 1.158492708394004
1.1770165702728947 0.3682562363497346 1.1742282850786911
1.1880657999485147 0.38567280186840786 1.1676846327142574
1.186348666674206 0.3451442120687759 1.1635888941347083
1.2036118710714423 0.3527467944924325 1.1714539306083505
1.20934873230686 0.36095598421771946 1.1668517299530157
1.1758101935576308 0.345810006576095 1.1631528977910293
1.201218846685289 0.3691836994190142 1.1701152506228596
1.1618541502739717 0.3661147598521746 1.1572143659348137
1.1892645942435598 0.3833971451559976 1.1678422497713021
1.1954395392632524 0.354873574496938 1.1628328976510827
1.1799801115087147 0.39129224213500424 1.1661009651418572
1.2047748080732572 0.36134147097523367 1.1652527000110982
1.193173656645297 0.3549691109386306 1.1624764427733638
1.179005658810995 0.38827244281843537 1.163788357809767
1.1800464108075357 0.382025557393786 1.161710020715253
1.2067621054333393 0.3485499048478288 1.1665121429444847
1.1887446869699057 0.38184591949506513 1.1700654635767367
1.1673031952657755 0.3891723434970779 1.1597644199327635
1.207054444884488 0.3565414417620981 1.1700193387443156
1.1721923760460058 0.3636129678068548 1.158836189841833
1.1725081298196256 0.3959652827935202 1.1654080265506317
1.1737151315956782 0.3491160809395087 1.1735389520465622
1.1776918659736313 0.37700625424305023 1.1597569279084468
1.1799488381256509 0.35572089105225974 1.1737270228120158
1.2086805692333342 0.35441983007159783 1.1687094897807215
1.1850569311640882 0.34860293551554344 1.163216728318641
1.1861123057374265 0.3422155916890356 1.1714148326299596
1.1694377757696568 0.3983850424470034 1.169105497789924
1.1859128176737004 0.3766121982159993 1.1718682994216525
1.1759028028013683 0.3642106534324297 1.159352233440391
1.1947768212337864 0.3641113330731482 1.1632221225595116
1.188050836130253 0.37297252765139854 1.1625204565484186
1.175639604448143 0.3774450230378008 1.159730887644124
1.16399518778899 0.36984520661125586 1.1577284889825739
1.1831807114735875 0.35187804813141726 1.162454591689967
1.1851797752686843 0.34072971193118334 1.1706956146362353
1.1878759899559095 0.35631789110134016 1.1728811331006934
1.1653784800643474 0.36796473788728407 1.1580948204779455
1.1734585144067444 0.39438300882741123 1.1656117042528846
1.1962355643729359 0.3503823064621678 1.1716694860251475
1.1731552096590014 0.3662873602898776 1.1590764510652276
1.1764237472490513 0.3704428675759237 1.1736856198998993
1.1621922945033503 0.3729177024089544 1.1574881577985516
1.1808144081593996 0.3447259282623719 1.1648498772254021
1.2041720429737506 0.3491162436941936 1.166831612468051
1.185421036636129 0.3535270110433097 1.1729039290888852
1.1946643475021967 0.3610422196990149 1.1718121744264351
1.1743342549460971 0.3909924367635778 1.1707010010349141
1.204790609174984 0.3556543678435089 1.1681311751576546
1.1930135167423706 0.37368877170587184 1.1652077212336351
1.1633118981807342 0.37960766719323047 1.1582745998651143
1.1968437016595814 0.3722875779862133 1.1685558642557843
1.2011239279312367 0.3503500887109268 1.1663317696254958
1.1787057277402386 0.3665137619022589 1.1602930212788718
1.1660058926366346 0.3713590596482929 1.158552096337982
1.1702483511275257 0.39537808781607986 1.165614783807957
1.1861546560776062 0.3795241424269588 1.1705913820852896
1.1934429434037932 0.3647081733033026 1.171418803468155
1.1876429527239072 0.38092691278521634 1.1684358868946454
1.198572796986683 0.3620205466981962 1.1653934447282799
1.2025286237305097 0.35658979119360035 1.1677306654561788
1.1854142376731913 0.3812025757590656 1.1655492538581271
1.1667036169553815 0.394131345746159 1.1635201677451459
1.1695100809556276 0.37455052729007726 1.159398384458598
1.1689748358468395 0.3595020140384449 1.1603142012595864
1.1757350474529584 0.3721723664655354 1.1603839101212645
1.182865129188322 0.35020480552805866 1.1641476960152137
1.2011537045063878 0.3541435521251381 1.1691004860870062
1.1811619100688011 0.3482084759906911 1.164824617147848
1.1709420649385462 0.34414941625728274 1.1659695825474874
1.1872076345460312 0.3436935142501547 1.1690524805995435
1.1771981653151298 0.3602580158662686 1.1618560218277598
1.1974078421329315 0.3640692331355531 1.1693776375390184
1.172148177955905 0.39255227633368145 1.1682911145765695
1.1932101098434635 0.36675578616842996 1.165252853049599
1.1866081475220893 0.3791562227015632 1.1688398251644125
1.1759578082330404 0.3808328626222833 1.1628458252785754
1.178455056996682 0.3577343166316051 1.1729360907529456
1.1893026744482649 0.37060211132556214 1.1707256595232773
1.1733918297535575 0.3457816050770495 1.1657885290873795
1.1806834669849366 0.3666824824664907 1.162403105900112
1.1655872564881995 0.3860846151958261 1.1615483297455893
1.191922992381133 0.3481081799683949 1.1694580110293635
1.1869954827558902 0.3763892998088323 1.166366910287493
1.1879627756080575 0.372732231640588 1.1703596148268114
1.1708835163200098 0.3725787784494637 1.1606688970447123
1.188225794961511 0.37471102475482104 1.1690649500407737
1.1792239271200606 0.3847070447903764 1.1674532113063574
1.1709671024940471 0.38042445785190476 1.1621794119461906
1.1693968894775162 0.37263794533605693 1.160651578227679
1.1718029557808527 0.36275171273187395 1.1616468188292715
1.1814347333550206 0.38127956687922526 1.166493705953741
1.1867179021346599 0.3490976217332396 1.1665434829212007
1.1835680456156883 0.35215561132002343 1.1651609686884565
1.185744205301182 0.3587732822360749 1.1646676631103312
1.1753801367624197 0.38568162637016834 1.1677106073682684
1.1938963470414363 0.35936997224487177 1.1685925897592246
1.183312036108485 0.37376414356571896 1.17042638699111
1.1899585458594402 0.3535974280792607 1.1670815108578996
1.1720138755378813 0.3489028181081632 1.1713668874015086
1.1684872283730523 0.38798563512062495 1.1647739205948668
1.1670410496404124 0.3641076831980184 1.1618702785329376
1.186939792252386 0.3506734047445399 1.168600019436832
1.1858172208691522 0.3606216446055078 1.165266924559294
1.1697287011072044 0.3631511170458874 1.1624649479545972
1.1770923733912475 0.37097615673749007 1.1637004400364264
1.1687508904096673 0.3902215883060969 1.1684228154433196
1.1879226725676535 0.3528691554225236 1.1684487843226945
1.1811279757213315 0.3493346180779177 1.1690231300155025
1.1723779325267862 0.3758522230259631 1.1633587400250058
1.178190603018234 0.3488869363058264 1.1697205328109992
1.1846828957128637 0.36164551842775866 1.1656122300261247
1.1733642695270232 0.3789239204917532 1.1645557044647195
1.186988124291585 0.3667292966662273 1.1673558746590655
1.1734850366818412 0.3845280012913948 1.167240261001721
1.1746152283280193 0.3803639401619355 1.170224781151172
1.1861619684240028 0.3567992484033376 1.168909829447995
1.182340484295239 0.371233188047522 1.1681397473882154
1.1674697727440142 0.3787174997955609 1.1634251226443264
1.1689064715801516 0.35675568100421917 1.1647150690234445
1.1725100948622145 0.37360603706082934 1.1714786258712044
1.1697082454338925 0.3850207653656219 1.168116186530924
1.165910149548771 0.3868566209961842 1.165649624295741
1.1797686905037779 0.3676582048988007 1.1704892719297142
1.1705461274668292 0.3704863347452362 1.1641294457848481
1.1770863659562159 0.3558202969921626 1.1668439594760118
1.1745125922332085 0.36577716016957773 1.1711626424318577
1.1737149364146253 0.3532319216831535 1.1682138735576495
1.1741817916035395 0.35416272135156085 1.167935774176875
1.1721982435307094 0.36151413068314214 1.17114186921774
1.1776653942780895 0.37092193324769823 1.1680862032879804
1.176727271964517 0.3566057614001609 1.1689366022194165
1.1776280639022683 0.3671604822519246 1.1696548051638211
1.1743538796529522 0.3745204923614616 1.1685826354688542
1.176415379559295 0.3610934335804563 1.168542155353159
1.1703250438864665 0.3585408780272218 1.1681665884734191
1.1697031744526663 0.37165954113131894 1.1677104622972287
1.1691001626085553 0.36975473509410717 1.167182187186064
