s_mu s_sigma
0.43592584358254605 0.22582432969646032
0.2513554361944048 0.21535020214093537
0.39615390093754405 0.23263083778447669
0.29081493713758955 0.23315073333566516
0.43072097373338425 0.17617846104746068
0.3362408539856163 0.2348231776876052
0.2351184406249492 0.1620604648105214
0.2953926337816144 0.22157765455235137
0.23999426449354014 0.16145394985001502
0.2514887658400443 0.09077845897869642
0.24401432870091172 0.11534055608380323
0.24103759605551484 0.1528152118770112
0.39229067634452236 0.21086199986911242
0.26212689969393843 0.19411146790016195
0.4150537945297311 0.17770266448782723
0.3054485444561161 0.21832693173223497
0.2532935424413013 0.1804582692815505
0.3616575793740248 0.09582352523881081
0.37666821738281997 0.10684116362452549
0.25753341836898996 0.18252925618818033
0.31458175998150245 0.0701278510106274
0.302720663028567 0.21067276540985394
0.2637608675618082 0.07749238281452508
0.25609089543688845 0.1746254983590055
0.24762946101045213 0.1361093100824631
0.25398980307672775 0.10181882275138172
0.40431208440280275 0.14412517845707587
0.28629391963092726 0.20183394336266133
0.2697040682614784 0.07186355800350017
0.4028054134145253 0.18118618759485489
0.27102697613846916 0.07171786953282441
0.27746770992541375 0.06794717321930849
0.32403618943824725 0.21021647299150328
0.28676512335183735 0.1981389826178166
0.25831367583968406 0.09662590118634647
0.40211335378046803 0.17352633164460418
0.3680633490566939 0.20342546844811268
0.3201175107889294 0.20664473732839733
0.3931377174341685 0.1323634521663459
0.2918307679468355 0.06775485433521278
0.395011550090731 0.18201156718171363
0.38042381180791857 0.1951838269052645
0.33790828666508554 0.2064520590916792
0.25635716604820924 0.11214751898484193
0.2548876995689301 0.14849331947032296
0.28674407581026695 0.1930007359586379
0.38932101033742283 0.1283366990250669
0.3924294478965812 0.13298155366931905
0.3811532961265887 0.19356452004703206
0.313104233109382 0.07461543873050556
0.2648029149278689 0.0897449712800627
0.3315968572871499 0.204176569442988
0.27479001245764145 0.07530903499936391
0.3123910789338868 0.07466781545846063
0.25794276090335644 0.15291662825783292
0.25580815700494397 0.13954101561828228
0.3309476003793916 0.08376544589102705
0.31690902534500526 0.07731928783903223
0.25892702718460786 0.11437305521529512
0.39602852090217994 0.16524358594782465
0.3284209083348572 0.0834463903216705
0.39021826703593276 0.1361111869031249
0.3573774408721631 0.19746259661841198
0.37319658929743266 0.11492028347566935
0.3915759236787839 0.16991646692064963
0.2862151540904449 0.18377489868749086
0.3186045606656041 0.07963351614123323
0.3913932993210869 0.1418833501487618
0.25948916214647627 0.12874923481720765
0.26348995425982463 0.15484964656281133
0.3408660270379305 0.09147528459704347
0.26186707042775687 0.14943479586679864
0.2595818839098 0.1310634888486583
0.2736205688103728 0.08285747023896493
0.3201024097659306 0.19648361421567534
0.3226595091946483 0.08180864678632205
0.2623348023730109 0.1491239927081082
0.38619972973009054 0.17644762652482124
0.3258987490662785 0.19675455220508423
0.3807151630113075 0.12525055075949557
0.34989322503610903 0.19536915226864224
0.27141681150119007 0.08836000858101417
0.3758487595169509 0.12025280901448669
0.3321812746569693 0.19565754866956367
0.3913777348156573 0.1541150497818729
0.34940859024050414 0.1942590411495043
0.3543214687903913 0.1929271037743158
0.3310509501644033 0.08724200320138227
0.35093315308173256 0.19349833431238475
0.3667038208065648 0.18837753107311794
0.2673726135463792 0.09965039232452017
0.3401882381169109 0.19477575320646262
0.3667452894583324 0.18831191160803926
0.26466963954922307 0.1489941415291992
0.2686383293900778 0.15877994179687874
0.26873624936022633 0.09671321178454122
0.27832315660849577 0.08119119363153059
0.39026840609387 0.1529040202985732
0.38652752707067123 0.1696916869527964
0.3693522507062575 0.11484421421044573
0.34022671759787193 0.19362409389636462
0.26327906063865236 0.12193393118422524
0.350132406583371 0.19217288839056867
0.3664333850167256 0.18644654409657582
0.27334091247035663 0.1635616422695839
0.33020256520053076 0.08788966832227893
0.2644530865054088 0.1394851346926199
0.28397114083693625 0.07867126302648289
0.3761098831201726 0.17921819054701613
0.2881430116712619 0.07709537033474227
0.2782877192216153 0.16849102952732153
0.3879521612262963 0.15006090721349027
0.28246226865332585 0.1726103739322213
0.383784837865032 0.16929516447723125
0.31638279507010436 0.1898085345371226
0.3695712660780083 0.11689358099926431
0.38453828034569393 0.1659710663123105
0.37412043844734166 0.17833880806268268
0.31927727427202185 0.18923269349186728
0.3188054524740892 0.08330739499736219
0.3320200429170538 0.1904741911264415
0.27370731641609203 0.09247551657775278
0.3646101149640216 0.18389180494060553
0.3646101149640216 0.18389180494060553
0.26558299774723837 0.12389109774935966
0.2990529933604513 0.0776953349261059
0.3858966440064023 0.14718498413056624
0.3845979122650495 0.1417240962527203
0.373703321460453 0.17785900069828903
0.38583985352229133 0.1483837612143133
0.2813484505008757 0.16850042540653762
0.3481181921656409 0.10011467193964015
0.3851140475133139 0.15872112494339322
0.36979058956610494 0.11846610755567763
0.33529188924110853 0.09221468209159647
0.2781141245159887 0.08756110605903877
0.2744644458545137 0.0936721606841964
0.2707512111588094 0.10281520977675537
0.2670737654491429 0.13541550313015804
0.33140585283710383 0.09042704536754269
0.27112143929001375 0.1503492152425767
0.3238327164612456 0.08691083768699204
0.32949820716789097 0.18757698829153766
0.3721249531359713 0.17569879130440605
0.3160963246892036 0.18535307398671752
0.3047003058099622 0.08014899590108042
0.36324584477406896 0.11340147470731272
0.30829495942714086 0.08117804893601709
0.3729665344797748 0.1741892292261829
0.29715581288868 0.17756471470759838
0.36511157728569166 0.17963390729842274
0.29892049072258997 0.17840627458342853
0.3717119028460873 0.17496024948329217
0.38189570914633825 0.14178725178441515
0.36936164332055793 0.1766823571441814
0.3647798987079285 0.11539051918781973
0.2999930376656887 0.178540013504406
0.32700354856614006 0.18619927339418585
0.28118401331528253 0.16382403647931956
0.28089343015587304 0.16333166803838564
0.3726618755498799 0.1732780706209976
0.3118977131004671 0.08281809463490443
0.38240862688853683 0.1488684753007943
0.3747155367898161 0.17033508242081374
0.3628543346871384 0.11426243789269593
0.30463537578260697 0.17953562173319434
0.37974074503764726 0.14061209943652267
0.2821848631882526 0.1621339789779892
0.3558166177025339 0.18075358886834628
0.37405445805650483 0.12897169616638862
0.28600243494712163 0.08498778266369637
0.2709979567340021 0.11476189479611433
0.27547591072566974 0.1509324544042464
0.3783373409994862 0.16073338498405138
0.2998964304574766 0.08165288982815865
0.3542727586820464 0.18071331107495908
0.3669981240743654 0.1200624853319066
0.27581124624483216 0.15042113366026566
0.3321347424399956 0.0934104754000846
0.34191556697040726 0.09927002686611144
0.35484057599752716 0.17950410157560415
0.34382700566006597 0.18218846658007376
0.3318083187648499 0.18290851554249016
0.3318083187648499 0.18290851554249016
0.3385104814743026 0.18272537341445566
0.34152452595471955 0.09923979520814755
0.2713111157178443 0.12906771509689083
0.2832073294725924 0.0893233839224951
0.27274063014546807 0.1388013166683462
0.34632887691802866 0.18116061532559352
0.28309313536951 0.16002911093805905
0.3759579627549114 0.16126979688609497
0.33147448052663814 0.18212527427700845
0.3049779338353491 0.1761443529748162
0.3354508132035016 0.1820689886807037
0.29851517540434114 0.17274354754340143
0.348252342272505 0.18038610521084078
0.29674156471964686 0.17143435038545632
0.2723737273754394 0.11847823024912799
0.35680673391387974 0.11136863039147195
0.37796320256935073 0.15165948888939965
0.2753003751705067 0.10542898135735294
0.3112239334911098 0.08516804759590137
0.2794015519853285 0.15326653176861207
0.36889934938731755 0.12458522430037874
0.3406780069124781 0.18099470546804153
0.31287740225742905 0.17829212834968114
0.34121801378603167 0.18088673754800635
0.27986416531328184 0.15358345542888
0.2765091783882765 0.10326250689383537
0.36945264600299205 0.16772469458613445
0.33204911291348516 0.18084159631011737
0.3142099742302963 0.08650110685419375
0.3685843132330035 0.1684587741866921
0.3701127606728923 0.166809011031876
0.3182540015329985 0.1789049823272831
0.3230650624255988 0.17971426624518147
0.28578513591147814 0.1604413659939905
0.3184770956885554 0.17883311563836504
0.3647838447498873 0.12044272866980663
0.29570800403015324 0.16877202988753728
0.29344175732716093 0.08512023469990314
0.3387477566307774 0.17968718052751984
0.2775224335261053 0.10274125168738071
0.2750812875498351 0.13837599124623856
0.37004622265672743 0.12851357529761048
0.37511749157544505 0.14058782633077038
0.3236380380763452 0.17864240799945996
0.29468315012443685 0.1668804348251733
0.28075129009587924 0.09741933581493484
0.2790344299296321 0.10092217608978506
0.36405528567768364 0.16961843067770932
0.2865755429578837 0.15878702585986304
0.3461618295944422 0.10474951379194511
0.34541362370462697 0.17726790229959496
0.3401768245361996 0.10069558287757581
0.28211850622095913 0.09612817388796366
0.2857958680880128 0.09153856527419096
0.2753265200766175 0.11702026305247837
0.2822236961429791 0.15161342742566702
0.35094530273811403 0.17494785491070802
0.2752472733154563 0.12923362538224323
0.36984578348275543 0.16156772028030664
0.3648450329277548 0.16716425154296116
0.3419888844679369 0.10238903023763042
0.32401732495127855 0.17682239868751995
0.28911087619175013 0.08978679651859327
0.3611488988018445 0.16956236453496668
0.27542492789113004 0.12645620422671752
0.37279485965738896 0.13905415756219328
0.32263273040136053 0.09178055251598703
0.2954076632579623 0.16486025612124078
0.3733684722114418 0.14423273110075097
0.37303787744328415 0.14212602849167147
0.3622099524097729 0.12061647263623569
0.2950854369326226 0.08746868553519399
0.319967870112785 0.17533075583518012
0.3270243571105365 0.1763572416558475
0.3657423536959635 0.1254785082338109
0.33309277892848366 0.09747245891262594
0.35235198459720046 0.17294432724452097
0.2820315660350461 0.10002667624788675
0.32226969729320215 0.09226827900774741
0.3335620028981077 0.09809304212842661
0.34997831262946444 0.10938645696288014
0.3317376098792119 0.17561886125462078
0.2781738988829567 0.11209814299098451
0.2847974957448866 0.09657374476183284
0.34117734559675233 0.10311967986087507
0.27838217074404364 0.1361403711753141
0.27707843026741397 0.12554678996497753
0.3246990795332828 0.17468595945391213
0.279992499925203 0.1412496219367161
0.36174347118932487 0.12174977029325525
0.35567736664016003 0.1697398882504561
0.29433814153040483 0.16153836431074356
0.2775984500300799 0.1281212185052671
0.28758591673736983 0.15413790990419907
0.27757654390220404 0.12406548430180113
0.3510876259479268 0.17126544769983765
0.34723097450313445 0.17236459541462518
0.3485805353995394 0.1718626539647461
0.2920229886324743 0.15848719407082293
0.3137026895926044 0.17111313334757247
0.35526315442237294 0.11540801964687411
0.3338466920641932 0.09928209700468993
0.3155768703506498 0.17159407024006088
0.2800209485595514 0.1106784208262187
0.3231913122403316 0.09402949750757074
0.27896214740049463 0.11741795948343475
0.3644508016348292 0.16055986374953818
0.2924200135712652 0.15759976780573243
0.36507922172890844 0.15920686435788595
0.3644557808469901 0.16000913951027168
0.36959103428047074 0.1429049738143643
0.2798143595832052 0.11392894153361462
0.3496934700520729 0.1699321112327166
0.2794716420221361 0.11772046329922939
0.31154628861462985 0.16892703810777507
0.28851905304513914 0.09584584023739662
0.3039104062340147 0.16518157362573826
0.32971277901650403 0.17226778330055803
0.2889388657441422 0.15232369592465841
0.3553051278430506 0.1665179602261529
0.2831801493809556 0.14239950157010664
0.2803646130443715 0.11468769172821408
0.2906092236630017 0.09446046709498604
0.3162340039265192 0.09223872370525464
0.3527456202517321 0.11450417484421035
0.3335380824949823 0.1718955372356526
0.35386407431844374 0.1669035328904725
0.28342496026498126 0.14223090769605806
0.2803965057727988 0.11575288311300855
0.3151309919997542 0.16908880016672792
0.3586650092499712 0.16337058752189637
0.281947713284253 0.11006681285197054
0.28055260396868015 0.1304672213296926
0.2902718407779482 0.15276059408889697
0.3645563435375903 0.1304919262293623
0.36651015478037596 0.13519276171215527
0.367553238203265 0.13937382611468557
0.2824528949977756 0.13800820681282022
0.30603073330720615 0.09062416023553575
0.29246664503869435 0.09394066721648184
0.290909257031011 0.15298663476040017
0.28768581933678944 0.14842257507376896
0.3232429404569842 0.1702756456061919
0.2903414199840284 0.09609485532336536
0.30699285625781886 0.1650628390130117
0.2819529526096502 0.13475190908765622
0.3428934776909837 0.16952877985189804
0.36512705653164645 0.13334866060556722
0.2833757726987325 0.13897257492414283
0.29439545188383653 0.09343597236064924
0.355014490840859 0.11800177107661289
0.28185159584097313 0.13290477624617478
0.36662444587573145 0.1485658766618779
0.31442807189167366 0.09269131129320443
0.3235433069343685 0.1697535808388843
0.3026758397803808 0.09129009578541998
0.35997000938543594 0.16032600173796396
0.36374045204923267 0.15555211145493228
0.30917486342627715 0.09161291492004428
0.3250521334913235 0.1698236641656234
0.32666747104314187 0.16995766196691023
0.337647539016985 0.10390142118646219
0.31558197601642474 0.16771159138386713
0.28378407682869955 0.10887704238494407
0.29741174994355113 0.15766590228421867
0.34577861087874473 0.11010581346967449
0.3658639549706983 0.1390481923269458
0.31595726094368687 0.1673093297770713
0.3521418783021949 0.16490385244018455
0.29224270538453256 0.15235364357796824
0.36428766185122957 0.15229915951753903
0.3061529901848714 0.1630983317969849
0.3646386059969695 0.13522816315892436
0.28251276485915916 0.1311752396032875
0.3653389855642062 0.13793582854794487
0.33243578757059916 0.10119241471843725
0.34542598167947347 0.167296846523824
0.3642553657710487 0.15132678086061113
0.3638777562576569 0.15220677212076475
0.3173301940946744 0.09442730950268673
0.36540785919448876 0.1399255141057516
0.28599282972309575 0.10550553563435573
0.3497529900533098 0.1650934727484554
0.28654917951670084 0.14226174668584834
0.2900758804478531 0.0991503804351436
0.28251924397148653 0.12410264354613178
0.36249648724701816 0.15342146803879578
0.30140059151056053 0.15917210123039696
0.33135624870349717 0.16837515497966157
0.35057899564904244 0.1153256316312699
0.3632820788756913 0.151414961247346
0.28770569910127136 0.10321706421882809
0.3490644169910349 0.1645744251390771
0.30056794480509635 0.1580996157913081
0.3051192035509348 0.16096288805777811
0.2942981011546521 0.09628143788529388
0.3595310786434695 0.12677452577090012
0.31839581870206096 0.16620826165647543
0.3173339377408347 0.16586746434381294
0.3233215977840522 0.16705127564550762
0.28340317978639323 0.11991113911872038
0.29710169594519287 0.15470499749523817
0.34932021440942285 0.11475197429329652
0.32815677776659163 0.16730841211671388
0.2851506440561465 0.1350667068234087
0.32703043753372174 0.09952846028132384
0.28459221615617014 0.1325386190567713
0.36299983684448617 0.13636455641483414
0.2838051722197352 0.12062997771694474
0.2842306076335618 0.12977529542802907
0.357046571299172 0.1579301047176612
0.36235868157083867 0.13469146891798078
0.2916505332483395 0.09981337674344666
0.36002074445626514 0.12917683496113436
0.3284295327711755 0.16680877608574052
0.3626069394529069 0.14801980987913588
0.28646403942244614 0.10892714015783307
0.28899876087717813 0.14309424879894805
0.3429441082398022 0.1652146244383979
0.36322568124673266 0.14336209243041395
0.29300594909622424 0.14892219891083489
0.2879001241319517 0.1059482839057367
0.2842618845092234 0.12105376242272063
0.35686395995558506 0.1244693393786323
0.31543996212454617 0.1639755703796604
0.36110723453640176 0.15095901113079674
0.3110295298840526 0.16217786671255405
0.3346517390907396 0.16614866878339113
0.3285320115362162 0.16619973511473937
0.3283907815523106 0.1661741488371015
0.35940430971422943 0.15349553334847768
0.28505672750499633 0.11752286264301028
0.30609371670124985 0.09453539288148036
0.32320119717987034 0.16530492184534593
0.3617068872307734 0.1477642330974008
0.3613946003138403 0.13494962067045163
0.3517727950827819 0.1187539422375837
0.2906926906228091 0.10271052125189196
0.3334172986901228 0.16551722561212404
0.3582506021264373 0.1537239444446358
0.3410494886070098 0.16430904694533466
0.3139220335190136 0.09582372379062318
0.3616464167123916 0.1454667558733495
0.30790450743995623 0.09499432337259693
0.30362195510039564 0.15716255909994006
0.2852314685823971 0.1250325657172292
0.3104439313270125 0.09526335356679602
0.36161069615369995 0.1451052573779282
0.354134335459774 0.12213493387834369
0.35928559819597045 0.15169053272200053
0.29428291252292854 0.09937307618829334
0.353957022410645 0.12194745445883817
0.31408057096545605 0.1622030919705173
0.3443744883320739 0.11216810919038357
0.2854308859006789 0.12107355887429103
0.3462184514090925 0.16229151987760745
0.28573503230865005 0.11836552984258457
0.28697465147588985 0.11214060616811523
0.3595834347274965 0.15023814853861697
0.30612354134500247 0.15816697300862198
0.3556137255401561 0.15575317293273583
0.2858724291380299 0.11873115507669918
0.3224957928643956 0.1640922445959348
0.3533278140600696 0.1577941383107801
0.29891092291458193 0.15264288544519075
0.3610337506734698 0.1416257206350065
0.3427947212156797 0.1627216468629293
0.33640537306667895 0.10671211647980638
0.3222775349453073 0.099192609310581
0.3561101518745259 0.12619180645241213
0.28813028064629825 0.11050746180991614
0.3032732369424028 0.09616525819331224
0.2943954948209682 0.147170070829301
0.28662167989665926 0.11714494901270904
0.35869364458362113 0.14996747307142738
0.2870344620324848 0.13079512771046684
0.3219186648010015 0.0992224717276149
0.32020329024521377 0.1628637138236586
0.34587126641315985 0.16116344736672203
0.35616525756713613 0.1535896716029649
0.3540815127193971 0.15583233335226632
0.326550971316743 0.10135022941930727
0.2889880398604302 0.1091562717734911
0.35538885449134017 0.12561700429751652
0.3049499526083637 0.15628843519740265
0.28657041581388437 0.1253720029227896
0.33224315495479484 0.1044873497433597
0.28706639609062456 0.1295264458821458
0.3389644681845645 0.10893351943295096
0.33682990673362706 0.10746500317179877
0.3168781354855312 0.1616478632296786
0.3566947010402123 0.12829519445561136
0.3285080458269533 0.10256338256246575
0.2961907472894773 0.09989476690111408
0.33104802755552737 0.16347041742132432
0.35904707309396305 0.1471014921382567
0.3574871447572825 0.15046591673574083
0.322769413599274 0.10001062604951845
0.3204601383891526 0.16220866608200943
0.30338254827651706 0.09702821959181053
0.287984876084784 0.11485467556597735
0.2925363151416469 0.14255893929454955
0.29148585978985847 0.10587637277471468
0.2960772806390786 0.14751024738248217
0.3579981782022585 0.13236509358515766
0.3589503698679818 0.13574883038384192
0.35684722215266845 0.12976792227426864
0.31167895979047494 0.15891926401838902
0.3431839503447969 0.1608269764984411
0.30499425678475356 0.15517730023793858
0.3416510780880782 0.11177611883751702
0.2915962995572909 0.14003638152650738
0.35837816913793946 0.13486103908153488
0.31831893523226085 0.09897247382944209
0.30442452447841284 0.15438537730792198
0.28955667171142224 0.13468142153576468
0.2936897372010674 0.10372386040686213
0.33034470728609333 0.1624477370594907
0.2952679068885542 0.14557043809652295
0.35804974314657795 0.13424937722067098
0.3174581110709378 0.16034367239450836
0.2930049364517717 0.1049994989927419
0.2927025809510632 0.14122890550472983
0.35685414149113903 0.14845381333582405
0.3574887241085289 0.1468355769003955
0.3236858429973805 0.101238652116863
0.3318195504183287 0.16201629978517926
0.357425236217537 0.14687581285901183
0.3054595727360536 0.15454395599234635
0.2891401408966281 0.1317066713931539
0.33380099919066797 0.1618451966959067
0.289567401240254 0.11272553237426346
0.33002674641402524 0.16192402051515706
0.3161549635812023 0.0987480705321699
0.29490315646504434 0.14413578120704973
0.3175588553253485 0.15997021841590187
0.28892710829846585 0.11592575078943558
0.3313033561102391 0.10528335715722355
0.3141369259246844 0.15864658120626018
0.3094645075174682 0.09788298020823975
0.30411196596660606 0.15315821376770053
0.34117492390472753 0.16000928991005609
0.32549382885680544 0.10238273960033065
0.29451399928428135 0.10406411777630285
0.28865338160179976 0.11957997686000833
0.31186230663988745 0.15749710220976337
0.28913905944980867 0.1293933657969506
0.3225941315300129 0.10122927276473671
0.3011483341390985 0.1504975954868796
0.31043233089493943 0.09816285683128322
0.28865155627804245 0.12352290694495364
0.30370435737078694 0.15248634265624428
0.35367124706435227 0.1264951051401749
0.28881200473137225 0.12567991141420326
0.35667070212026664 0.1463899423413586
0.34568852964333474 0.11656652391935138
0.3090932218323503 0.09838447479600355
0.29941670249848984 0.14828326370491446
0.3573167915976604 0.14147710280547196
0.3078565419206848 0.1547942529418041
0.3254768207435797 0.10289810049163375
0.2978269106004148 0.14621178438684584
0.3365454345739604 0.1601299108541371
0.2896900926741229 0.11749674515145939
0.311888959699753 0.15658587592361412
0.2962334333002378 0.14393213412833056
0.29389837614600556 0.10644387855111617
0.3031318553127119 0.09951736391966702
0.3088741433220303 0.09889334664828911
0.29478633442978724 0.10564447626913927
0.3005005789377698 0.1483976321248231
0.3504035373750335 0.15332241985549117
0.346951438120927 0.1557002542783041
0.33611463703243993 0.10953138511570595
0.32881976095128135 0.15998301067958187
0.3120587825347705 0.15603491796151683
0.29582599567738516 0.14235797905028544
0.3019795918006349 0.14939190866887578
0.3540484743145392 0.12977591862404564
0.3412635435711468 0.15793923074240324
0.3204013603504578 0.1015263243701229
0.3530077158141574 0.12783962126546702
0.29153346984122136 0.11330446157844525
0.3136209626605701 0.09986108411192213
0.3113400344852682 0.09958912358982067
0.3500843381079359 0.15256829015366696
0.32025016085115404 0.15837921656963982
0.33624459546702745 0.15892889083284403
0.3088448983077997 0.0996656060377709
0.34698534445877266 0.11969293185449495
0.3439888697476049 0.1563335857989759
0.3107469551476014 0.09981852841752509
0.29952367578711475 0.10258627202375332
0.32499822097312325 0.15888226031145547
0.2969295550601248 0.1426361617401441
0.354691741750336 0.13332948713647963
0.3265040540254533 0.10449027359245104
0.33025705759604645 0.10652753156301538
0.3489670479772295 0.15267653766776826
0.300095959969352 0.1462629531943582
0.2988902316274759 0.14488532161858528
0.3031321226957943 0.14913928030111645
0.3492182763401469 0.15224121609917485
0.3267027706642644 0.10478973984464499
0.3032870238389741 0.10115138030807068
0.3479773485370207 0.15311628705122046
0.349971225156253 0.15129153584030738
0.3053387172504755 0.1006845827603701
0.2972881753619001 0.10533180949285521
0.3327400870287102 0.15835262894091273
0.29442490008218825 0.13715786273353733
0.33168801642377144 0.15835995716745793
0.32186090027361874 0.10293292796296798
0.31961262680489105 0.10216946010703133
0.3546400768575624 0.1378818363467912
0.3263806738657025 0.1581384061111079
0.3194276028265317 0.15689329361018783
0.2989184247241949 0.10425456683871878
0.3394565679790612 0.11351816904165668
0.30006377027405684 0.14494713326480146
0.3260379757556537 0.1578283980192953
0.32206716463970386 0.10339070492528439
0.35348973391752575 0.13344960991799062
0.2951292150357846 0.13721129896972883
0.29308515034390603 0.1318297238152141
0.31831139213392207 0.15612322118010324
0.3540854427140766 0.1387996097730639
0.33524625208202335 0.11057395411882125
0.3311225129968627 0.1576138723525384
0.29300121403517787 0.13108514779092734
0.32583511675031546 0.15743809363431738
0.3377725645079361 0.15654818941089532
0.3527497224472799 0.14463707579267077
0.30102425085890455 0.1036151724685549
0.29225833914081356 0.12091472698376546
0.29297231222473885 0.12965899967569047
0.2934459734316873 0.13149869352225826
0.29272756468804106 0.12801604281475537
0.321330248720615 0.15634759832816894
0.31139766077800063 0.10154215941639821
0.33541760919106967 0.15640119049215476
0.3484975145913415 0.14991303481978102
0.3112800667160252 0.15228970776633646
0.2927523445034224 0.12087863183782267
0.293220791375627 0.11729966275352181
0.32724388418724926 0.15664119487004075
0.34503133448692574 0.15233894033047696
0.31158375414352607 0.10189298137878067
0.3221621576118619 0.10433425242078138
0.3256870409828834 0.15632912901965967
0.32134351499738445 0.15558819084958744
0.29504796302476244 0.1338367200541342
0.3077478609317143 0.10232863585444872
0.3296543243508437 0.10806858961054325
0.3185640322776759 0.1546549675092616
0.3109685687172936 0.15147630197962603
0.34956676615685345 0.12732100358025397
0.29818274045962606 0.13959423405888988
0.29418272654634037 0.11570137008957007
0.3517266361000616 0.14266698650116572
0.29600603491117594 0.1353770210266346
0.33511393193811956 0.11174351568267406
0.31619926627132966 0.1029650985163012
0.3081864820543753 0.14943718642102718
0.29448160007401014 0.11559487477451327
0.295263538838475 0.11338668945379328
0.31841604759693387 0.10366283292214902
0.2944640944751054 0.11634300723404184
0.3024974371671327 0.10478861410672306
0.3467079697809193 0.12357136975361956
0.3073282290432956 0.14842122492469106
0.29541275007620427 0.11377623626634104
0.32363566226370805 0.15499639797314016
0.3157077898579987 0.1528560424404744
0.33272022806212864 0.11059594515230095
0.3224696740559396 0.154703653680911
0.2957734339165896 0.11347502038720834
0.3059975823960645 0.10367004297458603
0.3229537382310212 0.15465101949378215
0.29423019893402874 0.12160496325574627
0.35088210766568073 0.1413705879172515
0.3471505762146561 0.1248854536756397
0.33480285001573673 0.15451651027473273
0.35098778991506585 0.14039291159791284
0.33033452221544024 0.15495273629077025
0.33979735227500646 0.15298879228637158
0.29444102042734216 0.12540354855864896
0.3020990148049353 0.142916835160811
0.3148212227183729 0.10356044936884982
0.3071632234233041 0.14753518839766722
0.3344463057197966 0.11221974308126625
0.33722381767991366 0.11461011745408767
0.34386171388449277 0.1500772846255309
0.3063645279222374 0.14632240985706252
0.3219516435440147 0.15361710587050256
0.3029100292252393 0.14295362643865805
0.30260476809026193 0.10624518041241081
0.33559600416155555 0.15350591095483662
0.3064443978995243 0.10450050246494787
0.346731452455641 0.12569030580295024
0.30313646563020985 0.10619296153680369
0.3297552808286996 0.15396669804541788
0.3500270128024289 0.13519874113797833
0.29872085751677974 0.13640092970935894
0.33577125328666435 0.1530558062856748
0.29547535531463376 0.12520604179935704
0.29735669955767546 0.13322142601335044
0.3492186503885464 0.14184264041145367
0.2958572302893682 0.11841074136618038
0.3088074105073887 0.1474202594778835
0.295694405983015 0.11994785174720214
0.34352091721817596 0.1491978351369087
0.29928779475516826 0.1107018961688565
0.3486251104197619 0.13142245432646443
0.30494251381673826 0.10604485286719507
0.3352381416161521 0.1139645646532682
0.30978425789863934 0.14731990364739386
0.3324966569142201 0.11218823907355856
0.3246823026923274 0.1526687434950887
0.3398267471614571 0.15040327400192227
0.34763378451681676 0.14276614427011272
0.30878949552925905 0.10534438649216148
0.297243593071136 0.12966270325808163
0.31723929468610995 0.10560326664231016
0.3392482610104818 0.1179128508207569
0.3102899199261015 0.14728999652392957
0.29670765641371427 0.12703128903728414
0.3085383776319078 0.14606460280280828
0.29825417959622263 0.13257766795521034
0.3296141006904415 0.15258040902291917
0.30546877617334545 0.1431341830242697
0.34533142620415785 0.14545235015569186
0.2973200108564116 0.12756167722091
0.2987459572235603 0.11419467924910906
0.31965112730765427 0.10667801295626492
0.34803216230440004 0.13797169390190941
0.2974678283879148 0.12752490016030862
0.31703102777778114 0.14990064496116937
0.30509746311775826 0.1074254889381547
0.2985510666373811 0.11522681056192907
0.32822598848525153 0.15187251034130048
0.3390085376536164 0.11854894821797299
0.30368673643832456 0.14033472764368762
0.30303109987723736 0.10900404664592096
0.30072972156701794 0.1360296004346183
0.31064701707913567 0.14649555866560277
0.34768723990893585 0.13399667801424955
0.321605408503366 0.10753154668125411
0.3437561022179286 0.12431783881164582
0.3364658395368114 0.1504372211879853
0.3001425338911414 0.13465337238451336
0.3412385387844589 0.14799917479931265
0.29804305073596987 0.12863871090325402
0.3177741389336263 0.1497223866279567
0.3120420720544929 0.10611825195731212
0.31736626421296504 0.14947276157062628
0.3288060577050582 0.11113608962515172
0.32277168606232354 0.10831584819923398
0.316576585562604 0.14901069888548166
0.33440086085479515 0.15051727442099358
0.3317721029747844 0.11312252739026983
0.3169072469130097 0.14905507183087746
0.31145029441473154 0.1463009737588289
0.34363180256345655 0.12513604160533792
0.2980246898475794 0.12263315819652777
0.32294553486185135 0.1504211255592712
0.3087943308641439 0.14409892368926228
0.3073959353670053 0.10769295916642094
0.34412502614460894 0.14376056972316784
0.34491655067690635 0.14244488537918412
0.3332106403678474 0.15006119852078745
0.30027332680934793 0.13253433200473363
0.34053740871697896 0.12157650606942137
0.3290116215150608 0.11198261047708298
0.3301929071220503 0.15029216582547367
0.31567073530467576 0.14770197175375485
0.34119472337760387 0.14617288746815715
0.3407228728758272 0.14648485714114523
0.345751534086551 0.13165022590016703
0.29927840309182663 0.12840312627944464
0.33801726532757315 0.11914434003995646
0.3136618777947793 0.10730291668211178
0.307861807998144 0.14229277974368046
0.30248533735472044 0.11223811504192234
0.34508547814484636 0.13979317878809083
0.32980058523452915 0.1497015084954178
0.3440900625287897 0.12825088599984996
0.3398594156264427 0.1463864058054467
0.3082954131000565 0.14234335985468116
0.3062587197565163 0.10935695115876168
0.30937134575385633 0.10819961923253095
0.3238420554487808 0.14929043981588827
0.3449597318568978 0.13141609408927776
0.30053196373393065 0.11663860171067376
0.30542728229605753 0.11010402030940408
0.3319146277405162 0.1491457543216313
0.303728992221743 0.11162720881433709
0.33298749241782716 0.14884579991701433
0.31270125822704936 0.14514181730258505
0.3018590623741459 0.13320515011250103
0.3235993679453573 0.14882074676492615
0.3266039878684592 0.1490841492566575
0.32973711470872585 0.11343580542370069
0.3449271018631506 0.1336731028122275
0.3434492573189304 0.1283552884525883
0.30229605089083794 0.13359910727134414
0.3446403489208597 0.13772957507091618
0.3050388302628581 0.13766420119423536
0.3423332884915073 0.14241212998822622
0.3003548199745331 0.1267294706514644
0.31372048692469057 0.14486468764220584
0.3203872777461378 0.10958569546407095
0.30084961733070464 0.11906100061494106
0.3381175738160031 0.121037922193485
0.3376105108790777 0.14585085855418792
0.3107139207645345 0.1426115542495393
0.3128502268732525 0.14406640869982537
0.33873102232015634 0.12192922894186473
0.3265544794741578 0.11223824196712036
0.34413305634204183 0.1350039239729537
0.3016128262820605 0.12982430622020327
0.3095668975861308 0.1415764855100225
0.31869695513061114 0.10941217793209491
0.3286585607575548 0.14809554738509814
0.33813400359743184 0.14524779530122756
0.3282548070555826 0.14805748780368916
0.3334627174025111 0.14722621852198228
0.30387321152655805 0.1345262091671996
0.3417989494563414 0.14135014704425844
0.32562100319121373 0.147841736724114
0.323645139059222 0.11118184828898868
0.30407057264224696 0.11383654630288748
0.3022928063327207 0.1304412539853697
0.3428861386755409 0.13031146752530529
0.30727711658102147 0.11104684671353766
0.3048908843458319 0.13565739857392448
0.3286768725964316 0.11388094891104114
0.3281553470110374 0.14768377581037914
0.3018478976186234 0.12890052257260057
0.34326673247013817 0.13653919542798496
0.3340305479334672 0.11785905232671734
0.31914101605105694 0.14620204475046072
0.34305455943200225 0.13685762680418254
0.3081412002940269 0.13931796606412905
0.34109809569694255 0.14140232474839032
0.3307811823369578 0.14716500442369287
0.30324493538657954 0.13210646888388747
0.3428463164157201 0.13712009850165383
0.33089337135439734 0.14702740748506168
0.3033833196989596 0.11570311294208742
0.30232289971253207 0.11842501641565573
0.3394819809884298 0.12434235251815069
0.3088250574460713 0.13961062086257547
0.31555747699856856 0.10980961537553698
0.3232918438986572 0.11169273834525979
0.3046333477162535 0.11433871515134517
0.334831817591313 0.1455803216689367
0.30293552509536253 0.11755641572951799
0.342129047917121 0.13068452989684004
0.302355019780228 0.1262622657820112
0.33526953628826345 0.1448192532869812
0.34029713410761836 0.1406464866955391
0.3345233713517587 0.11940263666480887
0.30789725858163525 0.13759446697832783
0.3414559393446443 0.1300278529155788
0.3094553363120669 0.11149869701804394
0.32260588002879165 0.14589514773974696
0.32664333128533063 0.14629234164712063
0.30700211913560993 0.13611536469243554
0.3028948117986181 0.12669488564720272
0.3220930530159621 0.11198086112744988
0.3050727027429402 0.11540686493425135
0.3392379294358498 0.1411570840615708
0.3028871426768964 0.1217871510327283
0.3206374227503976 0.11166691326163806
0.34076909469553845 0.13785747714417687
0.30727588045680165 0.1359325886330652
0.31360346513732146 0.11106444187261574
0.3065670810132162 0.134856955767088
0.3187690032088246 0.14423324891921874
0.3093034380279448 0.13815081863411896
0.30330983953388474 0.1211167723103845
0.3276966115185191 0.1455556157536299
0.3346398137877418 0.14390057242056697
0.33970582031869534 0.12768327765426357
0.30336941133037876 0.12204279065624514
0.3362293352712066 0.14276687019949805
0.3387344749921028 0.1404086476077426
0.307404771998029 0.11399491624870116
0.3142298544704433 0.11145868073576358
0.3140039815495667 0.1414015452670491
0.3123012763925734 0.11179696530506233
0.32184026382271647 0.14455839607400214
0.3240934727168338 0.14483910669116234
0.30459338821332804 0.11880317364614941
0.3325833081412782 0.11904271993570976
0.32531324336996337 0.14492665581376454
0.31623555228537076 0.1117934704218828
0.3145615308398496 0.14109191749756933
0.31258341307392346 0.13972812658211356
0.31528114784254363 0.1119989147020544
0.32530665645118967 0.144524569709448
0.3173226701319412 0.14241589563963938
0.3084850308705531 0.1144585696141582
0.30757528888826946 0.1152905224883244
0.30475386645038544 0.12086186560165789
0.3050736116894868 0.12002866927481053
0.33933812764770993 0.13026521511217404
0.31838489485174915 0.1425481156620372
0.3361214627871079 0.12376968883547301
0.3227325990203095 0.14370453414376513
0.32316687234048186 0.14373194184153545
0.3345771781411952 0.14191333026369163
0.3082283610619906 0.11544391738381207
0.3196720516574302 0.1426857871735375
0.3049640969808066 0.12358964334584062
0.32916835698699515 0.1175541122015976
0.3215566131939859 0.1430545906735675
0.33115419239000266 0.14289021325761164
0.30531046561687347 0.12436148327812603
0.3067334978831331 0.1182393552629973
0.3370262702991763 0.13861972751854565
0.32058237904746023 0.11374331935880799
0.3128249276130407 0.11359043891511013
0.30807871952209764 0.11659994171555013
0.3361178527803977 0.13940387966426235
0.3063367280891172 0.12891063649115955
0.3126464912337015 0.13806220656318288
0.31039218628333093 0.1358861019939912
0.3058617624094007 0.1263076670167552
0.3241181625618619 0.11533443438497505
0.3059753186125316 0.12230700248882082
0.3336781195838667 0.14087735770298704
0.33798974604803356 0.13035471920474537
0.3294873604032716 0.11855341001225903
0.33185798498422714 0.12058366509534815
0.3378409429110181 0.1341867244857746
0.3343020562933926 0.1399971078160177
0.31972889906717233 0.11422648744244264
0.3062917013980325 0.1254110741362988
0.3357249922156864 0.13836998589896407
0.30660285221527417 0.12672980700991124
0.3343597551385231 0.13957891427718616
0.3296269662300642 0.1417315192332767
0.3350973095597692 0.1251292783399703
0.31680405260136657 0.11415413785041005
0.3275661228748219 0.11788658925623649
0.33688634992760047 0.1291492059568569
0.31629733881450567 0.11430221519464133
0.33726280588328594 0.1338651749433598
0.3254090729580742 0.14187184840364128
0.32072883426236737 0.14111058571138588
0.3077415542997016 0.11977929582345621
0.33420009341047785 0.13903518941974918
0.3148979579161026 0.11464997967103492
0.3073021645596869 0.121786942266504
0.3175530892144453 0.1396624050923375
0.3301328048510254 0.12015196630446928
0.3072094539281952 0.12595216783609312
0.3187993037628065 0.1148186113596081
0.3071951199775751 0.1234430681070461
0.30737390017863364 0.12276638109259048
0.3163675229421254 0.13873724480777466
0.3077908376065329 0.1211978232930893
0.31272199443946935 0.13598717406087835
0.3131690540182291 0.11555207008369893
0.31816392806641064 0.1394968514663589
0.3333482799233227 0.1386854493457537
0.3077895218644441 0.12272173784014263
0.33528494342319387 0.12752754644645523
0.33597177481179397 0.12953546023218385
0.3121176544308132 0.13457518253113612
0.31436145484885264 0.13658254924267665
0.3148250437876471 0.11571503064391694
0.3357265672425958 0.13382744534272994
0.3107019593908099 0.11793507427318517
0.3164550110984901 0.11569459529282403
0.32202971183920076 0.14001876053418397
0.3325184013866662 0.13821905686008146
0.33560767174412703 0.1319983713153683
0.3350886144492081 0.1347696810584352
0.32135218339679533 0.11643782859660119
0.30980301718719144 0.13035896555810592
0.3157904852413716 0.13712269113408937
0.3352626313388371 0.13167795824073783
0.32041090852912585 0.1391599585166225
0.3099930138993393 0.12022476719270475
0.3128867870073829 0.11740608156166604
0.3191918628604213 0.13839789550261736
0.32026342836355964 0.13879808359844334
0.30944675999213156 0.12208998028025181
0.32588393230786356 0.13953971705329166
0.31946066801868234 0.13834020670511607
0.32994874857859396 0.12223003339970116
0.3333987857672197 0.12705439484936132
0.3265609153694906 0.13921638874828732
0.3105765360407905 0.12973427166852294
0.311208818606924 0.11957087292808304
0.33404655384834947 0.12929113538422968
0.30957163961569084 0.12536980685890978
0.3256067152412813 0.1391269079842957
0.3341733785856932 0.13020469594755427
0.3214031334475893 0.13858764113252137
0.3155478351711538 0.13557570057806492
0.3230330910959252 0.13878469798889645
0.3142901447668675 0.1176717868473484
0.31325567655404607 0.11822128589106133
0.3140087395802021 0.11786069144064966
0.31882173123670887 0.13742705116167814
0.3234576449383775 0.1385905282018549
0.3337332487462954 0.13135208020141623
0.31171679922037104 0.12008210142722231
0.32186205186533995 0.13817578821857335
0.31529391445547444 0.13487231579324804
0.31173910976922625 0.13055930865644857
0.3232095981891469 0.11861350796109761
0.31248515011295774 0.13144219771281485
0.3135739919678842 0.13283826999923304
0.3106504491325082 0.12333387423906231
0.3164028491152196 0.11779103990429265
0.33234513553878486 0.1271449197947578
0.31164777747505296 0.12976165936345058
0.31300328715253484 0.11943511755276981
0.3303861412462201 0.13653044538227346
0.3315164010334601 0.12598012860684837
0.31434561305606623 0.11869869556562203
0.32920190660141907 0.13704838499803676
0.3253774941574109 0.13795610220510907
0.3310350092266285 0.13573000227481571
0.31964357970261276 0.13674639410289824
0.3202248513422492 0.1369719792963881
0.33221296384977145 0.12784931811116296
0.3295395560845261 0.12381610637672046
0.3320387071776219 0.12782284137301345
0.3301958756112405 0.1359845659729601
0.33031297040859714 0.12482914524685429
0.32071764641992995 0.11855817650425897
0.3134477502724919 0.13164164609015996
0.3223263386689936 0.11904115708081603
0.31276693942217426 0.13039923046927177
0.3249316077833462 0.1374274514426602
0.31147664418556137 0.12672031967375527
0.3282618863819513 0.12283249008501869
0.33230166382863546 0.13046766586406983
0.32525088960739124 0.12065436992433126
0.32751827580303994 0.1223233063056746
0.3125125350924974 0.12918791278291625
0.32705600393469636 0.12206679161455315
0.33075114530107336 0.12671641744396392
0.32826381994294607 0.12340653034880211
0.32721290951213183 0.13648116333785343
0.31264600076861737 0.12268429839296864
0.31478818203622516 0.12013901160747424
0.31575967761410784 0.11964662517867919
0.330932304954723 0.13295455601223216
0.31272713236061583 0.12801062231557703
0.3256538287626622 0.13631580948501
0.32924048675213785 0.1347972094352664
0.32483003267546173 0.12138939349465379
0.3248603761291865 0.1361022632862416
0.3294320867235454 0.13417587353287716
0.32058460235687225 0.1198934228816566
0.31688652624027286 0.13321205422850746
0.3197909571492234 0.13495954862652448
0.31398666196424735 0.12202407013798525
0.3190045982741534 0.11985813406126856
0.32102226838945863 0.12012207221293988
0.3287987177050707 0.1254981985635947
0.3136121484233567 0.12811228976853015
0.3224433891311258 0.12088853370361421
0.3201722199135063 0.12032123667295071
0.3276004618875645 0.13458541572175792
0.32650829017937616 0.13501001890870531
0.31482137314176706 0.12211945628487524
0.3297292327093881 0.12803398345713518
0.3225865622604049 0.13503249183519975
0.3250856510367485 0.1349273325671611
0.31918419658605407 0.12069516777693434
0.3172448296390161 0.12131208031820143
0.325460600402872 0.12326488051530621
0.3293469139005232 0.1306022847953146
0.3251632866449436 0.12324524760517461
0.32914243638721574 0.1298146907180255
0.3275182578611134 0.1259935184236586
0.3192723230085595 0.13282591430687696
0.3269962894514921 0.13318745531439524
0.3152231835282417 0.12776017453134633
0.3284826853829674 0.12844980939647443
0.3151089339557769 0.12486413906875304
0.3239258087890452 0.1335814491411799
0.32152433620442133 0.13315083980045106
0.3159612286196953 0.12436163902706951
0.32679617743170486 0.12643733907302038
0.3271388156056648 0.13138814828591774
0.31602755054502124 0.12569290604068922
0.3233427759829388 0.12358415607787444
0.32730106934592956 0.13050921398422644
0.3267680040476397 0.1296202041437304
0.31800955832604155 0.12486448387189254
0.3259606747623535 0.1280631371586666
0.3232802109985408 0.12478081810309782
0.3191387088227742 0.12974853351284607
0.32101670758361145 0.13017648475502572
0.32205462539600155 0.1295083199765987
0.3220214105036534 0.12728506161406233
