alpha mmin delta_m
8.11358233599885 1.1856084711607635 0.27637893266693025
11.394048215280922 1.1244843069919117 0.23897121542723485
7.914130853138211 1.032681652265963 0.7863256798528654
4.745239879497262 0.9986495020946303 0.5656696678006942
4.952947718385088 0.9858445215416015 0.6021786056928449
5.15777580393198 1.127182789449059 0.31410508952927385
12.092998782807086 1.0722642026248885 0.8021958433169698
6.298276832705881 1.0091320160551356 0.28191044917893426
12.306131490952733 1.121072986438326 0.4492627950412918
6.153600458004028 0.908772590627297 0.5581303625331632
11.023702791323444 1.1748788978656872 0.2852973429410757
5.018265323938678 1.0899678663580121 0.07236728753860512
6.4534643250535915 1.171969754410551 0.25810583975589735
12.648625558506012 1.0218877587368487 0.7741044918666083
4.828720165859734 0.9199829374532911 0.5202808215633172
9.799100525136591 1.0610893747019274 0.7256084882059316
8.7394988704563 1.1596048463972028 0.06367714907550563
8.707040812243054 1.0324430952352306 0.36506137728398097
3.7696836164297345 1.186656594357062 0.012780102430354745
12.15764159265369 1.0054555848776767 0.7903234352879355
4.072143103043485 1.0461727936908602 0.21936093282818062
12.44241284653658 1.037893819336453 0.7089231394069123
10.22895091148248 1.11214002456949 0.5050822220995059
11.36212760828608 1.0942755742260206 0.4051372106610969
11.140263662636354 1.053591250717718 0.8120021083204099
8.195205845183317 1.0052603625373742 0.41688789341238003
13.169286438325987 1.038025802783249 0.8338235145939947
11.778589148843302 1.0734352841335384 0.5358150790494028
5.8929875321395855 1.0339170197386824 0.23428208368020018
12.318357077036111 1.0213299538075067 0.7726718403102122
6.591751859916055 0.9041116405765459 0.683732437583427
12.0908155345833 1.0268832225244175 0.7305444663552114
9.09694849776048 0.9904053845692907 0.9765143002385787
7.424721831853919 1.0313221388523668 0.6713880693633918
13.385368449645966 1.0294891178251022 0.9612111819558825
11.531277980356016 1.0247365263109727 0.9904241392882901
10.23164972403698 1.0620130141910775 0.707373640408371
12.091613409741225 1.0556099774220127 0.7160483270978273
11.867168119656082 1.042613197178397 0.6798026734015723
11.210483001456026 1.1165497080359574 0.3917870959613144
11.203836441196607 1.0919472494666884 0.4450801260802768
6.353020223997046 0.9255240892549874 0.589964401170226
7.990891642935679 1.0823876829829786 0.5315634322154305
8.957330079403992 1.1566477244673203 0.09253872741443665
4.1611418080688605 1.1360748297335614 0.16705110412241242
8.845200017654287 0.9857269641210807 0.9443161919282642
9.048048232413311 1.0608757309827304 0.32853047846913
8.490018585759112 1.114697748083428 0.16665727764764304
10.1647995757396 1.0528446378909206 0.45355168595932766
6.27946299345634 1.034533974300731 0.5595898953809479
8.761787377943525 0.9992093633484912 0.872761330479667
13.066384522638895 1.014112428837272 0.9885312925797403
9.686064336457203 0.9944718047806371 0.6286494947443546
7.5479163357031265 0.9871415245352032 0.45432103465005497
5.558537402939859 1.102170635888408 0.3561632043634125
9.31259970465402 1.0825054076529985 0.28871498590747513
7.451433256983181 1.0339565914921116 0.6429891169745473
11.149648313435609 1.0633137551735174 0.563227270455261
10.598198963345952 0.9821760749296806 0.7876372204874944
10.467344450746465 1.0112810631517972 0.9478968434283837
10.921714060230526 1.0901248596193633 0.5125316723747355
8.300830359745508 0.9305331283316485 0.7775513384364432
6.60275805404166 1.061290860223776 0.21416311757820525
11.537101535819836 1.0169845868046157 0.7727684717674634
9.233002972237221 1.063569559942484 0.6273797279446631
4.179701116696995 1.1070238336932918 0.18794889938838677
5.962460097812437 1.0959040856183122 0.11912577518124659
6.620385001859487 1.060353487724198 0.2191438171622134
7.840633712661738 0.941616475470566 0.947280522754905
9.064196685005912 1.1501033128492808 0.12021460533256431
11.617427913014424 1.0272407277346203 0.7756293283530047
4.56021823548712 1.0616601220845436 0.1990831397335784
10.376144378276987 0.9996513311150398 0.9881680464259834
7.670230377564678 1.0078887202226916 0.7262889223470659
6.750700982392168 1.1261215508747848 0.3494566129413502
4.3742756937061085 1.0397066843669918 0.328834514155836
4.393389001882271 1.0478424386064344 0.3294367768573233
5.381853640438228 0.9484526221607107 0.5044011924696491
5.278875807399441 0.9921691728086858 0.3571077657711901
10.752153289541987 1.0291583428521291 0.6425693610322658
9.570553112778192 1.0181022605663381 0.8273825377129872
9.422433000265084 0.9945116019359526 0.9234489014827969
9.47585451933526 1.0253182201712085 0.5081778965428986
8.931043410805255 1.1342634459830663 0.15263627640275096
10.346769404940598 1.0712924824517156 0.600169717341857
6.972771716867879 1.1623092409957736 0.26678998095878015
7.230753516915529 0.9175876721264583 0.8442782077204399
10.922472632489084 1.1634362706008459 0.22388908464932253
11.174006995933986 1.0225855295167627 0.7489239093855521
5.982231717994381 1.0760217732599393 0.4262216135542364
10.380448529518311 1.0002850900432745 0.7210181672520447
4.3383788089520205 1.1252729500837386 0.18415102429127306
8.488004492659455 1.148107235005814 0.32688069229213407
6.140196726667291 0.9365096338441153 0.6055811232412384
10.590911750855247 1.2130053928817845 0.1335215424268329
7.974463937964659 0.9518434402701964 0.6734209071085274
10.571167984636562 1.0638658922027366 0.6141684197481777
10.770299087853163 1.0371345806269208 0.6451054576524409
11.379551620091071 1.0136847716091628 0.9109972162670862
9.715610296309427 0.9963578701846951 0.6654350937860164
7.535536498032894 1.0089709339727047 0.6980549794476435
6.0821563606829 1.0325914059514343 0.2757081219623049
9.737764976406778 0.9332721498756931 0.9737016846368238
5.45330438206684 0.9543082963364244 0.5079881659105125
7.282294552128217 0.9260999139781393 0.7870065077789834
11.014156708193312 1.0284368126570953 0.7593384021707447
9.400894406302829 0.9655512035861943 0.7730912278474662
7.847694206528157 0.9993222038520517 0.46324339227794553
6.514270175097872 0.9925135970036655 0.6452736252720812
5.515315011928724 1.0141547382017622 0.508489107035102
9.6980823707534 1.0138060741535084 0.8287379414386472
7.487546924215037 0.9455724836489428 0.8418291309804667
10.817168524220055 1.0329346889309206 0.700359740568394
7.551641142434896 0.9276496754566541 0.8062498540761858
10.371402892520988 1.0682467327407565 0.5815052387497546
10.962222593406175 0.9667448326294044 0.9633570186558549
10.363183151507354 1.1174048038113649 0.29481082427225364
8.447666407767757 0.933145959243505 0.8511563347608823
9.981190214328187 1.0762683092737897 0.5565954333489296
8.726852001020628 0.9211812180350732 0.977553938469688
7.290108439433871 0.997562416554475 0.4317663871800494
7.822893246457532 0.9294551338957565 0.8641009657098744
9.45611958971235 0.929561293696469 0.9889877083354118
10.406356119596714 1.01932472858097 0.8142835758363169
5.361239179057284 0.9867472007281203 0.5214781964494469
6.620183091978614 0.994991445097461 0.6410331909054531
7.2022289552272785 1.0697220816398032 0.49875352305591303
6.562904494624725 0.9461771345583707 0.6978047894564547
8.82270067730837 0.952084266451046 0.7942606621241232
6.822516525030601 0.9451483061704298 0.632770710303504
8.00941411430255 1.0220539599758585 0.6787599977566101
8.335916163541002 0.995569956651849 0.7848872437745362
10.274782050372954 1.1220320466959601 0.36837415252356215
10.075721481054275 1.1230272115502942 0.3783081042633585
10.733281301908352 1.0033637127842907 0.8125438814939164
4.49183483695866 1.0663747407900652 0.23763794730612128
7.164938297989238 0.9689277772970349 0.7433340607840466
10.560575142361667 1.028630271729034 0.7272014123672654
7.073077537344943 0.9635761795918876 0.7417763957122494
8.654420357444113 0.9971810381739693 0.8017761228687672
9.591403641102932 0.9427541683952353 0.9466094752955289
9.933336719744897 0.9793611824297499 0.9835896247965816
5.860757218288061 0.9723122087832352 0.5879990755096
6.530862349764238 0.9484462904289097 0.6074810365067141
6.6387879520350666 0.9633426463042338 0.6867437572503649
9.966176413757108 1.2054233325393875 0.16362506720762823
5.96792829390534 0.9530824142101253 0.5798872056916092
5.90195872695811 0.9547024312147385 0.5685023766362319
8.448180858619645 0.9373533448314436 0.8907059062168633
9.109882425190147 0.9871542230796478 0.8653482793070435
8.726426447134475 0.9466414866662013 0.8409683624595624
8.282116220879834 0.945344147642029 0.8934577434174288
7.260669343881455 0.9435949877780121 0.741980277027208
7.200103393220491 0.944051223058893 0.7349168614673612
9.06091972825699 0.9482197262128138 0.9942713832720365
6.166215598034837 1.095306807021063 0.14195022026368526
5.111222688457326 1.0787722687322416 0.3478172509144129
4.35544321576986 1.1778663450986828 0.013809394782335706
10.674136130828881 0.9927175139098727 0.9047167457058413
10.469872849632804 0.9846915230563662 0.9722086634072733
6.728143757012221 1.0585313369264533 0.2455181231422444
10.168570161085725 1.0479503206412843 0.5878226990174839
7.771830211471336 0.9461929591390911 0.7616268095146855
4.692150544458794 1.0377464310625997 0.3532370652942515
10.524820832779296 0.9894225184974001 0.9209574487729507
9.893369432837357 1.1020713229097296 0.31080476130212065
10.085349282336818 1.0725229178535902 0.4725014240961394
9.016768111539148 1.000325460564488 0.6101703764969323
7.215445147443752 0.9642627478055175 0.7352713706135943
9.71389364421786 0.9949719240017435 0.7260644626330744
7.526922504025173 0.9509304995101746 0.7732835226954169
10.150374591686935 1.0353548848991585 0.6633220891550434
9.982647852349322 0.9713532844258976 0.9874731181237911
9.948818825818265 0.9518920205818975 0.9860390639938372
8.604361189374849 0.9619601377735241 0.8786813129115122
8.52288250486592 1.037489596197666 0.40447397615671926
7.43497374710735 0.9603914601713716 0.6358489477284799
10.015806072572701 0.9805390591808911 0.8544369710102356
9.258220941089046 0.9979644299595158 0.6571412098130974
10.061901048475539 0.9741500095300661 0.8975168504445595
8.380865019146414 0.9625126862579496 0.7327470432865335
8.918351383278381 1.0190904667128224 0.5237172240352808
4.515778949623254 1.1974979462428543 0.051201615635840726
8.516039701576998 0.9547244775097343 0.8143860888322741
8.728195901032983 0.9975140455551565 0.7786801065154516
6.891730735284366 1.0342155878548065 0.5560206306125596
5.678302815255158 0.9734183992641942 0.5330954058345734
9.924939857435316 1.0160265152515744 0.7381742412980906
4.526496760919436 1.1365354602836644 0.08406442509506293
6.658546821693744 1.0634810311804124 0.2355557701186018
7.859236010150731 1.09215083440274 0.2174150390240945
10.134287634323078 1.233230211793845 0.04049801891479119
9.762695406455862 0.9969173293716258 0.8086356580694398
6.271920964434665 1.0698290935516506 0.20847316514645461
8.991449772975848 0.9946994334409024 0.6541842010320975
9.634514338130538 0.990724572880403 0.8115108023506697
5.750350800363769 0.9728696308342624 0.4825649961892733
10.33715803218782 1.202755166154857 0.12189148107807639
4.694230973752006 1.1465629901984253 0.16706745938681697
9.032922398306916 1.051355426832954 0.41446281867740503
7.397770489260807 0.9810774177340938 0.5406189007240993
5.868163551122233 0.9960712144884035 0.5357713282604574
8.178421431684344 0.9640973412944411 0.7550082457957367
4.958699827135067 1.137251928894061 0.21570932662254508
4.734155643974338 1.0691174610341887 0.22731046072208738
4.603168374009968 1.1142473229872334 0.13167160574613193
6.430336214732055 1.0265702997910386 0.32340809085298783
8.078266835062793 1.0244497640256969 0.6428002759096888
9.609346372642934 1.013575083880241 0.6953790194121072
10.339216812219615 1.1785000013808897 0.1655085570170311
9.232332691357009 0.9870295535742335 0.7773710671609892
9.691408559032496 1.2073308399772187 0.1544244982573995
5.519741510753274 1.013261284514324 0.475311053337262
5.811985299064569 0.9849237324079897 0.43341674905437455
6.887804644805675 0.9876301175365246 0.6365839914225071
6.815229979196523 0.9975617627521455 0.6144785280612317
8.537970649737764 1.0709262901295562 0.31086793208660746
7.8351448599135 1.1730306722074328 0.24074674232517768
7.810154127196874 1.0820347263699674 0.4697799386395043
5.465080542879605 0.9932426433182288 0.40897258908335293
4.901295745648646 1.0498003571527172 0.35432037674250805
9.404945733479039 1.0172754484269841 0.6940555096995911
7.431576571293055 0.9962964844601656 0.4827789882427329
4.699705413307251 1.119171901380304 0.11572193868088951
9.24504827928322 1.0391970751893984 0.6252802542544385
5.648659130767525 1.1300295251986747 0.06991355132541209
6.750736211214555 0.9698776828861114 0.6159047461924264
5.580164736866511 0.9972648152013333 0.4909565747421056
10.306484399736908 1.189709645257964 0.1564158920936695
5.85180535857954 1.1112902127490778 0.11262827662327012
7.836752306365225 1.0750831247566344 0.4859149134753104
8.717263108846874 1.0108533153369799 0.5702569784725858
8.457416369626282 1.1124231081818028 0.2039970495817884
6.648192225455363 1.151022527339094 0.04793529763508233
5.14816661163071 1.2059170931084873 0.08223131984408136
6.685855346336641 0.9916771816070696 0.6000060920580141
7.982430603706897 1.0449739366130166 0.5689997574478072
6.770561790647045 1.0052422269828665 0.40711564091287533
6.972329792781178 0.9757463677251436 0.6281771801712673
7.0122825685444194 0.9949383775528458 0.6216691455235325
6.292625311206395 0.9743034748019541 0.5341674499925114
5.14384552820127 1.0314559322458599 0.40104364357823524
8.524438995166264 1.0000954953453434 0.6100054686828676
8.815974230086145 0.9983483008570987 0.683216280317773
9.636632195572192 1.2232408954550589 0.023871108517534184
4.585722123371985 1.2043665886982236 0.02901384290611704
7.448434716550299 0.9835738194231302 0.5647399279312508
9.26278004095117 1.044643667967655 0.5071749497604182
7.987523236324108 1.003706191469907 0.5199484832151182
9.100559194869168 1.0583674725522916 0.5507875546463763
6.385139072053802 1.1554816928452687 0.033695690922916424
5.156216447871101 1.0330310744939133 0.3986966425997016
9.911048937000398 1.2410835802072147 0.02498325794940348
9.178485431772767 1.2027517022025862 0.03921960283492198
7.1611239995519025 1.0406147564650492 0.3245608257780195
6.394472443015124 0.9772554067696029 0.5170746459421353
9.733887022936722 1.1411499354626755 0.3035741325071443
6.430343893667592 0.9979007671355365 0.5648433209628041
9.146367159462779 1.1038900215369412 0.2660893746496402
5.714000873643906 1.1250685944159493 0.08511292568122932
8.92446963080152 1.1560409032918382 0.12955189423391114
8.678987845695733 1.0816218282159986 0.4794734205812547
9.50844424655021 1.0706111114680352 0.47919471714064743
8.739946632230998 1.2511757669158956 0.05099230060867627
9.337053644029803 1.0486585233078136 0.5451957665206862
8.281156720240078 1.068598595982995 0.3093084555533746
7.3844977638697 1.0771666015160948 0.2426349338835648
9.537404072854292 1.2199995211752668 0.11680049504698888
8.321583622675028 1.0057676071281842 0.5627361000898785
5.175570914403501 1.0130659133116684 0.3980258785507321
9.119593255336333 1.030018940458461 0.5821842685906455
8.636167204848235 1.0580222526889314 0.3704002656116059
5.735651740122998 1.0216363007819598 0.3343921305542589
5.398845632006207 1.0098124687168644 0.3763659329791137
10.092924056836862 1.1995267583066938 0.12858186472896352
9.948280433273274 1.2056166845953449 0.13657161394059392
8.995813025356293 1.0287903899583566 0.5999511166337803
5.423612896766473 1.0207512413908588 0.3412989150817223
7.396039601193658 1.0580920364546376 0.5015908142921403
7.900748645336803 1.2524905415624394 0.047691118823653324
6.561154740957164 1.0834539534007883 0.40659749341490176
4.832860166361991 1.1664700805263168 0.1275361570781511
8.346667733850692 1.0013833083535726 0.6227141753544184
7.258280016511398 1.1551709507908778 0.0638659680225099
6.076107030790579 1.032066789670638 0.31302593832268083
6.632899511136737 1.0009487938623813 0.4260992896139944
6.800721421576419 1.0168727542151723 0.5545306824659252
9.464025819394461 1.2351174748071936 0.07595755667910942
6.510280731151878 1.161883490173225 0.027555413923870578
8.620356339617176 1.1449005899097109 0.14291211725404077
9.438169599166397 1.1709477311907757 0.12867570021846111
9.890242096377621 1.1973503162609014 0.16083428889941062
9.229777426433305 1.063719862871425 0.5031524164187134
6.67334722554342 1.0774591956144723 0.4237255064513133
7.430131041972038 1.1269477861778365 0.13132115742415773
5.1937749945931575 1.0845396206213607 0.18292250110366473
8.779651046407876 1.2487103168429652 0.05370077094056248
5.375290118348328 1.2079425975107048 0.08594709581250275
8.106243209820828 1.0955516808717616 0.23493001009052988
8.349956587596907 1.0499151545776373 0.5506487649039551
8.03023865935869 1.0895989897917433 0.4400453483747408
8.404451793127222 1.0119862236043617 0.5699303329225764
8.19482629856922 1.0336579592076998 0.5858900032854922
8.17964452692949 1.0084192858094003 0.632719498001578
7.213253937739669 0.9870918901653422 0.5887121279757113
6.161543946159149 0.9864112320353966 0.4907995986560108
7.4897933316825505 1.179744490586307 0.022721409787504355
9.382597185706446 1.0850202545659051 0.43469781837262716
6.835597675690929 0.9870724101780062 0.5208775247099995
5.72450788769836 1.0155874775702003 0.3584329677723163
9.755429848480013 1.1481415022752368 0.2753787240730934
5.7568850158545555 1.143093620385946 0.054238097741666075
6.662762863862541 0.9890834074969463 0.5572599140959165
7.072964720862112 1.0464832076097335 0.5064988345824
9.032679102561225 1.0509712490415264 0.48141669665267994
9.928495607857652 1.1443633249977667 0.26665439528920526
7.374591716188791 0.9941991658211826 0.6002418184545915
5.150653544519484 1.2084969368637888 0.06810520703411961
8.573410023885971 1.0491864404276423 0.41134191864875835
8.685921640708289 1.0340612433312864 0.5061029088656259
8.737626828761927 1.0545860023357907 0.5308010924685146
6.730163899886627 1.211199614330753 0.12759938595578854
7.96722299090362 1.1917194031283478 0.01723796824330392
6.782995577952503 1.0367226899684936 0.5074758585768255
6.0526266821597865 1.0426540144924326 0.44975684730949383
8.373098205872889 1.094699558592107 0.4262196611544875
8.602789374617378 1.0694362344308797 0.3407708320120122
9.764529449589919 1.1546923103015496 0.25587711513175354
5.499849791460477 1.0094065870765287 0.42194449834937436
7.005938731860141 1.0398975083697244 0.5102159297426814
7.975480218523117 1.2466779925679246 0.05719185025255661
8.97854272684009 1.072342284021171 0.469942378649493
6.408298369154892 0.9927417133947539 0.5003435977706611
8.728538755962793 1.0412845980607979 0.5046116164596199
7.298489132188896 1.0472032005346699 0.32661617724620434
5.221899897789356 1.0557198989411638 0.2694895871181992
4.878081251292265 1.0941571736638616 0.23805523994827213
9.784466180654746 1.1541743341589796 0.20108633076118934
4.738263285955263 1.1397730287952816 0.12297800510218718
5.848794705145808 1.013610859938534 0.46331669201640446
9.254645046175789 1.0837681732532127 0.40338924917772995
8.396812994804714 1.0670482606166214 0.48855959775616137
6.638492592071261 1.0386394049949217 0.48835400176626925
7.256390582019371 1.2046016371505397 0.15044275755158346
8.041591417281795 1.0155403786656902 0.5579157396888864
8.830399563241016 1.1917650478868855 0.05691639986148072
5.880380045844223 1.0889298660401392 0.35121243515417777
9.705663775759866 1.2174706606645824 0.09233771182801585
8.471072721787593 1.0389069447672141 0.5417599838282164
6.685465636656611 1.095451577789625 0.37633605920168123
8.353973488964682 1.224244415829905 0.1095170993694183
6.0298701456187995 1.0022540822219392 0.42908726472715963
8.026598667756174 1.0172430691218437 0.5552985685235883
7.648441939131656 1.1894944248297954 0.014047750089096669
7.9781583792075885 1.109666674425862 0.20288611630357836
8.131891430923876 1.1195631880933978 0.1866834370721698
8.728069430345748 1.0733385251824585 0.4668849844754594
8.151611166335789 1.219549122096672 0.12055382209152596
5.617933029008258 1.044666203351432 0.4044224759344589
5.2090331690848295 1.040820061288888 0.35492632900019794
7.515570160974777 1.006386772516212 0.5408674312150078
6.438000207338966 1.0086270916472244 0.5081569220951533
8.927835542040839 1.0672179683864689 0.4138463227546284
8.47638161466375 1.1753993807776748 0.07710189120173151
9.450586110098868 1.119445788741792 0.3300387485479613
8.21559812667304 1.2627344358772459 0.01823060887274916
9.416442081396717 1.1188898448717324 0.3335775571643209
5.296273921360386 1.1352963168825618 0.22318098170326092
7.974644777260716 1.0241788917833705 0.5529757119947266
6.114838497487661 1.1776180024782577 0.1815289592415647
5.737376383247275 1.0849928865902816 0.3467422397657769
8.45239988639253 1.0496815637883559 0.5116463013768697
7.066276665524395 1.0843450070364165 0.41096879031114303
8.440016982593248 1.060809949978206 0.49127288186456153
8.135927752171632 1.1852939165064535 0.042772434563597556
5.115929622414356 1.0711076253680203 0.2496968759078681
8.093250741917334 1.0336608473109252 0.5373559408487517
8.9911771530706 1.0882929799492662 0.41397805615156985
7.702038482592551 1.1818783622294948 0.03403442921764267
5.72406365115385 1.1498467914034043 0.05063512597267864
9.12322107948363 1.2410531179427797 0.05480028766603429
7.579644481751785 1.1133430674192555 0.17954503062980728
8.516829721432885 1.0508492274002217 0.4979182537829848
8.217661530504563 1.0321145196477408 0.5163432358062928
5.1871885563073 1.0745906353685062 0.3128291885583155
6.4413257007956 1.0254674068873018 0.36172353754586306
8.55120307741069 1.0684875540637957 0.46800936385854597
8.96431186748328 1.0769793895898767 0.4234419633855453
6.417156257214636 1.1086940967599692 0.3333585818483279
7.855144270649939 1.039513331317365 0.4013641743008522
9.031610408976178 1.0863775330809267 0.35060170273180336
6.090010363191244 1.2063835348990204 0.11336165964463185
7.937317907648524 1.133087950298393 0.31729236467372024
8.354839346242228 1.1716032566181398 0.2310797550881114
7.575573961078685 1.0495927047296367 0.49667324631023935
8.874148581936987 1.2497814582775637 0.03800548466566383
7.137117712867299 1.020546984924301 0.5244794863856391
5.24359141961404 1.119652695656031 0.24319344203706234
9.773640157293626 1.1813299986098507 0.1621260779086523
7.497842448894771 1.075060307015925 0.27091932321172335
7.053413960308582 1.0482809479263937 0.32172376512440604
6.403428250233189 1.0138446937409165 0.40446162639314526
5.411699169779075 1.1136615667189391 0.13269034650271885
6.042030754469623 1.0295396507134618 0.34341493523667754
9.304759559459125 1.1710739653232778 0.2228748598974349
7.677466286933804 1.1105400009373543 0.19250984797472498
9.21969233608358 1.099257620607591 0.3386005176756303
5.537896385610667 1.0333036827253659 0.39391523559505714
5.161055078449362 1.1244903460104498 0.11809375508163293
7.256653203532185 1.0225542252380935 0.522610071956706
7.618857236879098 1.1181969571743982 0.172566574598622
5.668934913943103 1.2019063421291143 0.10260891209671652
6.448725163984367 1.116421824488663 0.13632067314680016
9.488568037682048 1.1327813683770291 0.28817082899707236
8.416009938933401 1.0869488326613506 0.423111184397504
5.695136717945843 1.1136438020220114 0.132165855863921
7.271997089799944 1.1708844513090475 0.22199305607692288
8.953167140685922 1.0901923913277967 0.3964756733223444
6.380531501274644 1.1316280772199487 0.28315573999683863
6.788633887021925 1.0320712240321483 0.3606260839727895
5.296375856309803 1.0473489628359958 0.3325838273940459
8.835184066507285 1.1663526240828395 0.12216349394789627
9.462783118779452 1.1890459654620749 0.11549614623227683
6.243178507832534 1.1367551177211752 0.26696314073083816
6.6672702376422865 1.0179185545564586 0.407843299579979
5.186506698662921 1.1434604206876624 0.07927070602186351
6.6827637778463345 1.0179553910042423 0.49002949271614865
5.766586405976511 1.0560807489851065 0.2744783134076508
8.754909067238746 1.0741571482021968 0.3843597041996459
6.046446721364566 1.143423478902065 0.24495100120075675
8.652759030158997 1.2369388990494703 0.06872220402451297
8.768701376223067 1.0803502755543546 0.4147797412695052
6.499692213442053 1.1023632580550347 0.34452779791812277
8.279077851201365 1.0657435708069278 0.4601042875411782
7.918986716940127 1.0338353697023865 0.47618428962677656
5.01330538164463 1.1398904076136116 0.10321838934066356
5.587189537098851 1.1650208117926915 0.17508933141179708
6.293182480849477 1.0775794589246566 0.22669945561516033
8.520362901053774 1.143318666026505 0.29076602116211864
5.621544644258458 1.075552985668319 0.34458658604726716
8.279821400933416 1.0564784241698977 0.4706393250619602
7.683127277277498 1.0304961183037407 0.5013288587724306
9.519033306601463 1.190795199011074 0.12342027614214739
5.769064396949238 1.068875828770947 0.3654799754250608
8.010954529533924 1.0798655524618623 0.4314727043692166
5.364915793998637 1.08595385685869 0.20862236974927414
6.36881580209965 1.1185843942513076 0.1330801292747294
6.767624526645749 1.013324567777151 0.4705628554966624
7.325341652509648 1.0482685281502258 0.4782138386175874
6.299400749097556 1.019111924396863 0.4572984605385343
4.919870716747743 1.188557478210109 0.014539284763728788
5.641101919398061 1.0384542144765692 0.3328500029363262
6.664292419886369 1.0773155021779803 0.39861484072892633
7.557226466948368 1.1401669068682374 0.12375516661147525
6.138025580893045 1.1075973277278595 0.31741990614287147
5.74272035630244 1.167676036539918 0.1776223460082331
5.947008565720067 1.0699979581640184 0.24289036845116047
5.462785381684611 1.0933214716980086 0.30047914496920014
7.987473422646973 1.2124101372168519 0.12979112758027928
5.574491797256311 1.150242546509262 0.059853612132210535
5.780518719717293 1.0537216561620755 0.38510074703093194
7.382846304132441 1.0326003172550318 0.4093100554659554
7.2608119270166025 1.0386052596193207 0.3743920792736409
5.307290230299406 1.0603121236817226 0.3088113365374994
6.481337786523222 1.0213475028160193 0.4622924578482145
8.73296110869124 1.2020622925022364 0.04277955269493785
7.3469801506186165 1.1276894652523755 0.1455288448565547
7.5917376713944105 1.0332136252089597 0.4352652916712649
7.05006318152445 1.066333061254273 0.4315142259982909
7.7506557160077705 1.048123245152325 0.47806997942759183
4.917610511233098 1.176751084632662 0.06043544431369304
7.717566655375439 1.1014247876417689 0.22412634692385028
6.756777101870586 1.0383628056725258 0.4629800892220988
7.16028957193917 1.1459328644721078 0.26950720400084327
6.894217469135656 1.0673678576873034 0.4218999716663216
7.885014382268508 1.0440431075130918 0.4683368162470486
6.657825402336144 1.0267867532386539 0.3890992573238946
8.301441692168767 1.1620572434737961 0.11085289767464179
7.318664723198941 1.03066222677709 0.42257199762595254
5.110634813519008 1.1465352811279534 0.09042091737856378
7.475383636191536 1.0854621762061885 0.4035057409101358
8.538037963147795 1.150464031109236 0.14979646650062317
6.21064446713846 1.1403057391626878 0.08738726796472615
6.818115524717248 1.0337241847869811 0.46619040019169156
5.9676278314286755 1.0454450193690483 0.31496503917577484
8.82413392237411 1.1198503495424383 0.32917135075919285
9.076761277255697 1.117440957251109 0.3191894960098124
9.27970680080877 1.1433666786663297 0.2651898294341626
8.673969870300924 1.135269883085017 0.19376501127752171
8.481482628188324 1.0745581877475252 0.3611600637302146
6.56147368798189 1.10587306019968 0.33355647070534533
6.031273693325964 1.0733412069555008 0.24153291376934882
5.8809179193245065 1.1756243608131773 0.1634542496342599
8.327167361041175 1.1624499774157293 0.24273627824270486
5.528683674965174 1.0878773603641119 0.3081486661306827
7.991590602783445 1.054573299009855 0.3882610240898616
8.520825843478978 1.1338528306903846 0.1892323908200311
8.890160748733074 1.1069189022108545 0.34514987190975915
6.96830502201909 1.123118107180114 0.3111500869952022
6.1740335494853085 1.1250323702968508 0.28060096769457343
5.264508364844479 1.0841009071719259 0.24743812233569115
7.859293484557266 1.0676041016733844 0.4391960725277992
5.412769247504928 1.1258273242392933 0.2308674907800741
7.014208736892407 1.1540877310949758 0.24708237115855786
7.932590074804871 1.130478860153067 0.3111560563671899
6.431256390224981 1.1180704485290531 0.303974594351082
5.445561156392076 1.0680924841928892 0.27187032660245286
9.084731363040703 1.2235700546030879 0.080557163877618
8.146639591914456 1.1327392259747628 0.3066722021346026
5.9479729657567795 1.1075414464259041 0.3017668581701685
7.329935937755497 1.1722541825006945 0.05205172562776856
5.450361207231554 1.1766583955901144 0.13126139876067566
5.316038224756433 1.1148408535764376 0.15568870678427585
5.337884523251541 1.1556642433026192 0.062368797625007855
5.158123360124632 1.1981888208031728 0.06123773964551913
7.779507566894253 1.0644352071595868 0.4400196745161575
9.360032751926557 1.1739457306818475 0.19579390764928495
5.311715437939661 1.2163791416532295 0.03844910446007125
5.124101606951024 1.158018520981811 0.07313393682276852
8.33764947598827 1.1540370166007223 0.13498903830384867
8.492850973826325 1.0913386105237142 0.38376467516780355
5.417458114825603 1.1433700504622362 0.19477154718188092
5.478420208597987 1.0673056729327952 0.32357035213149354
7.892650621963904 1.0544231674628628 0.44214092425978113
5.140871137223375 1.162065125251237 0.06475832636809332
5.229892039247041 1.1116128980065183 0.2206744141075503
7.383294630170388 1.063575612259239 0.43385816721195686
8.427196525938928 1.0833432358941293 0.39359479920434975
8.237236442988692 1.0915711079035852 0.3874528478231388
7.183169556508965 1.0568892550627313 0.32399881820204995
6.220516970854705 1.0541512650158729 0.3006546025457897
5.1047804622506625 1.13932562633826 0.13750746945882922
8.737981362951698 1.0986101017326404 0.35122933946806084
5.130683168147495 1.1557563804613253 0.1280228839955664
8.14504304807132 1.2269808796795973 0.08748905443200908
6.433035682063258 1.2064257645348775 0.11312107516176188
7.507959544003503 1.04644252362614 0.4494322360099546
5.410570924533065 1.1251634525077532 0.22489751144664932
7.354945625470235 1.0716646039256492 0.29182655391298623
9.265807712132798 1.1560045568196469 0.23203939613814759
6.616242808020649 1.230337760792334 0.06262788601651055
8.305332033144335 1.1915726172300392 0.17330936680055953
7.340812830162738 1.0464728927673907 0.44847408217182105
7.169070898021795 1.0480283033061188 0.35449056879954705
8.17059452687258 1.0657281936438041 0.3981159807965986
7.9109907036675455 1.155644282658692 0.1137894767576978
7.483615347647733 1.0489992278933604 0.44521131151516524
7.964266577666315 1.1424706887340506 0.14649248717284047
8.79782344874178 1.141214435821793 0.27761493700958234
7.205414805724859 1.0631703548807825 0.4249904497706009
7.8971262682917 1.06215856282921 0.42699821881885563
5.382947052235917 1.08357986013254 0.2575874315066262
5.866868457886374 1.041452287706845 0.359617117035498
5.916877162860786 1.1390021865522129 0.09511409633254489
8.76221641938702 1.1760585682122524 0.11384603772758534
7.969696493605692 1.0919115711880756 0.2710617240271153
7.324688887313641 1.1884526678926999 0.02226256433403554
6.599070201786981 1.03756099038329 0.42901913282138826
7.463688013855634 1.113274595511394 0.3359664658384658
8.123192685946186 1.0743463739701944 0.3375364181987329
6.455615181364347 1.1724559732923938 0.18899953051984691
8.483279939656667 1.2226350701488529 0.09318324416803662
5.5811099847274885 1.1778976151121057 0.1320351654529208
7.827586892992413 1.165913956149321 0.22823061164645686
7.542276881309585 1.2256960281089857 0.08677961094781361
8.239969034059598 1.1180284196956534 0.22052880275249678
6.974438468620596 1.2414799606778988 0.0431148624643405
7.088622388179115 1.0498146042325258 0.434951112774084
7.455036842191717 1.0840324556530774 0.2674088386755603
8.284816014875862 1.211683153277185 0.011800926464748285
7.742105535634776 1.122324762941274 0.1857999615989514
7.134012632134969 1.0427592342676109 0.43690205650841113
9.165824871904041 1.1389769035739443 0.2392966769662483
8.481585750136237 1.087218422272144 0.36136357074436637
6.806750662316928 1.1802490920731261 0.1810060057203183
5.229926186953094 1.1717943336945493 0.04708942891640494
5.975923011364927 1.2284919112404444 0.04417068801626763
8.347588744230107 1.0971291543327224 0.36465362676959967
8.052245335430975 1.1597125800509116 0.11390734965912866
8.768998553136418 1.1395880512525038 0.2005005508465251
5.384374567454 1.1038025158441234 0.19948036544410436
7.262835409722744 1.1023350080251606 0.21438294426750087
9.098325537532675 1.1320563097756462 0.2560766596834234
8.061047615288915 1.1548580366381942 0.12595028168986297
6.3639670994142 1.056878761788818 0.30395341312880575
5.947387016862185 1.1068534425822252 0.17133252818953001
8.227060234714944 1.0756068163843857 0.3841575572891198
7.846467927925774 1.1017897036738762 0.3600472286965588
6.601650452481497 1.0350603060301304 0.4099496243802538
9.174893003004092 1.1688542691499533 0.16665717606341618
6.811554822481066 1.0363398539310247 0.41506661087549673
7.072172411705015 1.0951803811607501 0.22547415507813917
5.512363275404766 1.2309352568517915 0.015357174635994026
7.799873187455287 1.2580608243677287 0.012629579987806987
6.674652957365257 1.0376104100831498 0.4152402192094659
7.9964400741051875 1.250841250875039 0.027099521732535575
6.119272370926641 1.0988513939171183 0.19293505420121748
6.975665895680226 1.0449673680296585 0.3668703692434498
7.2032496850422465 1.109003534434322 0.19761569042006802
8.09520528751338 1.0938888450849693 0.37098785850987503
8.870185772774438 1.209378070173991 0.056975641941099345
7.926141722140331 1.2029857138608546 0.01773502133952891
9.03739396703767 1.1691752039707344 0.15593553587048017
9.19867801547505 1.1527076538869676 0.2194902854853061
6.854686021983408 1.1460338696493844 0.25265435587395385
5.939891606959167 1.1008667493090765 0.1891141075963881
6.550257693190879 1.0490593630102036 0.4072605952898318
6.532868378716872 1.21050284360394 0.10147216906044505
8.963878978773579 1.2053663823829754 0.0791363456535669
8.829303278992919 1.2226777646901046 0.028443227330841432
8.491511026272311 1.0967818747624047 0.34361110880817924
9.110742109587745 1.1866068854100866 0.15722100384792048
6.1967492914127735 1.2137243149445838 0.08189169330881738
6.267064812008073 1.1311566190901476 0.12193012992552148
8.260759468285572 1.2044069225939942 0.13582502041075553
6.1522803484378095 1.075105039384513 0.2574005213552096
5.751927151416522 1.0621287960255787 0.30836058349310896
5.965414356696648 1.0499709621529776 0.3572817740637624
5.408384323335776 1.1451155494114185 0.17178824708209375
6.141591149400188 1.1725621684518022 0.0326800220595299
5.897000011997639 1.0706220868648504 0.2720981378421955
9.077851329459921 1.1808708575119118 0.17395203918036864
8.103811293354305 1.0796612216128492 0.3789646929173636
8.247609713499774 1.2417689897775872 0.04287519743959981
6.559484339632425 1.049343174459544 0.4019946983314553
8.031079086836403 1.1485022408063232 0.14370300318012239
6.762956531747307 1.0490121749921495 0.34868116105884694
8.265298574734175 1.0968239016147652 0.28708509697065915
7.741057439410646 1.138325850912707 0.15373397797254537
8.167153721146414 1.1187465516813013 0.32068319393274247
6.390476033657043 1.0467859104198072 0.39191011694256356
8.181035337280386 1.1191836834401543 0.22201891158664575
6.679944012334671 1.062735931175832 0.3931421699365977
5.602385032037613 1.0853537806396143 0.2887499965618707
6.097154387474667 1.137072249833477 0.10899004788039104
7.780771432381481 1.180110586755203 0.1916066318724969
5.27337470650567 1.17793827556717 0.045225527094618724
5.832379485104967 1.0811331951855643 0.3193108164896568
8.147868635616984 1.2371448728860468 0.05328112062435233
6.9773523177719845 1.0854896608096498 0.36804314749697403
8.076899118083558 1.0849641051666588 0.37186019783971375
9.06341455888557 1.146518268227719 0.23021613988662146
8.628466873632753 1.143102296257169 0.1916954125214553
8.040559682610565 1.2502082979555666 0.024231645125546458
8.629694775945964 1.1940507910864333 0.15481844747413018
7.73308837955272 1.095230880709756 0.3627030270361456
5.854808471997419 1.131632183140222 0.1220907189451398
9.111346400966768 1.1733451675225917 0.17688891350503674
5.904735849207455 1.0586852143346985 0.3220247057207311
7.24218384366729 1.0616049177247842 0.4047644121430895
7.67527288154573 1.085084964239674 0.3780821976461368
7.634835688631377 1.1064671476117578 0.34112791756056554
5.698662871632418 1.146685549010158 0.09153455090522103
7.495371720608681 1.1713214969763723 0.20761054097037138
8.01567926544023 1.2349862190948724 0.058497988891112615
7.684824599977288 1.151752925813522 0.12235847144672549
5.6394079554825804 1.1829341660447619 0.11543947645710605
5.772588505604476 1.081097670875409 0.2541443291528809
8.44798555154347 1.1572363755493589 0.14894019621729426
5.448202692694013 1.1274661001206965 0.1505763562940391
6.494517371728309 1.1650806742399091 0.05667022390919404
5.993626857416409 1.0581235376962228 0.32121827444037665
6.032185658622028 1.2193415615389964 0.059364983704521576
6.439842491111062 1.1784484210320316 0.028368891845628942
6.608992290374763 1.175154462356126 0.18052482326575395
5.957982576616949 1.1561490890660153 0.19280871407239847
8.49291137864229 1.2226111022294244 0.08134727182677069
5.759234444236448 1.1829713392518366 0.12283618839482519
8.111561480345884 1.0835016569775193 0.33180785739101654
5.230642963753311 1.1891930776479822 0.048351708269295184
6.148455220088152 1.05890213960898 0.3160837562399398
5.93710465859658 1.0927519082152977 0.3058055405169383
7.076523534135003 1.0709677133147133 0.30022997030277115
5.416800408424701 1.1692382696219827 0.11666780669656322
5.420991252112319 1.1612760735695458 0.13092645642557205
5.447690286605489 1.1239445746026515 0.17637821551348395
5.653994992263412 1.116740686810388 0.24119236142483186
6.098874541363637 1.1467409548587444 0.09280617981257365
8.84431336900275 1.1583989464758215 0.1780153197478429
5.307548867315605 1.1766163082219518 0.0847793189722229
5.851298086181574 1.1332946626511957 0.22895805381647374
8.785610029070906 1.195753971252044 0.13913567966394108
8.756469691215425 1.229301852727335 0.039138783829303234
5.866229907784891 1.1004615750658688 0.20492964337498995
8.407096683478258 1.1427737224751027 0.26473809707873336
5.539165999257728 1.1282222067643355 0.20424173115040253
7.17845893115857 1.2227042356883266 0.08084064265033392
8.789573801654713 1.2056045668246917 0.07762193860070854
5.938801437073657 1.0656867731827644 0.30887137147509486
8.392859249616016 1.136566743999795 0.2763372372804345
6.386953469476744 1.0530835065585589 0.34342154812055165
7.1620563990908135 1.0624878640690223 0.3915794357454757
5.733935688811368 1.1788303784454774 0.1262255408413465
7.525864296728374 1.103139234864014 0.23585352444583707
8.945487116614567 1.1518743434624703 0.2247060973788536
7.886889824180038 1.0847014896914473 0.3090677452968442
6.549589459436161 1.1401861622712548 0.2488072123711543
8.336014829755042 1.1554589639667512 0.15143832639999988
7.56081831300801 1.080056821285852 0.3008508173102817
7.1777566964294195 1.0804774542061404 0.2808785298211021
8.63774456354832 1.1517281167900841 0.17989266859038197
7.4376601777454745 1.1135089948038503 0.20698984812194762
5.778946831031387 1.1154584930991014 0.25303892432865555
8.953252844780797 1.1798975143530235 0.16043212893305747
8.828102321099895 1.1987526861722404 0.12332471763925884
5.560215343174818 1.1333812744975145 0.1367703995913192
7.2731827830400135 1.1046200525561265 0.22236493289684062
8.392328071439 1.102879743552726 0.31236802380216316
6.274209395804412 1.197335433348775 0.11488637115730498
6.5731589170834805 1.0584068790164263 0.32759023021713435
7.555879519462682 1.1149789944006196 0.31809012378479035
6.075740717646671 1.1009011168997773 0.20405794471211788
5.498078670301595 1.1780795405216127 0.039987316897799725
7.9771291381034235 1.1265909808086325 0.2974448465457148
8.09295394803939 1.1780741051908514 0.08736554411096814
5.301386027925533 1.1872285526414081 0.045820848612272265
7.157901223360401 1.0621039621924209 0.3860741545265284
7.829859034826809 1.0800299869917709 0.3639149552931996
5.497362860820134 1.1282318479909064 0.1632289251448271
6.254748112003625 1.0564400591850036 0.3408805464331281
6.1174396279664425 1.1464020542476046 0.21714854126627292
7.117924165458419 1.0681198700655712 0.38289215848627667
8.670754061145535 1.2038561102729048 0.11791610603048064
8.840714224529156 1.1596419804281402 0.2164272802568836
8.181783171906908 1.1656662478827349 0.12103634313894467
8.767789346739285 1.1376264410604553 0.22936024496741964
6.74611069264788 1.1238266387271856 0.15894868409895507
5.729868074387985 1.1302571031086617 0.13813477474388453
8.883078566485471 1.1875721376931243 0.1424172547404999
8.291366303692216 1.1890514093614204 0.164386694385
7.1035300058058155 1.1136108762796544 0.19540660713874947
6.033007782633051 1.1307450255399365 0.24187387726906454
7.655753567586588 1.2460873460845616 0.028567094490780105
6.139097105926114 1.1811730991470273 0.1435409023653826
6.5417882159084115 1.1255587944316292 0.15065335147309608
8.088706547328803 1.1264919610030169 0.29528692489454383
6.485604629707215 1.067366036142161 0.3004773456067105
5.856082851441151 1.0779402776182567 0.29985720190836196
7.561848392061018 1.187632279749401 0.16645511707510505
5.419141040873843 1.1899147090427529 0.07038062929908223
8.472736068610956 1.1806420863105698 0.10695349882063836
7.57199036200555 1.1621871697788981 0.10080734799292479
7.761475058265926 1.1764238893201981 0.07723411892173883
5.76326488970771 1.1058126815277405 0.2613355592209516
5.4607850670891 1.1433425950563514 0.13597609341695557
5.940980418401841 1.0932288955017693 0.2966345254824658
7.015552855440642 1.069462692694791 0.3760175391661506
5.957524453159113 1.1088351034548785 0.2742326827020924
5.425428237532863 1.2199125035076108 0.014290489095972952
8.852586975408128 1.1851470714015195 0.14840786199938957
8.107625706042507 1.0980444018097244 0.3340883657399316
7.753946494865932 1.1614909939934814 0.11082023243396795
5.604338406971971 1.1123785423231607 0.20984793827002227
5.938765232923373 1.1045730408443406 0.27928326827960087
6.991036729519156 1.0604527402567812 0.3454101304778942
5.458758930429431 1.2126384273988158 0.03149845674752134
6.512425756918292 1.0569781874168742 0.3465137573299479
7.696382510326522 1.1038496069241412 0.33466139356264807
8.295246274135753 1.1026905936653948 0.3094634225761984
8.808166965820494 1.149809830783366 0.2288971324039472
8.81668671321067 1.1674207927889664 0.16757533458953705
8.623667018014704 1.163680679003356 0.21331465163834412
5.570035481325029 1.1641324594771505 0.07137641066451582
6.131536525927 1.125904937410847 0.1471355112774801
6.710494023026959 1.0987067532139165 0.22278945446367912
8.328265140217873 1.1172327964652162 0.30147653248125467
8.027597923152246 1.0946073253372766 0.3367014628515346
5.914958167509013 1.1914972870160405 0.10597634048008225
7.856844111222973 1.1072943924854506 0.24811565808578218
5.5422610828423196 1.1321517268133034 0.16497986543407062
6.476906432165357 1.0665172983878095 0.3569235927822049
7.3598054243246445 1.1460460016640792 0.13106599624846493
7.612124919899053 1.1968167913650918 0.1431392849726362
8.041330345298334 1.146234243663955 0.2551479028040486
8.490326053176222 1.1255656189863419 0.2811748166479767
7.6953993637684714 1.078001558407763 0.35029192075242793
8.493643750648323 1.1823338345799403 0.10851501465655437
6.548389270328714 1.060468017762501 0.33468295553115873
5.707577035457776 1.178471439784904 0.037265070837085225
6.601585683749153 1.1130460439137246 0.29637883352292627
5.828619008644424 1.186359958388687 0.11031196143935504
6.8488690341170475 1.0637535522867154 0.3689267797088039
7.642937645492152 1.085322741581175 0.3001475183367201
6.296260738861083 1.0786186466605636 0.2718362390289012
7.389049880970795 1.19526809999686 0.14410546751469183
8.32492482809484 1.2114885511953914 0.03243795381677204
5.5427742214834925 1.1936718664061214 0.0723295038116127
5.639188325105909 1.1676314800600642 0.13123762228695007
5.730338993178167 1.1023452142930525 0.23165538343506167
8.559312157052876 1.1242068537343715 0.26504251154991915
6.0973997038190095 1.0721737309417998 0.32207854748225306
8.28429994650377 1.1133755433845742 0.26333206939912146
6.315106918283307 1.0651828481154053 0.3410351928205135
7.612031437310826 1.1521646160294987 0.12894783164653728
7.22333100943122 1.0996583265729158 0.24011658609333453
6.339814314744709 1.1155739430871012 0.17673469457292706
6.0983989475510825 1.2288254729590473 0.03387217624542202
8.10947002753389 1.0977369599111486 0.3082200383456294
6.890288888013455 1.069601649959755 0.36471274193897035
5.638557237596796 1.1498718065088163 0.10566206644218264
8.152185713871653 1.2420069941903364 0.02951895746290021
6.220049897673514 1.076934633943339 0.32887460337234664
8.391399919691446 1.206087590656709 0.05078300919671663
7.948057500071394 1.2346520701292736 0.048993040380073544
5.661481359098294 1.188513989876312 0.09110232960593992
8.742039356610379 1.1847995640473457 0.14928039519086264
5.845647966841815 1.0905742517460046 0.2722680145226444
5.9114864415586865 1.1760073426734388 0.0408077698092342
5.781475356376781 1.1245558227517636 0.224263928353345
8.642430924935287 1.1983437468437808 0.12033390781503023
6.120536051008353 1.1861903849244992 0.126328454608042
7.928156895962903 1.188725213704722 0.061871497961901244
6.17300926727458 1.1101414217318535 0.2802422256059694
7.696269960211282 1.0942996351199743 0.3417216373446138
7.262308512788907 1.179930263425884 0.17665404358943043
8.067204937189592 1.1939588511601058 0.14816077185579465
6.768888709118626 1.213187932496587 0.08871050441446886
8.548331228843084 1.1471639148357653 0.19676560148811317
6.312508345273374 1.0925527928404462 0.3142225912770083
8.403396183019805 1.1187949754555668 0.2645057280618707
8.771435331420362 1.167708468566516 0.18016159307313317
8.421404668802342 1.2071453070338527 0.10734676368808474
6.7196042695913984 1.1604959256712692 0.08183219142175162
8.198360395378565 1.1080888741784825 0.2785708845978335
8.317300875921527 1.2073986555786758 0.04445113305087722
7.919911216179484 1.1270423768448867 0.28817262999703097
6.8292314723949605 1.0752989487928115 0.35522817908375304
6.970208956895087 1.1867308995133874 0.03301722698171854
8.695196325355557 1.1809115206586143 0.1603030511999809
5.742184945644318 1.2149280327287801 0.04269926951215204
5.653912708921153 1.1737801319492898 0.1159218747164175
6.24085442550963 1.128410735012168 0.25037726541346306
6.874813997162056 1.1997024696414333 0.1219750885017341
7.570774768834582 1.110116648740297 0.3169283706178841
8.148729159039322 1.135992267143622 0.2691151788280478
7.538962383966396 1.0992679335807432 0.2588572012233254
7.992218284100828 1.107346253324897 0.31600689553642936
6.080700876961993 1.0869384749839335 0.26006981400027485
7.883689890227361 1.098606087704957 0.32765282753238434
5.853390554886708 1.1783855567736181 0.0397954748193785
6.227798457575378 1.1358433022835595 0.13105840704296057
6.855378467675866 1.155198908756164 0.21979765343691324
5.5720230508341135 1.1880082380899883 0.031522979343864894
6.285804084985735 1.0932319277215652 0.30882386746814433
7.5573787816044256 1.1985145603390188 0.028030381113641263
8.406359925984594 1.1874767887226567 0.15621785706749106
8.445025627232123 1.222792160977454 0.02793174219323459
7.538691908090003 1.083973072699488 0.34528409492349654
7.636656531522062 1.1917350833967404 0.15093519539270353
8.451605516856366 1.2331968909410929 0.01039186429403282
7.285125977867411 1.1707188042885663 0.07778279437698217
6.1596623335313385 1.1114417228329643 0.2732789566622236
6.207875073199306 1.2349074409659637 0.022439348893454475
7.238014079965408 1.0726777914516041 0.34562077420185533
6.547288646376472 1.0684499818885034 0.3228518524291407
8.683796348330224 1.1650284598932488 0.17978246159653385
8.453751388148106 1.2067992721940968 0.06413767460821744
5.780837146918641 1.2111949195945204 0.05010392723824818
7.593840076922287 1.1050922069859324 0.24872954783986018
7.86327908682685 1.1196299579814897 0.29762262506658044
7.594123219107452 1.0838294638914452 0.3214124978823863
7.861010941918867 1.13710346688667 0.1822894827728172
8.48274047507569 1.2153409436498737 0.05851118386309168
5.950208232154985 1.1609963042305216 0.16382350899770073
6.983813407392617 1.1183380090363855 0.19117583081471354
7.11120306852248 1.0895890269502952 0.27009574677799986
8.448246334564518 1.1430971612385967 0.24443559989325034
6.372448148140373 1.0778996824447034 0.28972831324651915
6.756427543679804 1.092638963968985 0.3261959829962014
7.627193125390745 1.1143895399913828 0.30561246078964965
5.720889152848411 1.1309416950691962 0.18237284862343958
8.469207129229918 1.2131580854965625 0.06703719247144661
7.905939220321491 1.1496521314705046 0.15626709751625384
7.843534720722555 1.124278385371934 0.21431685825332544
6.085591333637909 1.1087664220589946 0.2052468100553717
6.051376718659414 1.0910021976281434 0.261111796756111
7.627084362408803 1.154885758500323 0.2302977439517446
5.793394573849815 1.1863951470696699 0.028967955511280626
6.119404671614836 1.0998242647254723 0.2295233276483645
6.206844208402497 1.08034461211235 0.29234021050957004
7.499363463314465 1.0830586444686234 0.3242096615324103
5.9358227793337175 1.1136291307037165 0.19939010391598463
5.971276005693923 1.1776152513030869 0.04412026883164767
8.224432021396105 1.1546134491920925 0.22832883712544452
8.256045532320758 1.2026283639643802 0.05829976988930783
5.647184048892395 1.1995368803708855 0.011277653760858437
6.719636002574827 1.198483546101877 0.11676984619262615
7.6065719782998364 1.1216991340628855 0.29200217384468236
6.18303123930909 1.1112585625478306 0.27064339341495147
5.8683798267721645 1.1505052770310602 0.17427765158408892
5.964563219908634 1.1737286677535157 0.13582606793809568
8.173378677960635 1.2120973981168315 0.03176666199140522
8.581474375782502 1.1825539465213621 0.14227510069674768
6.984185775949076 1.0992383961975167 0.32053232017853295
8.419394962824043 1.2187888571443124 0.052793394974651506
6.508221789628253 1.153516788726144 0.20846495508880858
5.9909571278801526 1.194665266181103 0.09355787225834972
6.204462818037101 1.136095047257068 0.13628708285948574
5.754937481186028 1.1495938008713782 0.1599091027827924
6.220700463153239 1.1497038689247105 0.10469672621069147
7.165284985123353 1.168573566533308 0.08202105075380327
7.787453484011085 1.0951641075842409 0.3050022542714983
7.370686639335757 1.1023324962764225 0.24977326143072892
7.966045388139692 1.1107783067486328 0.30180911841594993
7.591700169679525 1.1068185321142312 0.31421210810586614
6.784005293393951 1.1348471785721552 0.2536470631238255
7.270297062848869 1.1626559768842946 0.2089106613788369
8.490953238892994 1.14489710678974 0.23165221224678506
7.1447642688652415 1.0836781844503762 0.29533582156081717
5.65930024829056 1.1700971109786102 0.07602639700801453
5.694832961891079 1.148918188408157 0.13522515093685372
6.2013073573114 1.0867005775188168 0.29484059791747863
6.8547095368647835 1.100619960186466 0.3131769226431538
7.3662190101790515 1.133915329379761 0.2662815749344347
6.109475630254508 1.1047262992055453 0.2226448447831783
7.3116388281119455 1.0944009588966959 0.328368016919765
5.798140028960097 1.156958341315732 0.09788021359428357
6.767336746513374 1.1501425925281779 0.11318239713295054
8.248576262096254 1.2151226663848278 0.07796340253008681
8.118191468987012 1.172126553557709 0.1908234538483893
7.421771805763415 1.1101063769113522 0.23352099093625234
7.874113531375558 1.1030225596291408 0.3058314452780803
5.973933411054382 1.224667041924029 0.028832631751203965
6.410999694806957 1.1549555946828 0.19926875521115187
8.317449220403399 1.2246813424951046 0.023958626422955938
6.396082752526473 1.1445025492673242 0.1200917970233563
6.597555064457753 1.1911382283365752 0.022209872156072254
7.5694249001939475 1.134186195059276 0.26682460914460393
7.547793392740347 1.0928145425866276 0.3238583800625795
6.8902437804955134 1.100639287220971 0.23921713952205245
7.9357697712414 1.1972908699326714 0.05309455036960052
5.852307429625837 1.1265158948045548 0.1837618749227176
5.64960030090163 1.1992650672751268 0.01748343415281882
8.019718033047958 1.1137916345861352 0.2622892965609835
8.14749358757529 1.1231696509597875 0.2448202428735643
7.898033484008938 1.1081487278430213 0.2699222881977379
7.703082889567828 1.1100423994311162 0.24992024691688242
6.436156430844777 1.200004535882224 0.10043761536752087
6.436004113533222 1.0913805720567074 0.2586061154650629
7.822979191208477 1.1402183894672346 0.25512024676790823
7.208878219345486 1.0820190631141584 0.3151975626131991
6.908623056089388 1.2402317264425933 0.02439514009106796
8.333692118032104 1.220690314362185 0.04321793824336116
7.960281406387196 1.1679866757985466 0.12236521129273407
7.463643906919414 1.183267959862128 0.06309948586852095
5.9074800637285705 1.127480741940662 0.20945760185243445
8.323922413585597 1.2201674715939426 0.04042456501195512
6.457022935235484 1.2121495395517874 0.07377794814026631
6.677933968950546 1.1084176358362914 0.21517923240460055
7.127206336719283 1.1459385807123348 0.135804018854341
7.17893705361268 1.1777844975178584 0.17173373439928286
7.791965603962472 1.1589282994994794 0.21839320673600054
5.856223953369858 1.1520073189470066 0.1609000998327756
6.189039974687098 1.1938509674500781 0.014301377105134608
8.31930288193884 1.1754667855972434 0.13234201597119036
6.424417431770266 1.0825716332222803 0.3053260710130066
7.557806299044646 1.1484828052307734 0.2380747744173315
8.110164207042763 1.1279161246255762 0.26902862731242244
7.423035286192693 1.1092493062240483 0.3055285694505366
7.863578857981892 1.1183729719510407 0.28887741602079925
7.895990038830144 1.2165835756342647 0.011620446282809801
6.403474384063239 1.1572110739265562 0.09371977784981539
7.022237784574566 1.0890492232462483 0.27976313854043533
6.308541912004879 1.151804038984995 0.10534447942725478
8.376400290367526 1.1659951433766886 0.19347466688510115
7.318075081362499 1.203904080195485 0.016129493458181335
7.2861084663600035 1.1066248097658344 0.3077591746124185
7.965411101948426 1.1152984564638997 0.28725989817929687
5.917093120437645 1.1402668835016592 0.14139764387104223
6.697677440101636 1.0866791539608127 0.27910911759939805
6.508506242886188 1.182425688022411 0.1412453202920636
6.044385606834437 1.1187047465822118 0.19489679214968184
7.0870400769095205 1.0820649524935546 0.31775559628336636
6.902417531527153 1.213161415808365 0.0823043248323588
8.104105507472404 1.1909988338467858 0.14145425399003936
6.157784539795292 1.0969137496512258 0.265170544160253
5.947960196072065 1.2184130155127304 0.03691896800498893
6.255248637027613 1.1966939585728293 0.09768242990242645
6.659686675279646 1.093480779221876 0.31027955229588106
7.671984029158441 1.1733163935505964 0.18586782959079734
7.183873414561955 1.164833498348366 0.19899164081412754
7.84685712732295 1.1700395287710408 0.11395741873303286
5.668028281415667 1.179263794128885 0.06906527105799391
8.173839279452709 1.175341586506536 0.12374343867316695
8.095258536582682 1.1358638651304027 0.2111768643902351
5.920421438988196 1.1968036645863793 0.07799561303611466
6.1031497883242825 1.1033241818129254 0.2530038760407634
7.727536764688578 1.1298122185604635 0.20371735408579297
8.214408917930948 1.1291771049911354 0.2445909880870454
6.873704395188621 1.1104710144215715 0.2181910098502003
7.581027386376656 1.0962401926075804 0.3001687492144563
7.127476844276753 1.2035102302861618 0.10838396647236317
7.234859160121561 1.1114811608840842 0.29768327818641827
6.513677570195773 1.125058431650016 0.2561874376113525
7.4049075733683285 1.1559676036697875 0.1263373828385824
6.521651493958654 1.0861350046119795 0.2868403906159511
8.29789232057416 1.1878559516257514 0.13898158078401915
6.353127958997666 1.153353922264 0.19420252871453508
8.305429634968283 1.155400449688882 0.21294946580515375
7.401599340244211 1.1009548179573878 0.26602709193161767
6.471360652590876 1.2290201878289424 0.03506395075300761
6.4447384420654 1.0938755119199095 0.2955985082725091
8.016411628730475 1.1185286710547928 0.27228235886434426
8.095954081760517 1.1386340866907123 0.24851648557587389
7.075989220381636 1.1249929492183846 0.18950745246550185
7.618887461440021 1.1283876964985167 0.20382173257603747
7.214703544720795 1.230436258518321 0.04576603563498679
7.7713928829348955 1.129069449666334 0.21059625015337896
6.468834234529938 1.1631842072115477 0.17848429843875593
7.991398247066265 1.2180084520474996 0.07011180248858262
7.328582414164465 1.1534082822991343 0.13069653949826116
6.344353233179255 1.0984380042875683 0.25150825280227657
8.260776428466718 1.1859308909620083 0.11467258239036424
5.980722489505817 1.1920070470070416 0.08878785423793943
8.26422360600502 1.1831608566938896 0.14992274360747715
8.160800939155958 1.207329418371943 0.08853925785916013
6.600767584736511 1.107009655063376 0.28554330135027584
6.731564439685789 1.185647609458708 0.041665141412253665
8.169356611872983 1.1955418822643447 0.08554842724062661
6.4104027243025214 1.1677821853019847 0.07526390219261982
6.278018007269756 1.1132024954846496 0.21129232254056085
6.432783902938764 1.0953239845371847 0.2880039056729925
7.231350666409634 1.0974458838425556 0.30987754778887355
6.281464110399645 1.1544338430064502 0.18475629586666373
8.211906281399859 1.1886100152860073 0.10676465819377362
6.856629809247101 1.0865619831038034 0.30227661917585336
6.803367888029355 1.098886122308541 0.2531676659442741
7.209138794622108 1.1325175503133589 0.2594041264326624
7.605209861854835 1.1934138325447838 0.05244936540446505
7.6657190221761375 1.1885380193036275 0.06623033789891222
5.968914351082093 1.1971367116176035 0.07601434929581198
7.122107620202719 1.1453208255525538 0.14390416213427135
6.641863459185565 1.1838255764852832 0.13869595987024103
7.8804598816449065 1.1224400417303675 0.2731877802553478
6.459310670750311 1.1344254295463743 0.23346281262132726
7.9639605600733105 1.123473036223645 0.26791604662102114
5.970393247527291 1.1872793736667226 0.09509655809368005
8.129806615603268 1.1569028506586911 0.16907846183509348
8.140890132897407 1.2290997597404432 0.030206804535664745
6.739111794082753 1.0892152727444908 0.3046424385884831
7.586841827482388 1.1055527563534486 0.2698676798953429
8.309508916932716 1.1645587166350375 0.18499994213357746
6.754049298885448 1.112278044557241 0.28213623006503064
7.877888775376585 1.1156363118803463 0.26345052736113433
8.038657596074142 1.1558281886776247 0.21604906724643208
6.974538391504526 1.1593751166604185 0.2022617375274527
5.917296582663623 1.1931900488617555 0.02718467225414046
6.893033384539427 1.134236023966698 0.24916443788948037
5.9983148530253345 1.1800260287459912 0.11078243664179274
7.776868941506436 1.1720053953255736 0.18413836350507576
8.284564171357749 1.1581145750235273 0.18494943384490725
7.292592362243296 1.1585850622323117 0.11958578950888102
7.9498234740914775 1.196367628312493 0.06642906075792895
7.044387373941557 1.209174258936323 0.08963541774456509
7.494207184288989 1.153653704496145 0.1405407322789973
8.08398762483269 1.1912614790938747 0.09007743302412828
7.227465619366065 1.2418639781718284 0.01911999828469166
7.825303474287448 1.1448791379444276 0.17924065871114947
7.9592641950382585 1.1926831948787746 0.07648966730289308
6.704270789624772 1.0953459443503333 0.26649702836128186
7.6339961820891205 1.1400389490948404 0.1807301996224506
7.0832423295931655 1.151005622716988 0.13091836579313118
6.073089643396418 1.1472095002498706 0.17784783489095313
8.069596756422321 1.1348010252572993 0.22465354827963252
8.134763285651028 1.210919083130317 0.06762423100539133
6.443964484281665 1.2247241929715713 0.039601098778147645
6.972625839536425 1.1547949329176395 0.20990906549659102
6.272850322004386 1.1283128934580373 0.2290404719936567
8.237337754900825 1.15430141254893 0.20128132774207083
6.1373697535225755 1.2204059537755763 0.03596025727422417
6.663869750057739 1.195008863086855 0.11128751757710736
8.210822109330543 1.1609571897892255 0.19420144967909592
7.312655357102688 1.1280814471786453 0.2652686068897697
7.4321551537649775 1.216162697463828 0.0754111611023361
8.070892635546636 1.2215964704851994 0.027322775376834814
8.157230501335807 1.1957787466103338 0.10371734102984133
6.929379506984377 1.095359980326204 0.275144477830629
6.73642819538464 1.2137917566672258 0.07065699278860724
8.141345573951927 1.1442075756758756 0.22618458579987552
5.970625137405973 1.1539175528733314 0.14708677244216103
8.024396577617672 1.1298566325682033 0.2454940280424466
6.305935150040243 1.1862021317820288 0.11493387752248846
6.958741452689313 1.1336193895832427 0.24919311524851087
8.226960895834635 1.161246734083936 0.1864969327194868
7.477059643400283 1.1975090733632967 0.04143341322104122
6.693736615337713 1.17381731152108 0.1594450611585023
8.052253123242409 1.1915487597415009 0.12816507569904648
7.84796559876607 1.134106171893083 0.2526501185937642
7.325278952436431 1.22155913335251 0.061533828692656015
7.42579243105857 1.1112034149915706 0.2882386597203189
7.872125500571828 1.163118552519686 0.19936479126348505
5.996074011793519 1.147488542244039 0.153072059144642
7.1294641592998875 1.1299784147066148 0.2584697981556035
7.961677662854825 1.127004480461539 0.2482359219520002
5.948308833598702 1.2236598735868347 0.01742512131080691
7.222420549025323 1.1370984456638513 0.1726037616748492
7.56104407921474 1.2125197919403665 0.01292118485159916
6.922307252789153 1.1001436169160252 0.26205448917205926
6.605076470427367 1.0972122425503983 0.27152864056746157
8.147029841395439 1.1680635765107727 0.155162890952136
8.159104557753478 1.184650929730709 0.12804425611763678
7.9955765799082315 1.1607809903480903 0.1579897327206034
6.942929573657189 1.0950778477202174 0.2917778221902939
6.28640443962782 1.1143909436545671 0.22556917319459593
6.837707899416442 1.1565900135503921 0.11372356828891257
7.8979438266779045 1.1838975557323357 0.09779405932219144
6.582314027663651 1.1786754478798342 0.058782816065457384
8.112198172414724 1.1908470762890033 0.11718955697104735
7.137832760719018 1.1078102463588335 0.2894495583853385
7.907923573003975 1.1811088484673389 0.10562373432184666
6.247122384425587 1.1898291812800372 0.10162518599643922
6.75232959510336 1.120784839248557 0.2016253488658987
6.829106736941803 1.1343966062339055 0.24213334747516332
6.345389440465905 1.1912182516466874 0.03128492844858548
6.624898574106025 1.1165718922432284 0.21158203310633258
6.489985398314451 1.1908129463059114 0.11127100142938962
7.309719005123233 1.2214959012481126 0.059967061925622824
6.57595912517548 1.1165393719513212 0.26132712219463267
6.594699860229335 1.1876676390650984 0.12254878342040557
7.974679037194511 1.1937640525938038 0.08341999828778054
5.782150041198193 1.2025824048117426 0.030671680734332435
6.100269263318454 1.1389833428330345 0.16978407896621617
7.905929095086787 1.2168754895529115 0.06301066077438128
7.826511337674292 1.1723721893275263 0.12109134226238227
7.412424318716191 1.1053977855646802 0.27583159177418726
7.031665417911908 1.132310155530417 0.18005336324855836
6.8938151002987595 1.145754291709536 0.14274504213637537
7.786183691550118 1.2258644936640504 0.045878269743740686
6.230897330813656 1.1272269294552715 0.1925009600497661
6.778091026787612 1.102763183760336 0.2551792453085432
6.216961328231513 1.1243469218004685 0.2073927456836203
6.174684553169957 1.18891194038979 0.09803532834895543
6.914772107267915 1.1239813106972467 0.2612731016494603
6.663538020259969 1.1938183467091614 0.11041482659013874
6.672600396037396 1.1080308786028135 0.23829351655436493
6.6177523197879164 1.1973076356790602 0.022001260864743286
7.470697343200916 1.1774909745976232 0.16464273252411535
6.693291116345707 1.1669601136509966 0.17090787577068098
7.877410909806372 1.1282095791208335 0.24817635060290463
5.8973162439620275 1.1881719753290194 0.07393100927911762
7.876547835232593 1.1418936545956022 0.199054473793795
6.350332197799725 1.176441519881059 0.06396302531764608
7.839956520447712 1.1273841305882843 0.25199099378950873
7.468958206409006 1.1777916475193464 0.08935450822788712
7.669390309607655 1.2170080826239416 0.06733478099662035
6.597541318968894 1.1322550421150712 0.17311003274430725
6.770189815587221 1.2168291102405042 0.06109866741366096
6.635294178707021 1.1520584991406586 0.19852855457439478
6.255767570532955 1.146065045299606 0.18546204241003147
6.545181464951911 1.117968210123672 0.2533998332510724
7.108941337030071 1.1070655203891109 0.2839645825400497
6.328763968988097 1.206847906599891 0.06743976187975147
5.955761568545631 1.1771145346256944 0.07636687467203791
6.266749875431447 1.1654365083790053 0.14911977794969253
7.007983006286953 1.1399313814200842 0.16332835074507365
6.973152154436477 1.1081625589436745 0.24739500254329735
6.463037172426059 1.1894634476987715 0.038133746327454816
7.473978475162729 1.168938788635199 0.18205369404646735
7.9556274073990405 1.1531422163402614 0.21001543390625574
6.15752252709844 1.1598721257694957 0.10833637874948542
5.897543977182892 1.1967781662871761 0.03524373920291382
7.9132285579508554 1.2137975533295269 0.03956652669517929
6.029659936606256 1.163034438024162 0.11291154100932267
7.715318392062496 1.2184569347439622 0.013709837982717445
6.420423430449048 1.1193944912428162 0.23929960557862973
7.648989268642527 1.19645050297751 0.11633081758617535
7.814071082326102 1.128965396214444 0.2391049292739351
7.357599710447994 1.1092514414640162 0.2664587461248009
5.841026720698828 1.204721658178267 0.028896662162579474
6.8840811935167405 1.1893742232723234 0.12479823929582648
7.810052115710452 1.1995048125933847 0.0620311543126121
7.221726611421014 1.105785127687163 0.2760048156815007
7.793259797760488 1.1286989952044042 0.23913189948063074
7.229866072136243 1.1227165230564946 0.26475086619348537
7.549047147970946 1.1985757580299656 0.11081107185737536
5.870600605880892 1.2044176054365578 0.036760891506629076
6.380198859119483 1.1206809650290583 0.22845574076515518
6.809049426001824 1.1042545412318585 0.2645090291707336
7.549954608652779 1.117183160926945 0.2635505295024309
6.658503611961859 1.1334212231753962 0.17464156622082322
6.010058892381398 1.1976932406487368 0.028193413526926954
7.990468356490306 1.177293653322873 0.1514590793360503
6.16587138619319 1.1595869560002081 0.11307078101730826
7.606137546776882 1.2219132511154291 0.05304721826850802
7.0415114288634335 1.2089729430555032 0.08149775251268786
6.305814342990942 1.1575001276806145 0.11381783741966993
6.4282344177680475 1.1361583413771659 0.16918441793313987
6.573383214376607 1.1714606782101136 0.1519339805528698
8.007380694219224 1.1614659430213703 0.18109463119709815
8.013732105754302 1.1668606082089714 0.16746081048018735
7.205470504858711 1.1941546016318154 0.0452236634665148
7.617168729031874 1.1844022732126451 0.08661828008389133
7.970845638218487 1.1833000626036119 0.1287770035196121
5.937351511110403 1.2010338523662292 0.027681044141839993
6.791003285089163 1.202254158660841 0.09069524072764375
6.869162398912771 1.1064963464535806 0.26750977145919463
7.506719085064383 1.2002061820302319 0.044566188336955345
6.18557504942542 1.182450184658772 0.05773676094713083
6.831535880413087 1.1069275719181078 0.2650540631546802
6.397618683573171 1.1885202006255555 0.04280283267042874
7.7948068637425845 1.2330152350456753 0.02059122098501058
7.88767067519133 1.2084686262844306 0.06520405535583063
7.749641688106674 1.2079785630442776 0.07978383056078661
7.436001328396328 1.116593599130735 0.2613395082235851
5.8629864247948085 1.2144505183844165 0.011686885533164621
7.757954856353393 1.203486604299872 0.09014402101489608
7.9295984293071715 1.179148792464564 0.13144787812351824
7.922049030766759 1.1515411302444227 0.19768082793689143
5.957371086551001 1.205169274824116 0.01964810999944786
7.901661449620201 1.1889728040976775 0.11563850750223682
7.623826804491946 1.1253488908497875 0.24576008925685797
7.618393482915993 1.154059615743379 0.16146220492274896
6.038930054116117 1.1842353447972727 0.08367341766337517
7.57617694963505 1.1463925828518846 0.22321347820586512
7.812183990112008 1.2142212994604538 0.0367649129077721
6.107472038531249 1.1867126501290457 0.08752733734698584
6.542867443689257 1.2195242548933813 0.04485923624271586
7.006783872842439 1.1385580820067358 0.2314309339683518
6.571626019724274 1.1564850300299878 0.11942893972412044
7.711305701761207 1.1937936819346506 0.07412640873775221
7.722646939377176 1.203338163645801 0.09046649849179356
7.681262738604998 1.1641658364543135 0.14219044252171556
7.651138438680741 1.1290076237160074 0.243641610210963
7.676159832684254 1.1862486841899795 0.08950263737752237
6.382821221062798 1.1735930366401643 0.13320836621743537
6.943741232669451 1.1096132196754185 0.26190710362847736
6.518581667774322 1.1342472164690762 0.17902258478855138
7.834519745632765 1.1743782902678634 0.159340596637379
6.855920119061903 1.2018624299852476 0.02197901808741449
6.673193191974693 1.144307321332904 0.15231677214567518
7.237626417314393 1.2236867825786963 0.047590744809252475
6.832735971206457 1.2144243102485515 0.06257514768619202
7.0987084443723685 1.1708401751980297 0.09771524678246245
6.209399422758647 1.1847814449237446 0.0979233883876883
7.296302110172624 1.1158908797379723 0.25583798686009745
7.4557091589493805 1.1854153660132687 0.07925206149641317
7.342347804846023 1.163808821841716 0.1857305728729589
6.633062313959673 1.1179803889665672 0.23794704636820324
7.8618255435726745 1.1536424336197848 0.19262084742071756
7.3861067656558514 1.1349958660151476 0.24032436882605593
7.361147599405637 1.1548926053391024 0.14856847198132794
7.853134202993052 1.1672056109877882 0.15376936207709302
7.855612201603016 1.1838433147667373 0.12466289185955823
6.819988390049547 1.1759027197098677 0.14745255786830067
7.063372934120487 1.1597071745480432 0.124788515708264
6.186023869955688 1.178760050268995 0.10452218591119963
7.079623913881399 1.128022126330766 0.24730873168017414
7.491612699638713 1.182787322287427 0.14264357475859626
6.716526168687713 1.118754429002867 0.24417997626913385
7.802003016808808 1.2019041402163175 0.07736125686521998
6.62662485923242 1.1725588740184647 0.1459487018494439
7.034106356843074 1.1155854698575558 0.24675463393576877
6.4208542619154105 1.147435073879864 0.1806691104556609
7.629506587565983 1.163816546884211 0.18306649247590465
7.085576870927989 1.1164074675922437 0.2483422137751308
7.296605318923039 1.138252395441131 0.23227032503047013
7.697878505784912 1.179325256573656 0.14626974429162232
6.9438057801169855 1.1883375431635397 0.12118991526905386
6.924325890913302 1.2277193802498982 0.03361377623202641
7.770222934938227 1.1885705473636525 0.1038424281734419
6.99464960175178 1.1195156068210559 0.25213876270338204
6.925384887258556 1.1501770849896893 0.20270989205453424
6.601320670664267 1.1454879173782015 0.19684865537307947
7.610696616174142 1.1363240390161193 0.22889423301242948
6.88546166069295 1.1898005452573244 0.0509667032040694
7.269729269621736 1.1867426646664694 0.13024334558616957
6.127930273076821 1.224012213778658 0.01333232668525774
7.79988751322205 1.1698696597763476 0.15175850998090623
7.646408073771324 1.1812218363895974 0.10741755743126605
7.401923075228863 1.1841135412893706 0.08422009943731328
6.326646082176566 1.207343740825881 0.05631864284688281
7.715170124653701 1.1990733625057488 0.0864924164200152
7.755628966883663 1.1742985724722073 0.13976654530198063
6.846058767373101 1.1327147306323195 0.22777712587712484
6.432485181260914 1.1504950178125772 0.16735149830302282
6.309418652000046 1.2165489355741856 0.03632468258279236
6.43681060712132 1.1603791273484119 0.12076180168971125
6.440743695789864 1.1593047397128078 0.1534776530160254
6.654554029770251 1.1741915983902296 0.08509327952805498
6.2508846850482165 1.1890752733232341 0.08421290051562552
6.822457433576938 1.1578270580154977 0.17996243142821688
7.611846500202374 1.1989285047161915 0.09198035066301896
6.207846229374519 1.1813028058587904 0.08997310181704822
7.411689797194596 1.1578079931709846 0.19171229308451337
6.592264966039764 1.1358318169033006 0.19809353096982268
6.999927976624425 1.1655732770116702 0.16930693647665002
6.571943628343911 1.1525712768953142 0.14297786250889025
6.656639853926405 1.1670559004061367 0.15273723804128986
7.66074018213067 1.185347470443801 0.12068012394647673
7.258102894754639 1.1311010345586532 0.21691451508173815
6.780139335086165 1.1290979284426388 0.2120790796976336
6.737947079161927 1.228845383446275 0.02467115828083291
6.536396705773626 1.1907630329190553 0.047179592251505975
7.318613769872982 1.1333247472651617 0.23039602034811701
6.801162183610877 1.2167724602361298 0.0508003792181519
6.739328309749219 1.1371109099666332 0.18815816007491326
7.593070139673863 1.210663390226625 0.04009051491612993
7.18355908517754 1.179567248566481 0.14074654026456496
6.134274571698368 1.2123657587006085 0.01054518312218487
7.490409266712954 1.1676774433441595 0.13581794464695415
7.499011966844487 1.1457459033095725 0.20906104754257906
7.276365675026746 1.1715356960222916 0.1596298999568705
7.4028211513258615 1.1722458167908254 0.1584340482739088
7.1817075777932295 1.1799911257598346 0.08803791552043314
6.566989696186456 1.14500103935565 0.17907205397733722
6.902327095884848 1.1747703751741776 0.09119414860630945
6.705724646653749 1.1349510676011343 0.20325608223930508
7.592844507633263 1.2122336469276855 0.05724719092285455
6.45357880934373 1.1582100903011647 0.14612090868238276
7.295955708472432 1.140849234272138 0.21852314424873576
7.50091767846474 1.2185715934327543 0.017543783440984267
6.8819507092781205 1.1940468201908816 0.10052050060257503
6.430685446080055 1.1649424659646885 0.13384260151710028
7.634241737725917 1.2294840651541423 0.015209915742870044
6.82075970077396 1.1358155692284415 0.1959624924225628
7.4172991167041165 1.2074749783721388 0.03602896685291233
7.521138243036553 1.1512710432852373 0.18361697547157835
7.505478863338375 1.2063165220692187 0.045283811886253175
7.516541060378561 1.213730020471719 0.02958512861799297
7.094486482652343 1.1736427231268678 0.1019914963046802
7.581891723546642 1.164746678958118 0.16634354079125557
6.676589535457948 1.1713687744567656 0.14042478938696965
7.134951932338257 1.198779457320236 0.043672574612289544
7.570356471706178 1.162390729258782 0.16969774478517238
6.957820334082557 1.1995476568440981 0.0887656594885034
7.116830716148495 1.1346840576417014 0.2211040318361466
6.955105089006114 1.169955275355601 0.15419529256332362
6.734209707561515 1.1459905474677938 0.17003727855209533
7.501286734602807 1.1799578821789902 0.13352324870957036
7.398697786764441 1.1546833853858038 0.18991567228657621
6.66381210399158 1.156695124797337 0.16548195777544175
7.191301590253742 1.152094248919484 0.1942379201130173
6.422428204996981 1.1904809097471165 0.08619934432933565
7.057719978360936 1.1443329702647795 0.2049169482607546
6.541085782796314 1.1768810705203359 0.08524006693928848
6.682999155111245 1.1894855086055693 0.05523392967228695
6.518004687673622 1.1850067222661231 0.10183607107632357
6.693151006154386 1.1476302333336992 0.1777291755882606
6.277865562151396 1.191786004265229 0.06978859620296983
6.640057321300931 1.1532917861262044 0.15792638799253855
6.7520738645397085 1.1713677819596355 0.14077324722750822
7.511686873074911 1.2104035085882288 0.04145775328663221
7.02905110848503 1.1694689588508937 0.15497152277795945
6.932554780369625 1.145545111539307 0.19720675409202854
7.469292928423396 1.1769358078202004 0.12201566451354598
7.248737319975977 1.1433743690500573 0.19507162317818033
7.384354001317218 1.1584913415139397 0.16163755399967444
6.918618566887842 1.1412226387102735 0.19134733504688278
7.19319972613132 1.1491432514920814 0.19619427652781357
7.451160546274332 1.1671586577063897 0.1591666629707329
7.209507750995607 1.1706866626539625 0.15441933856108703
6.95654851888569 1.1401891935330735 0.198137770215019
6.477860182131105 1.1722185864202213 0.11452996891578103
7.461777224950714 1.1734836759785914 0.13737215235792957
7.0328224407615 1.1705540918226793 0.11297338434111572
7.391096441877634 1.1839427773637872 0.09947441194041781
6.930089836749801 1.191381748747617 0.05795656978940267
7.180173226419033 1.1446427304002835 0.19399722873947645
7.194484329012388 1.1704177625327192 0.12137633001175982
7.410970895859929 1.1834431621670787 0.11828218701132603
6.643743796197983 1.179383921212194 0.11516855680755389
6.44043421482135 1.1785476101771248 0.09418106220609151
7.15635725418905 1.1463837487831512 0.1898977239415
7.318418953350166 1.1550073481736434 0.1760682673477941
7.396114594830884 1.1758503485141512 0.12741627223338864
6.602855562130827 1.1687557579135666 0.11870093771405436
6.952677857518573 1.1832386214079649 0.08015356027356095
7.341617747378862 1.17181421679856 0.133584175900333
7.043994143844596 1.1612152564156932 0.14285038452100124
6.4997844302731504 1.2073371088053686 0.053503185106979545
7.103386597114097 1.2047820441900767 0.07340739240668681
6.482745836200802 1.2066086732780203 0.020386026536859392
7.038412728956459 1.16016152422249 0.1468755253865792
6.891190479545864 1.1637549457180987 0.13314923883788965
7.268769682829857 1.1969720746795554 0.08839387416171104
7.42001057480539 1.2163610440975752 0.02830780120084847
6.727427910607123 1.1657213175310845 0.13031230809650432
6.285830566674051 1.206937750369369 0.03790050307159682
7.0730706319701895 1.1834450432909733 0.08642806332461664
6.684382572099432 1.1749879106844263 0.10054593384048938
6.90772635145629 1.1592781554974982 0.15236853722894986
6.767859017811039 1.1658626649322548 0.13671603486459544
7.019754405927543 1.179012301958592 0.09656590664714541
6.643194497547345 1.1741994657984798 0.11566488397653556
6.841279280549998 1.187144710943721 0.10400983397426919
6.9673223503759765 1.1762741872534792 0.12892701886286992
6.86937623235397 1.1637978761337258 0.14069381503988007
6.8093855268443395 1.184421422095439 0.10725759515644882
6.608553453001134 1.1875946660642331 0.06819493193741816
7.072310748389052 1.2117709858060524 0.05531683283862237
6.303613791573293 1.2138961614928052 0.022436554496613168
7.316936711962862 1.1994669284909523 0.06646337952937202
6.766837814820288 1.17720824079122 0.10041986380954067
6.606386314415509 1.1984453468393752 0.043293703229170644
6.887649083273015 1.1748405339776289 0.11724909745884517
7.218256398598882 1.2090956792832193 0.05722792428357833
7.246166883332231 1.215798773086696 0.042527755604706584
7.134913359979215 1.1982053987088892 0.07977964292694228
7.215050321304149 1.2180791815650802 0.037453315591674675
7.156521321122964 1.22072875628517 0.03306240260426793
6.503156960489475 1.2008907293213915 0.05498238157532398
7.266624175121304 1.2111565389780827 0.0426162397796378
7.214948861867192 1.2142046864521874 0.0401561370801764
7.137680993166972 1.2133935152040891 0.0418286137193847
6.982710928405648 1.1979976595746904 0.060005990054165056
6.724431304712393 1.1965563292546761 0.06570714301864643
6.930032027558969 1.1961605462417393 0.0711514824634572
7.061800310894331 1.2271712084142912 0.01231702626393627
7.108710674316544 1.2143215983669307 0.03629283657172942
6.575011297429748 1.2199577668834387 0.01009929574754894
7.020465947622808 1.221676119603532 0.02328263109033036
6.687128361940697 1.2186769359117977 0.022221632041299254
6.798543004675878 1.2055962945680303 0.047630500277710076
6.961763722493949 1.2149045656023596 0.03140999241493959
6.797592614508307 1.2177776863304557 0.024364370523379284
6.803788576378171 1.2165238946466792 0.02489233397987748
