alpha mmin delta_m
5.44798662603497 1.030753554432306 0.8395565071982406
11.75835692950621 1.1510128765957441 0.48879587171590794
2.814247771979862 1.123543418608494 0.2603100333332762
4.015504857424979 0.9868331573109135 0.6722180269441996
7.731485173146561 1.1524974371089445 0.5771165194481274
6.98538733023209 1.1446742407720223 0.1628745452844118
11.57035064973978 1.1388694608231749 0.5415985216290702
5.973702935096432 1.0030274936577244 0.9506131762649896
6.487824592315949 1.0472252973064196 0.8704902136050292
3.737956060593131 1.118600710693775 0.39363679322533496
5.957523559862324 1.0446276309819824 0.8105126999261074
11.656543413212272 1.1104276662036696 0.9418198310180187
13.09082496660913 1.1042514822849911 0.9799895829723224
7.8171207726245555 1.0897726022551937 0.8251795429409787
7.414232263165982 1.0833226578340311 0.8163692450903796
4.695595949212484 1.22486669948686 0.21691579496058297
10.702696551259294 1.1691553470758211 0.4503738965753847
11.311539752784078 1.1378014537541896 0.5941897769297143
5.342335920483736 1.027115320713406 0.7599728948611019
5.863880048908776 0.9839413759220439 0.9414788323820478
3.776288189295764 1.1447238644054711 0.1096895689812596
6.253137788246018 0.9981035277793701 0.5431126846307225
4.550900450376567 1.2909226745634041 0.04184260457553095
4.93224910743659 0.9719727152914859 0.7725890271948048
9.921250799267616 1.1365471944119743 0.39907757805781824
6.992666475404533 0.9907307976877943 0.6396695200138665
6.11116451743635 0.9596897067734246 0.6957801731027099
5.39704559694613 1.1879676936429764 0.03151759265331974
3.703886200002218 1.1671696570112162 0.07315140309738855
7.9193498490018275 1.0731545419630477 0.42870444356879067
11.123317270477031 1.110442538493659 0.8589432111689497
6.837922640555412 1.172111995774371 0.43773348596177825
7.981317419590438 0.986586502994262 0.7750430920479109
5.2446261225934805 0.9692419177162105 0.7922435793348477
7.767605316584023 1.1852524911995648 0.40862999846026854
11.141636137705 1.0554384131874783 0.8376405562057208
10.52622104130321 1.1080642633053512 0.5902874462055588
9.028685359056531 1.2527565149205189 0.05550120284660324
9.582977706111818 1.1446824942908504 0.36213924317676804
7.497763260001021 1.2081613567459817 0.32273931887841995
12.410865044561167 1.0629018348300228 0.9768622565072194
9.276248839232062 1.2355342712891375 0.19980123687736773
10.451634901118464 1.081418543358374 0.6764631473434323
11.75160252605734 1.0737213008899682 0.8645990160716589
9.080858838606453 1.0225209219844817 0.7570548024703794
3.4987863394581336 1.1502349372941372 0.15262340601212493
7.142161041333516 1.0154415744845342 0.9850427626268512
10.603388897715734 1.113666082953465 0.7684991679377592
6.910733466269157 1.1083468784074055 0.6406499804228615
9.13033080950632 1.2240734665200557 0.12038533577149371
11.366392774386796 1.1004769802151078 0.8566854604844948
8.23038844623076 1.152146535161441 0.23482774002767523
4.628584545330678 1.173373723828621 0.3181292769526211
3.608466342701446 1.098104026788894 0.33715184898770084
7.994886978678403 1.1697037987866885 0.18392061306064925
5.442481860383383 0.9881406782186151 0.7593662746372847
5.480863563039765 0.9964594184386268 0.5600108134665708
3.572489121105839 1.1338319619908277 0.28802138814855704
5.30483921070439 1.0260057503284317 0.4390547679134834
5.947365554048298 0.9641607430506174 0.818447770867512
4.2583079748337855 1.2120348489482011 0.20611331284946513
5.676325987563889 1.087238326127848 0.595589110308417
6.42234495397634 0.9741655113699464 0.9401535959921876
7.50423752471743 1.023248541374608 0.9805788216465432
8.115409571418715 1.098987509187138 0.3927892001317897
10.250489433437558 1.110536992888432 0.7476293692420715
10.45311381130318 1.0753774037852066 0.7333243905163662
9.469717604086833 1.1246505941534073 0.6602614507651055
7.523187271172542 1.1576910146226729 0.4826544686879645
5.083477866221106 1.0086264208166884 0.6587559504803301
8.847749227273958 1.0824105416347112 0.8518811237116614
7.131092318033508 1.2247746276598819 0.25186701083086277
4.464821706398785 1.1118236033757745 0.208665966529997
4.734956307259308 1.0134036339974093 0.5073357911625808
7.891151749144601 1.102490483092772 0.6991634437534671
6.337248830761739 1.2368312008486784 0.20511643541554397
7.6229306258708505 1.1323919856902647 0.2625992331769158
5.483065533928341 1.0739928581733256 0.3149291111555506
3.703153251788164 1.2690669632222675 0.0239904417110353
10.506431077739899 1.0580635980809285 0.8249187062411757
6.040933448457546 0.9931330772786781 0.8076929966360886
6.934683433711761 1.1159794493236868 0.2704018414088525
9.730118605004234 1.06128967505864 0.7196574871747059
9.020622877798937 1.06885446782027 0.6110938850279624
10.469374399294974 1.055857176088176 0.8358295191891236
8.891288374662441 1.1636853936870004 0.459234194657402
11.241344338600296 1.0509063154819025 0.9555571306242766
9.779704229582983 1.1153191841144654 0.6744477893266242
10.236336722298345 1.0890205879936248 0.7054038849185387
7.7833545007467215 1.2601650789074452 0.1399492547450119
8.83903862075819 1.0653751478146434 0.6081968458792384
3.872811438187574 1.088306734729671 0.35288776525746385
7.646462450036047 1.1930927433333502 0.3525607489404705
9.968322967032222 1.1145154189186603 0.6508141227162545
3.6724289689930405 1.2670713885369125 0.01706982438051422
9.29190040937625 1.198859334917675 0.22220340506431624
5.245267977050451 1.0836008038373082 0.5436720937395694
5.8439948860976205 1.2086390031488623 0.2698699412511173
4.285107511757904 1.0613923413896493 0.4508699931103076
6.002599249503277 1.0007336417650625 0.6233437042917434
8.815269973283065 1.0171976831080083 0.8117121105556512
9.38460454091082 1.1791781159597137 0.343978044747276
9.27848705984853 1.1669687647188698 0.4171481141150852
10.205651951018789 1.0969160864323362 0.7476621461415163
9.111265555106296 1.1881178443894573 0.23059456549823348
7.439935403240538 1.245424690636408 0.012500307107486383
3.9632465138356103 1.1648652090221667 0.11632272840958718
6.362428649283883 1.0518481666659445 0.7213800846794574
9.215236471530714 1.2255409284848924 0.19175305631037684
4.8394769469799375 1.0265514482199214 0.47901223233529616
3.6972730723574383 1.1620249156371132 0.23980517151294456
9.289181091995122 1.1685912723917447 0.40380354169142096
8.090762735216925 1.0340059350167505 0.9636500117877986
9.131377834714902 1.103241035415227 0.7212282009806508
9.08628420182454 1.0523804160126389 0.9829407452383815
8.529994303704816 1.2434993431202084 0.1726927801350778
10.393290690554029 1.0688308116776761 0.9744214051311646
6.270393507876989 1.1467895918683615 0.4541300042111336
3.75273767285411 1.1352012334950432 0.21409011451287296
5.972776650161734 1.1240176624250666 0.4985512357913913
9.064813675496998 1.064576620599707 0.9113588619817268
8.059277314725957 1.1275334950710771 0.5822476523501368
7.552593257303142 1.1196770653537196 0.30619836290805125
10.047284406307133 1.0105059812924677 0.9998063957841858
6.493655545938859 1.1708522479722199 0.3922217789237465
7.095795230178464 1.0094297327080206 0.8930789717630141
8.817307530147234 1.1424160593398347 0.3512863220075005
6.352734459281084 0.9967318540158773 0.7348118595908302
9.722000989175799 1.1031417204761313 0.6752040639737884
8.988597440844178 1.0918911755173637 0.5518611137902701
7.433406904194857 1.0134914467693112 0.7115531008217757
10.423802114759798 1.0592307700455839 0.8781030399930073
4.834347569552275 1.1246990422898842 0.19729673641748904
7.346126223616505 0.9898827687146023 0.9563735632501803
8.28158143296908 1.2267751504118891 0.2243397825308333
9.432471447050155 1.0501024630563593 0.7733908493537547
9.348101153836462 1.045705209619056 0.7825902878606358
8.509855051812428 1.1642068273188373 0.2529461942369004
8.179912206261688 1.0610561556140792 0.8377647984060972
7.498994629558215 1.0315886978484825 0.6378695486473825
6.76705587913021 1.1036618029376761 0.5940707506887828
5.735587516215814 1.0898262824404983 0.5552300795916805
9.2648222745209 1.1206231916451868 0.5097765221030517
4.406256602054707 1.176962074240186 0.08584247562069261
8.92182999626757 1.1987174229959117 0.19749399004231985
9.328384419174192 1.0644136225308984 0.7181925545206528
6.740032213096686 1.0148507548369659 0.8082407391346987
7.159993584000311 0.9970034811846116 0.8133612312984382
10.666524623621878 1.0532416445874828 0.9714927730867725
5.004905438152251 1.0427130620486569 0.4366727638358376
10.72919983571835 1.0445781242984606 0.9985567457025342
8.167238256806764 1.138068752375002 0.3086851146021947
8.804670757150161 1.2572178658130302 0.07981323249226432
7.926599517327318 1.1971815662505996 0.14157527462829006
6.266903601255155 1.2520642234737083 0.1525883734418006
10.172964102394566 1.0622488583515652 0.9048376468818977
8.334667824212062 1.0002438677670962 0.9035548165940641
6.692381734278328 1.1232400200419865 0.2565313991698896
5.6961227868013005 1.0274395896535697 0.5253949453848549
6.3406166650608995 1.1171014771490009 0.5254698535187509
9.397846230952036 1.0893422599853761 0.6612693270586044
7.088237366991649 1.0217706609572998 0.6650523818353172
7.734387564820537 1.0106947482648911 0.7928925033189491
9.041501345205637 1.052181547620617 0.924846227668273
8.524293847582845 1.215299196610919 0.2462227835787623
7.626064545874273 1.0821319887971743 0.7045493281075019
4.0396528018965725 1.1228013155675662 0.3181041189844164
8.815151639906276 1.2263374353098846 0.19671127434432784
7.671681556129824 1.0376826300912088 0.8507198506605055
6.76809558367388 1.134314992428709 0.49613941154388586
8.29906799391543 0.9978445623839981 0.936411332051066
8.45346589491997 1.2383262175993137 0.1773646264749609
6.6221061770880905 1.0551186546974347 0.47296039598936485
5.580158872298261 1.0837531194306997 0.5422433150922603
10.22624920391642 1.0436260017191066 0.9793659055715889
9.312476286064081 1.0637089582391288 0.7563048418015151
6.634983924544917 1.1027865740290987 0.3124474353991922
7.866445269034051 1.003452508628896 0.898410223814292
6.637431479344238 1.1060190259634985 0.3039210438218016
9.013440956405836 1.1287140724213327 0.5219550248692314
8.74713754772019 1.052271321299446 0.8807704365468894
4.811672976701457 1.1994277145170817 0.04265214153470261
8.371632257511536 1.2783103247445418 0.017385673364581265
8.97874331990074 1.132757648307123 0.4503849525997412
6.535088862130067 1.0820754578246072 0.6205468141935703
4.593948335504141 1.1789004159595429 0.08754229659791501
9.445919603704773 1.0434817712140652 0.8638184893733659
8.004307397475522 1.0340289309870483 0.7196721601426824
8.134138198517062 1.1768178436196983 0.38125040657823905
5.178115876193996 1.126740916718805 0.20673609743670657
6.504282605710465 1.035624479391408 0.5571320621391413
8.84828753092692 1.0534273376738588 0.8744107541470838
8.032823328637328 1.1024724575454814 0.6397547882328871
9.260173573413011 1.0360595115172058 0.8749601346427004
8.641144352822419 1.0783639971212156 0.753673575759231
6.683687105802804 1.199277330687779 0.30065663113605146
4.836702747513099 1.2510337373585534 0.1234701680413335
7.6186881687370835 1.1455316198452186 0.2529533406098203
8.280175053770112 1.0158016078166798 0.862025005673759
8.73260765897996 1.112145122833425 0.6068016707045188
9.292181271210536 1.0675243174067581 0.782142152586006
5.488945457870857 1.2493788094108331 0.14431206867257385
8.069507208392348 1.0273025339051527 0.7715075896187005
9.495928189340226 1.0193240487598394 0.9824451884490253
4.950835029191852 1.0504520656435667 0.43992226054173367
5.947020300471781 1.0287676518053535 0.566461416987776
4.501567194530189 1.0966774875895846 0.2830586827892382
5.702864557475451 1.0534836100589189 0.5964929917118452
4.740992245468782 1.058390624236586 0.44923743659376236
9.658899444488906 1.0438885675047203 0.9278617601750361
5.599621945950895 1.0795009521006387 0.5454807255108138
9.16548404875086 1.0133462028880795 0.9761754201840718
4.514129262281273 1.085201949386474 0.3156349598521423
9.191721938773178 1.0699281010551036 0.7496344497172218
7.414793214200149 1.197863692737731 0.12291704264135277
8.638022317075297 1.1704121285240237 0.3853008299242714
6.360985875876244 1.025463815595001 0.6853514970585011
8.649866293954677 1.1383474832009415 0.3787414929715926
7.8778493218006105 1.050612211861669 0.6326308544810596
6.134600935246221 1.0423141665120619 0.5029669466836213
7.954342717670395 1.015553723450683 0.8902770584041396
4.7777710739472585 1.0615663383555094 0.3944452839703974
8.445108054998164 1.0651257258179903 0.6410574788290793
8.969917254624459 1.0257076214853111 0.9969182470672204
9.491125443911963 1.043079009340768 0.9264491844904689
7.782055558629541 1.2355074362475078 0.06369332638207745
7.575783816554676 1.020611795951039 0.7742482639640393
9.102838220316483 1.0448010554630158 0.8366748291867563
8.777943080307068 1.0345703407362177 0.8351518805989954
8.74187743379985 1.025555952316082 0.9657634184354881
9.230543200810695 1.0531822095408336 0.856127970556988
6.321842715927842 1.152370345105893 0.419834185881369
9.216540407912609 1.0303356982235299 0.9946713776091379
6.090337694813359 1.0288957562231966 0.640921061871741
8.294823953778907 1.1630688774842803 0.25574250904778023
7.264229947334533 1.035189397279936 0.6468158638186384
7.477423094107463 1.2103833188406132 0.2718539740690199
8.676927562467498 1.1227405834917028 0.5556948153771887
4.599503873864251 1.087202677358192 0.4199902888414183
8.381838853348931 1.0996310091096482 0.49032826408547303
8.949583901999066 1.0444683001011728 0.892086611457962
8.718780470440349 1.026633037557431 0.8833143022815598
8.81037586626369 1.0439714312056645 0.8039355668698899
6.385232316926752 1.0834764484630894 0.3648131682229667
8.40390443447378 1.0436890143966522 0.8559287275573877
5.752740795967901 1.1321223866328414 0.4412782724729513
8.968854078383613 1.0654897729871302 0.7438515885609132
8.103918651559942 1.0452277815647895 0.6991236640013037
8.820206713802675 1.0717303783817889 0.7608002921048248
8.672051386152079 1.0673422662524286 0.6781062031485791
8.569548802036163 1.0622891668000647 0.6846668033421177
8.970910223893624 1.0540503661534562 0.8055682153451277
7.546005556242692 1.0288776605119716 0.7325467388553403
8.738087369718999 1.0421368136479443 0.8157822915288825
8.70438228806631 1.0479765665624505 0.7795556007054482
8.185167168675399 1.1443764493475328 0.4819083001354462
6.960888800687124 1.064791259543187 0.48002084443552906
5.943191097886341 1.0383117011239142 0.5252401068841719
4.995636376227692 1.0579426756291508 0.4858931854696162
5.711250279223485 1.043227493987404 0.48978487810069143
8.658040372128102 1.0889755935990013 0.6792681378854959
7.670212009352888 1.1360007832368242 0.5048689897460286
6.790601288467432 1.1404952612379775 0.46669130081717936
8.087536080717442 1.0513190720311092 0.7964187457050594
6.584822021140814 1.0517329193060125 0.5058964690983729
8.717002960241233 1.0812419384954448 0.7028760832166684
7.366634669703178 1.0454552727413908 0.7523853917874929
8.328267728942476 1.12857761391184 0.38255147142279183
6.713345348282926 1.0599456395557059 0.6674126709052707
5.82225605845338 1.0735119996960603 0.5651182646079704
8.777763693425559 1.102984242491258 0.5901938027890044
6.766411389020991 1.0925337404201756 0.5944190045731028
8.6428623782582 1.057149954227365 0.7799787660408128
3.9034747475047897 1.1692666276982884 0.21742710981130342
6.504928319642783 1.072266493559665 0.4185066466866488
8.376445040328587 1.1577315293358317 0.42718253898921776
6.8868002408078155 1.039456198702375 0.7110873035533293
8.429061843445501 1.1811026415132726 0.3454222972097915
4.700378382263789 1.1812079201334362 0.08976562897130495
8.509463169683853 1.0487732878338565 0.7893737951745626
8.08755153803887 1.0935413070275697 0.6488933851042382
7.085721883808144 1.0842139052599733 0.42253375816558497
8.291133827774539 1.0512262676136523 0.7331551082841927
6.423413022201094 1.0352116317254147 0.6056986534693171
7.3338338812787125 1.0360640854935121 0.7047913176192687
7.570574291399415 1.0501576442763263 0.6329846710524865
4.270981391945863 1.1597367476914484 0.27312901750954904
6.468909313972617 1.0597298896906169 0.470599038114722
8.357948634642694 1.0554454505837148 0.736227735374778
8.239514788490967 1.142414532922551 0.33045662905463824
5.890111454362366 1.078450603737219 0.3633158550590184
7.908533165265007 1.0479707402831309 0.759194825366435
8.573039445552519 1.0927397165467354 0.624912810818605
3.9145421379996375 1.2311339669086585 0.03350458173254173
6.6894674073295 1.045874999104502 0.5615454015937802
8.3381910094499 1.0641559947819035 0.7250789879750947
7.714632062579101 1.188311998988864 0.3321589645726075
7.013327194456773 1.0575306639056512 0.5341550500890855
6.6469718564678715 1.0458237118451397 0.6628686618267037
7.24579030905894 1.2578945364203573 0.13272358494705785
7.738999907095131 1.0825845180321791 0.6612965434392564
6.983298021274827 1.2966821183195105 0.023267912169037487
8.325725097519914 1.081912642685179 0.5951198875561942
8.070878998578333 1.060244568825064 0.7274921674092557
4.4129578020761375 1.1732519899923506 0.11732251852168693
7.641056948272318 1.0986554233781858 0.6083219607931316
8.53186682554301 1.2395915091806904 0.10597574360678177
6.864945921366065 1.0706402022254444 0.6408185802374072
4.864641233173831 1.2471291939528706 0.12780175062186336
6.79178677982342 1.0599608746264157 0.6547698691650097
7.1806422094818245 1.1239532055426074 0.517940504949045
8.14688398801451 1.1200461669194224 0.5454041834086483
7.068241991402166 1.201945340795042 0.10717829844334102
7.285194210312801 1.186962107467107 0.33385192428683486
7.194738143243725 1.0851911965395609 0.43700126742335393
6.691301101939851 1.04252953088202 0.6488963944812003
6.488624554115223 1.0888830024420468 0.5728888397209055
6.207915352159425 1.0876613214831874 0.5561543289565005
7.672506999557857 1.0742766193758393 0.6732982898386345
4.801754316916536 1.0718607978733723 0.4037296204741363
8.03670442334974 1.1448499477283318 0.3063250125010399
7.2902200829297 1.0471760270957604 0.6905227083369128
6.444910853459433 1.060624725418945 0.620320403037987
7.981611584155889 1.119017147940035 0.5456675399480262
8.450447139195765 1.2481481717114074 0.13475516023089573
8.362878765319898 1.11128111503951 0.5587584734327092
5.345880928565434 1.0632464544611868 0.41410377443905316
6.331881821022007 1.2164036631049067 0.23624640990552973
8.058534366383732 1.281498230085442 0.04694385352368986
7.432973260862463 1.058374215743128 0.686517612167495
4.159624113647499 1.134481166758383 0.28655774951945634
5.054353749984143 1.0703567645294103 0.4593863942987072
7.397158384543035 1.2082775374211765 0.2675681520992798
8.27933815064996 1.1233529496182693 0.5215027554850655
6.162810014082918 1.0990207744220177 0.5255520287651309
7.183083764897146 1.0573074426544826 0.5755869686881434
7.078525931465373 1.0490023809044369 0.6289437682035852
6.497281239881399 1.10366182568212 0.5343907691351206
4.774708246642286 1.080831021808184 0.41007091418490654
5.112445295560246 1.1509103095205184 0.3473529198181289
4.230625972813186 1.1748121190044902 0.23762397943542823
8.32595959437214 1.2617222648048154 0.06399133532399419
7.617467452904707 1.2608789921989765 0.016594597255574682
8.046597875404876 1.0940069526530065 0.6095952842507442
6.587717674304434 1.0501960371621184 0.5604389708473775
4.849799875411019 1.1422423496052148 0.3443472085833585
6.428659464118747 1.136089537086819 0.4503828508100172
4.045381264161874 1.144820755937155 0.22989722610404567
6.247002656853349 1.0487654649832059 0.5815301701679552
8.624794307596066 1.2034642319512106 0.22356820851416986
7.314092705148781 1.115272901565553 0.5365839849796034
7.110777341941802 1.2174719889522359 0.08035071609342416
5.1066962923214305 1.2227710938967842 0.011250276600565238
7.971618056687069 1.2388484959434105 0.17104402825743314
6.673011641793549 1.1089627191325555 0.5268971806134605
6.926291195322467 1.0521081724325894 0.6148144732354975
7.338437661234289 1.060765094208484 0.5954173058689685
4.261166367270752 1.116063431764005 0.2931254377491162
6.190865163935021 1.094328385335068 0.3388706005999498
6.8058250502861934 1.0863136749851745 0.5837384091268122
8.326853123146762 1.2646522541722982 0.07829959911407601
5.773267045973498 1.1566297482545829 0.16617040453894932
6.775187520340149 1.0529423677170147 0.5973876299910756
7.730378662985514 1.0782562977885464 0.5578681964387545
8.031989826503597 1.1031972882423573 0.5701310256447373
6.799354763362292 1.0978036012212626 0.5565835711957521
4.067013636586411 1.164319831556957 0.17817743511319972
7.289467911190648 1.081736403285656 0.6146081383912338
8.080678103352989 1.1721028840304717 0.23222693744232936
7.352950881040497 1.0622993980017374 0.6041209651553514
7.255498471534612 1.1094611465954496 0.36534001072607436
4.497106964157313 1.1798711098887826 0.10969584886575624
7.77170301571574 1.1619008514786993 0.23748175298188712
7.761418219386389 1.266075693172762 0.019276722095089342
5.323657844254685 1.0646513722343056 0.43923905498572274
6.933896778109972 1.19314705071579 0.3051176346140883
4.093665439176133 1.234360230882127 0.09231692094779602
6.750590285455004 1.0967696604025114 0.5534988139241366
6.930102022419957 1.0913312409710978 0.573613852285359
5.566690225957895 1.1212608717394414 0.24503459328876492
5.410923768435861 1.109437187372647 0.44167249926742963
4.9576888602150575 1.1025394927428618 0.4097575491409337
4.236979848240036 1.197188983671262 0.08741795149711055
6.362008325792424 1.0574898803136163 0.5251080904781698
5.477110630710595 1.0903525953237256 0.4754840774903589
7.6992753710547515 1.106127319340326 0.4299136664411891
7.26845736190916 1.0664577632344276 0.6045926077075433
5.123413437372413 1.083299164459977 0.35058590381590177
7.6883495001210225 1.1083121482519493 0.5480876993300213
8.440661573001561 1.1862777164906344 0.27607077969784355
7.272971260475522 1.2531038323490669 0.020582192103228897
4.540204667728171 1.1009967835820291 0.32140007717952634
7.171385616594225 1.0707980699263875 0.605392355845469
5.632681577261229 1.1175403121824234 0.25807761736203116
5.595466375276203 1.07793850607543 0.3806997789985233
6.848735878200667 1.062341081273667 0.5767734743940018
7.134424511865149 1.072423700353025 0.5268451494456514
7.609041704172132 1.0820408941796602 0.5495803905254599
7.379360396286765 1.0843370900407554 0.49453814089897546
6.040107983614197 1.1175867895074216 0.27035982308979306
6.155733803872748 1.0974031116140177 0.5110598806634644
6.072259946920438 1.2336568941417287 0.014002924586637482
8.512925528561398 1.2036755188285795 0.20482577754828307
7.295311558339316 1.2215149612196374 0.08470148049643825
5.75780382320494 1.1035798868403026 0.47256638048104577
5.38162473771818 1.0703642613416313 0.4229027458133452
6.499769865184023 1.0607255445402528 0.5482887461705374
5.448310446511259 1.093185359354319 0.4627587181479643
6.646765412063877 1.1410066280373137 0.4350598525789838
7.809051121694566 1.1114958413847456 0.5283648185044969
7.1210608017757195 1.133612782043478 0.2810602006718907
7.729176140378183 1.103655234200498 0.547379915281688
8.216178079840926 1.1359335871664737 0.4078823060245763
6.785515149632895 1.1458231569199626 0.23004913523214743
7.153298691568082 1.1763922702315268 0.17447968028460742
6.522015784033892 1.064698045248653 0.5136473767655626
7.420522106601208 1.0872799313783168 0.5779623622591279
7.434654633435189 1.0819796999617002 0.5809305876394675
7.480043281474259 1.2302048259552985 0.07702835423819417
7.047584755676178 1.0694349860206886 0.5587740941603156
6.753933244619072 1.278682608899091 0.07184769661764703
7.6999651500778175 1.1853065038108117 0.3214955290088561
7.000360358654088 1.0945258971535794 0.5541291409649604
6.653244056422281 1.0663057958733713 0.5267149493536706
6.090205778559703 1.0742009396641607 0.4291138933511621
5.737588991252839 1.0679960066069598 0.4940019868835091
5.05147264092836 1.2198668120036074 0.024723677754253208
5.228044450225896 1.076943914004831 0.40157377907480263
6.218385870842397 1.0992199422844617 0.5056779831380742
5.748300689226301 1.1081376476860827 0.28950893462589966
6.753855976376615 1.0851536633107226 0.5580311813722632
6.287267407150006 1.1536622746633776 0.19407830232635762
5.154262472850924 1.1082907214909918 0.41035901208794645
6.439490238989714 1.1459800104248132 0.21731587883405565
7.596289751369229 1.0935454134611684 0.4990100021136297
7.742285975837969 1.2575258374068268 0.04110017089604868
4.939633514276503 1.2121964528912141 0.041310470904207405
7.105069710527772 1.0816442051956012 0.48885212875283707
4.800318891609908 1.0927075349108704 0.34956402945155757
7.7947984833888775 1.259997793481709 0.04061431886701522
6.884194775417608 1.1144635663837754 0.5023955004472047
7.744264991964977 1.1001247024273524 0.5024094322742645
6.746705782412384 1.070516836684822 0.5553349740159927
5.63665581667521 1.1131064013091136 0.2746784765222827
6.005307748518929 1.1870245346747141 0.29440791702262836
6.558387083605838 1.0908888759318263 0.5342905544421627
5.132545083962523 1.1216642539549715 0.3861245508323099
8.436896964458393 1.2327680532068142 0.13340654022302234
4.152463160254452 1.2243292427541241 0.10979997683842083
6.413014639287798 1.1635457798917757 0.3655112419476911
7.771026999952898 1.1044174216822165 0.48934901846911605
4.10882549205224 1.2102216104204278 0.09938262551735841
5.064533166187763 1.2162764845837972 0.19431492081580126
5.6184185426426865 1.0931684799796613 0.3358616410019946
7.980276616966188 1.2754979644801698 0.03555141639016883
8.297231469195845 1.198371387033897 0.19588937054843458
5.134136373315753 1.1696645512615464 0.2957438543641966
7.202916306373686 1.187854585809474 0.3119216141104717
8.261867068195075 1.208931704703173 0.22333084247381257
7.13071778610327 1.0886755457310198 0.5509303621596522
7.714196551433556 1.2122786018461085 0.12670339597803368
6.162182761159865 1.1732086399078685 0.3318110673718391
7.363502956125394 1.0964613273098291 0.5363689330584837
5.451021825773349 1.2894855373458514 0.028274645173355824
6.666877963737443 1.0764168951486672 0.5400407524468577
5.163157304361524 1.1653026400585729 0.305098058132006
6.616124908001538 1.0838096153236652 0.4396375388391532
4.447446719940057 1.2766824182980483 0.013231516105075832
5.627556201424149 1.074778958486465 0.4483539555052951
8.258602188185373 1.2325773641967825 0.16357477493215927
4.365923818398393 1.2188071530856366 0.048460071657915896
5.70069603937937 1.135007677450211 0.39727493063661273
7.708443021111412 1.1784772056199861 0.2021532512597282
6.039190616313876 1.1478457351344689 0.3862448050861423
6.57769522011446 1.080712887197737 0.5333951406778248
5.628151451628433 1.0879003230215385 0.46451808678078116
8.038265337834366 1.1941491172716425 0.2737586062594152
5.304821072578649 1.0968953778469397 0.42639213683742033
6.108684102505993 1.1398675954524535 0.4070303940021139
8.221297008006095 1.217657938333968 0.20130307631359737
8.114908131086374 1.1531669529269473 0.35277956372039243
7.890955082425831 1.2675172678858255 0.08326623905925781
7.702953223980256 1.1625669838766672 0.37621150992490693
5.49597066384128 1.1056218654199181 0.4332507844197889
5.600675393213118 1.2303020275393979 0.17685184500126624
6.486749064191162 1.121477238421345 0.46272943833085306
4.694534774092464 1.132071966485431 0.32371544258974855
5.005849665020012 1.2158133825446558 0.03908790565756607
4.951402556787217 1.199347488465253 0.07425222880891226
5.791180079481901 1.1310901854390907 0.40774749338886906
4.1673624697889 1.1811782255469492 0.19141838404580427
8.060951013837482 1.1734447049290448 0.3248401183355683
6.748985552366328 1.0798782704075287 0.5205356836808277
5.311281645503048 1.0873509368137262 0.42070145548106785
4.350880488694159 1.15424394909705 0.19886160523102245
7.476547857653294 1.1009121521359788 0.49779321442881475
5.716418016327694 1.1104651625397366 0.439501129002829
5.486675467373873 1.088960158474534 0.4426278012256155
6.931633907334573 1.1063319175295288 0.3788167140765885
7.024378029985074 1.1892632613839158 0.30230054166295434
5.10608475933666 1.0908679149122706 0.3793373149747281
6.218936035974377 1.0939540538297572 0.37242818607434797
6.671034924179532 1.2426462453575773 0.15998254248807028
6.468112256095541 1.1250904880401031 0.45057641677481725
8.27395138515977 1.2255726621228313 0.1738587220653107
6.859019031843028 1.0932294459627037 0.5196070156322115
4.224470182811032 1.1629106958424567 0.22044390606553813
4.449068197347188 1.1311330285110834 0.2567765032319416
7.0437395128060345 1.2546645494966753 0.017132411867485965
4.210770275795838 1.1676597903430872 0.19463240080239513
7.830980608553016 1.1521264090322167 0.39089526807748837
6.209700128321314 1.1171478676335627 0.29137526492739085
8.077771048712076 1.1778953249559188 0.2462246205331253
5.481004853778513 1.0972524725650203 0.4325301383359638
5.941808672671886 1.117689109674846 0.4375611738982545
7.503815117970676 1.1146705542465674 0.480076540271654
6.271162013094951 1.1834930960499581 0.3036915391078788
8.27123300488941 1.2045934238110394 0.19141282250160313
7.7504244644624105 1.1247889556008226 0.4368776261715988
7.367474305176998 1.106067337039299 0.494329617117478
7.3578160407803 1.1963087869669127 0.2799146921754671
6.901856583252302 1.0966299835581246 0.510530314930606
7.815610052687653 1.1316361290937045 0.4043210140435058
4.496081735550426 1.1472144684443362 0.2777280572897096
5.661728852225769 1.160514377164227 0.33543653164820314
6.7156926347106705 1.1761620587688346 0.33134820051869773
5.577231344068023 1.1008798728705937 0.4354135355434584
7.297394981382615 1.114874992816703 0.48322661443827997
5.682576576612327 1.135750615142109 0.22736132937606965
6.937336497979988 1.1026525440464365 0.5017751329036367
4.429402215395239 1.205986271196444 0.1760079582364022
7.08975875535555 1.1567925186011618 0.22765938670656033
7.964445109529544 1.1585623768368989 0.3532111576515214
5.758547605595526 1.276174586883476 0.06380022442621042
6.948968731967222 1.1007926162642532 0.5010918849728278
5.241787414997095 1.1242510778094563 0.25040539195928446
4.4209650313027 1.2445206101472956 0.08250886554634959
6.405311090342543 1.093872155567879 0.3965077540961118
8.241590627698942 1.2188236126491203 0.15518774149445885
5.763734725710735 1.1406175729318646 0.3803069408861741
7.401751637169976 1.147835910490204 0.4071159897760934
6.811865558403682 1.236601929736745 0.17335355012009732
7.356406282187111 1.143563711588423 0.4178192725244962
7.929970603303868 1.2339040560307888 0.16692796205261334
6.758632840074748 1.0942984411758996 0.500222003940158
5.555809986998149 1.1233706142653699 0.2572949956669687
7.732642326596212 1.140980610410366 0.40937387275194503
4.8560553703274625 1.182005344296554 0.11940003971763564
6.35845936095822 1.088198929915336 0.42750969584992016
4.748615802793877 1.113458539709388 0.3013798321314266
4.981908894026072 1.2692661360610866 0.057982830598492775
6.785371510817283 1.0919634901874486 0.4916084325773816
6.872492917617031 1.133999272797227 0.434269576957944
4.310050421656777 1.212453152754747 0.14583697686042638
7.72293230182688 1.132588291494035 0.40693110304353364
4.49653377765485 1.234835665818734 0.11436599949456248
6.140757202180298 1.0860625666007868 0.469571029719493
6.857723901901148 1.101637072273392 0.40960723593399345
6.230867231390263 1.223705707685404 0.19992029713834714
7.904665806546969 1.1597644271535978 0.30840982774626785
7.089422616663951 1.201579113735442 0.262633864392002
7.780367201104298 1.1403290656862222 0.37959000371114454
5.394324294857922 1.091882340198605 0.3905632366007825
4.859875429649218 1.1173192811681962 0.3386076332384661
4.32522125981072 1.2528086578874302 0.029607592322844725
6.772177811013069 1.2290746182283434 0.1907721818616788
6.545672312358622 1.1437497591035268 0.4022118245268481
5.114283172423054 1.156714888526347 0.17565793586359432
7.913714530912559 1.165873427312601 0.28449635909941057
5.375647502600382 1.2008364517783638 0.0801795190502525
6.3906628436279345 1.1592670745184632 0.36125901507010766
5.754132829713296 1.1987516723121279 0.2486736694822178
6.047682440369677 1.091308165351934 0.395034806190648
7.536745231330556 1.1294027365420312 0.3754675013376654
4.748006822731295 1.1935982390649014 0.09860690551317758
8.180296606502237 1.2000593709253142 0.20920922559624158
6.448499360241854 1.1050996676976839 0.3587319096819728
7.481132113422989 1.2873374501072194 0.028089545237279877
6.66056078835746 1.109732579506869 0.4723876078497022
7.344732807657868 1.2662543515017965 0.09383978421704978
5.960848986131328 1.1789585915161558 0.13894368447154679
7.767739556455199 1.145499142363126 0.38299907623729074
5.960245013920851 1.1353066256348083 0.23927900026533241
7.54535834189876 1.2634495377530581 0.034659260302046815
6.954009941497443 1.2289468685392189 0.19074770259598667
6.4705148927731795 1.1972970113528825 0.11501776761729998
5.0285996585776065 1.1141047551994578 0.3583664030705007
5.086030434535676 1.1014068888555428 0.35233580608811493
5.5570845931959845 1.1621892303151038 0.3215205261665241
5.444602811471061 1.1077034564880714 0.3047305604467165
6.291370146893568 1.0967462012052058 0.38618259600117927
7.48866267976566 1.1284005074618648 0.3756126879206937
6.283779719036909 1.151929531401976 0.2096021953377698
7.901940969217453 1.2325163665896128 0.10879197563797804
5.350961997976798 1.12009688705686 0.26692253771295504
6.617656029019889 1.183768151252739 0.30424798122037094
7.649103532105073 1.1339933026507425 0.39076615102961737
5.449896459486149 1.208444295360765 0.21666322846081892
4.570467921877967 1.1755478370825896 0.14720501962374422
5.997503712434424 1.1492780086353687 0.3678503274587639
7.048686552418035 1.1931421968447928 0.28289057611222973
5.069304682695753 1.1542533800297878 0.1835131810710296
5.688827013972343 1.1225222377070483 0.26690973628324816
5.6437570827388015 1.1000684724270045 0.3413276234485692
6.526462752263239 1.1788822030329809 0.31409455137914005
7.816678474094303 1.1560978483848054 0.34633308235320753
7.703092209382779 1.241406440765106 0.15017536098309944
6.8834367848247435 1.122352926637323 0.4499182629777328
5.637757740582785 1.2429287778882694 0.14270222201902308
4.861549429218863 1.1415550928957492 0.21765632794141865
5.620909901320225 1.1960611050918788 0.09659401589594144
5.981201634430864 1.2155816750388435 0.21277164609284457
5.139358568522114 1.1534278663524025 0.18673249256936272
7.145080335820632 1.2229002468111472 0.0904841862460262
6.836331947918504 1.1211990932369407 0.44898236426960625
7.738037627464816 1.2085600825220415 0.22962014901575692
6.681841500708691 1.2429801700319463 0.032278636208700494
5.924047877216097 1.123116541009781 0.4119904988258735
5.853690073848446 1.1212577722090245 0.41088977485060035
6.7862975368809515 1.1260165316387045 0.4385090704840745
5.691830523929164 1.0989458064354745 0.3538157688103943
8.120027092585454 1.2045937119893881 0.1910186816970069
6.238674879254392 1.2125408216804008 0.07835854600926409
6.745772494337887 1.1013839384536448 0.4637511798411054
7.564179588675806 1.2635228849002202 0.09430229101715495
4.488178756588843 1.2287450496517764 0.1214525890747668
4.4137651192814324 1.1534647443851833 0.22667777567413425
7.591574772756363 1.2809396758734135 0.019518675830493205
5.615849684396682 1.1383701201718894 0.3667671807297336
6.273713017284345 1.2006895919971847 0.10440085328870413
7.369296900844203 1.1246162665537487 0.42586805918153464
7.881842789783198 1.2209715261593694 0.19265940922626948
6.928187341955205 1.2414986790109555 0.04623279513837868
7.090431030663279 1.2695934634383688 0.0844074144429307
4.709445302862132 1.1610962511230571 0.2662797864999513
5.557041092530014 1.0982825768966071 0.3648851982076965
7.413005325934581 1.1593359644273795 0.36135410652597877
5.1723970223707845 1.135578776475145 0.33955757006565174
4.6098607370262545 1.2399320040153157 0.013986234313709761
7.83130506017598 1.2293630244128604 0.11472070841687029
4.842165225032394 1.174757512268498 0.25306320167616525
7.540123887462187 1.1401439910439293 0.35541938866512374
4.409936283088005 1.2476174819687693 0.031198016470785697
7.795960842577559 1.1675112622122612 0.31130952920414556
7.934998462229419 1.2402748781493869 0.1412956259597941
5.657511455385881 1.2114684407933232 0.06756536433877754
6.456150255921832 1.1249264761628728 0.4267040453036406
6.490188061342378 1.1949675890565865 0.2690118669200939
7.964483929517822 1.2060709109160466 0.21796908478040458
4.81037152623424 1.2270468178946101 0.03438722459758391
6.9258191389682064 1.1091895466101658 0.4374634241918603
4.528564825919808 1.1456753022352202 0.23820768672063225
6.990971588219715 1.1184538605535763 0.44033207347443454
6.2398771900152745 1.2468042530545365 0.010712997627074913
7.514782474190312 1.2794818548130626 0.0194314708852691
6.243183079715578 1.2181976751829189 0.06937265056810246
5.220670979614171 1.1402888050311721 0.2218669369265669
7.082172144796683 1.251747913359872 0.036014317884194125
6.300900817725392 1.1382824694168985 0.39416029716280626
7.233676468590492 1.2672257370620064 0.016249727958698106
5.059767168228706 1.1494968688637817 0.3075915851793389
6.247891458394507 1.1139464883086534 0.3255661110594158
4.8288147051673675 1.1676815674349348 0.2622423610407365
7.49520125605628 1.1640792215698808 0.24841949033369468
5.928928783806137 1.1667789313562327 0.32012906291897
7.144279168649929 1.118954094328931 0.4207920000059284
4.365254870658852 1.1811458467648766 0.19261477837268168
6.326522371947462 1.2104136823213019 0.08841526042455894
6.060321138536837 1.0997196980313795 0.38513045233573573
7.39926096707071 1.1617139107206578 0.35079300480606074
4.682514163135981 1.1365199730683395 0.24926358924288167
7.209563868770886 1.276475943717454 0.05628542393211457
5.4623917952191885 1.276885969913136 0.04861636456277083
4.517297836599994 1.2439218066479876 0.019331882650097443
6.77610735302537 1.113704483760015 0.3749676787343558
7.437824324704637 1.2769899308589234 0.046732851688839595
6.996838964423249 1.2552488737355674 0.12080309621654668
6.733345410070864 1.182237932516235 0.1619553337893412
5.771899423392812 1.2692983333629073 0.0763733200698973
7.454983234160689 1.2682121537278979 0.031029542432282543
4.374543949921678 1.205863102574201 0.14885984573733588
6.238541523829241 1.0990066800612972 0.4212219219790205
4.5674353984485485 1.2406116444366513 0.021316403046308403
5.37784052756319 1.1131702817621933 0.3736423171441492
6.770180263507525 1.1092408783334298 0.4036396361228681
4.883742688884169 1.1206075258943409 0.2955288966251504
7.359947794157762 1.1335597081470334 0.39692508122832454
7.7359235886122555 1.2174065803329013 0.20195650952786182
6.485958154885793 1.1842872082121214 0.2932620970340447
8.03244305761548 1.2272183916746773 0.16264302692591154
7.1974935525451755 1.1927420729310843 0.27517688677889945
4.6306786818875345 1.1977334712794672 0.19501131406526162
7.526928311867268 1.2693847164424026 0.036168494803641496
7.249821047562987 1.168351896787497 0.3359786594115487
7.061650355702358 1.246327448804881 0.14213259367643113
7.024508895912817 1.136110457485179 0.4081836372490857
5.160139600992064 1.1860167687614136 0.2464978302033303
7.684164318467214 1.2624472668018032 0.07262045537770319
6.296531618438371 1.1044564310359788 0.38182171853382074
7.110646930575562 1.1570986009751507 0.3628918249617343
6.0553776285531065 1.2094320384004664 0.08381738346546071
4.962963628357322 1.1425552746066152 0.221805126956818
5.072027946830866 1.14159116937972 0.31640653380103945
6.85768661637427 1.1198565581746793 0.42916814896046257
5.930459490700505 1.1201045291426275 0.29201388719780186
6.4599636442292265 1.176772954952843 0.16585044975642374
7.905394736196168 1.195679077611245 0.2340609777383608
6.965104963311035 1.1190096604216042 0.38441995838449045
6.908005001838157 1.190466509776963 0.28022398111908287
5.268450734492719 1.1541087109971577 0.31024829198643955
6.5397293976456154 1.127533708146648 0.2992751773352616
4.590574900357769 1.1498529571770335 0.22490013115875807
7.906899418672749 1.2212365582478995 0.18269924106536645
4.534808275561179 1.1536126454045488 0.22251477575252862
5.030695993592383 1.2316485504610597 0.025785920189027527
7.5295221172248645 1.2744425897457783 0.04031240339204264
6.293945856516483 1.1275259511665143 0.285245937987298
4.544991485993574 1.161088971035948 0.20008244666847766
5.94252739857558 1.1040374704517444 0.36738212741353976
7.637373730116584 1.2417038921835393 0.08727832169064252
7.121501551330445 1.1345692549159643 0.3303693981786357
6.799642962199794 1.1538645069242033 0.3664584754796089
7.504325442688259 1.1498251017361671 0.34859509863820587
5.29974984023934 1.1280991762399264 0.25829963481215046
5.227163615595137 1.140495680647218 0.22590534356605013
6.744622832515542 1.2816435654602811 0.04536602854751017
5.976267082888986 1.1196375321849024 0.2982125785663235
4.583311547443303 1.169316655807239 0.23396753205779702
5.850231904560305 1.241922937832236 0.1443740676363257
4.863523491044486 1.2187553416646202 0.056913462560651974
5.5932121072199426 1.1322977013247564 0.36324464472167184
4.4920750188038525 1.2392357918982306 0.07011154788740544
6.297931148791109 1.153919138950063 0.21425443804731653
7.858763634313581 1.249929832299226 0.10736241445706038
6.8742316174593565 1.1306767425725668 0.3202368673593067
7.489143954642158 1.1728409414609555 0.31157631352563847
7.4398275085350765 1.2035546151607583 0.23959649326099286
7.56825691914719 1.2495792219241015 0.07181052913156193
6.613885955639088 1.2410631716370968 0.15365217470165782
5.7732555937801315 1.26079748982258 0.09715813916456954
6.860254343250933 1.1712840558410225 0.19498597920709865
7.343416202856208 1.1874099887120868 0.18022505145202017
7.754647785581353 1.183636753596491 0.2648707088740166
5.643380518602211 1.1184293643079275 0.29367635066783865
6.642039474734675 1.1592099860646046 0.34994729486293996
6.4478484716998885 1.1421927915832406 0.38148790432866525
4.677984638322963 1.241543998565244 0.020248061738475372
6.023103156797486 1.107720117683912 0.3595472884356866
6.662259673630691 1.2010801188440743 0.24988820924784433
7.905466154164671 1.2170270768388651 0.1873253492047468
5.938166165275888 1.1617305302954875 0.32473421052765017
6.761587322104708 1.1201405986149644 0.41520874536429303
4.622605703521627 1.148684692534495 0.2515763174421082
6.49909852709397 1.1109714698301674 0.3896356907259193
7.6027024864299815 1.219362974487055 0.12787810719732318
6.654796166839445 1.2092873106101925 0.10631829222590118
4.831695053575411 1.1548699976384535 0.2734232415257243
5.0303929433127905 1.2452639577043767 0.1115194459476755
4.970146316342062 1.1801522459691756 0.13939094069627275
7.735189802238983 1.1782782999513532 0.25393749588066045
7.759382243985739 1.1817370396413558 0.24050756799105458
4.886128324741584 1.2344460308384735 0.027198729212569862
5.4308483793693405 1.2621647146271755 0.08247677859416484
5.6810877273437494 1.2061464159589148 0.21993284747975841
6.062202065354125 1.1302776068305829 0.27150113313696345
7.637936751913079 1.1704044552808779 0.2757657552098384
4.772062305607282 1.137335147977156 0.2609347685565987
7.132642395278161 1.1526534211567143 0.2660818808095954
5.786214422228161 1.171597343932309 0.29681375625251777
5.929717583971319 1.1406046590094105 0.3627506994770183
6.161145685545545 1.1364377367017726 0.3793724808566451
7.464226489341016 1.186333514235677 0.27512283322233866
6.277181288295125 1.1137716245655587 0.40608329257387626
7.923106631747022 1.2060324852422908 0.1930485175853619
7.2502889214260655 1.1692501134451683 0.3211980994244472
6.324777177321737 1.2417568701584942 0.14869301514544653
7.497623241022351 1.1719166892825172 0.2383330890829038
7.0257432112254765 1.130660411890934 0.36131846973461057
6.356951079728464 1.1864257077633145 0.27865847382228903
5.8631216605147145 1.1092480521341532 0.3637900394664182
6.702624328096258 1.2024060934311294 0.244469629073542
4.627100996042348 1.2357540740007422 0.04355550394069274
6.442244601712547 1.2587564080152505 0.10779684935252953
6.054312625653651 1.1402185378851901 0.3664153813931492
6.282047350762573 1.1620543260262306 0.33136183746341336
5.943006153817256 1.128318761164209 0.2757939187003017
6.601988732842223 1.1714669652437069 0.3167144936578423
7.437913358367734 1.1600223651612784 0.32286819606995343
5.460600341546829 1.1872157127626723 0.25109862470823924
6.551181682444376 1.1517840028749755 0.35837168972445743
7.3257367003588225 1.1555473885995964 0.3398523717844957
6.9984019263165695 1.160506451421178 0.23376437752626383
7.2438043711098405 1.145441637710969 0.355388823237861
6.6490443182612005 1.1427677746862925 0.3765440996967773
6.652555021264163 1.1220718664847311 0.39959402505627517
6.691073375305534 1.1733372309640608 0.3126755555508165
5.148120982812802 1.2663522611638838 0.057633851966420103
6.7980175506863265 1.1455899920905208 0.37177547037640396
7.042202036783996 1.214452359309186 0.21405862658720382
4.671811876616744 1.2400403515382061 0.03383252929181042
6.633994292645564 1.254887154100238 0.01871297005185755
4.488005465021775 1.2029487630004032 0.15350414400605011
4.623737245110123 1.2256995449145984 0.06679319168697623
6.920891891625054 1.1838576223448523 0.17290229172970986
4.488554095862982 1.1822157214816116 0.18179365541397116
6.794037288659091 1.1609673790216544 0.3402019259444993
6.0897173029921685 1.143336468674409 0.36001988341984364
6.300972713540579 1.1267634432920262 0.39192028824121283
7.8645079061206005 1.2042536477424224 0.19944916309268235
7.46588974146594 1.2550625807591216 0.10770818646865182
6.611060862479455 1.1763906067041272 0.3037021119707988
4.77886564089167 1.2532272413492287 0.06592639227512768
4.8469862230041105 1.2462897412092482 0.09082424169323039
6.639728939614706 1.1565131669033875 0.34758955818264997
7.584957243249031 1.1880447255138582 0.2576973061433655
6.265758795716135 1.1292141689265063 0.3856648955012634
4.607003521872249 1.2366608158435013 0.05564218819439052
7.656010788200968 1.2101882493643537 0.15369189331158642
7.0716187988813815 1.2648685185623514 0.08730093392740845
6.9505485392404065 1.1399762598053567 0.3735333146531973
5.720742098556505 1.2715559250926536 0.06065575278388466
6.551659476164788 1.1240799396899384 0.3920347336467352
4.745882983861376 1.1465768102933735 0.24358310544406025
5.239143638022579 1.1278542281763146 0.2730929892120878
5.80237477309459 1.117759964278959 0.37022482531013456
4.51252128274125 1.1854865146737108 0.18237967556895393
7.306047205109918 1.2649138848627433 0.07703084756677969
5.870348000471887 1.1248478511386966 0.29050925148654283
6.120360456256163 1.1176661350786228 0.3372674865530406
5.260343932867366 1.124571038898233 0.287654643042451
6.049843426159352 1.1229995752222157 0.3806367567933484
5.899607150736175 1.1830011940011365 0.27183898314951477
6.961399766986034 1.1483155024023448 0.2757714437973161
6.374739493104114 1.181485989513615 0.16014655127220762
6.829307091122402 1.136270696112898 0.37499605678256964
6.539395971521619 1.2520445511349125 0.023250145185459987
6.92814652908922 1.1534327667854218 0.34894224099441606
6.178621724735034 1.1279876805237006 0.29486551796020194
5.484574545986115 1.2289907743888635 0.1610587031131385
6.834558411926919 1.136975831250155 0.3144987606642843
5.448235217042889 1.200223448867716 0.22088864419895313
5.580631921293552 1.2547467648868016 0.10282576462300909
5.117106912549303 1.236025429419887 0.1323865977498842
5.79799753849875 1.116467793987356 0.3441751792292464
5.646805111806801 1.1266227481811963 0.3518708714701487
4.541314275289594 1.1841792287478858 0.17891077832818073
6.510019479348111 1.2504317233228746 0.12560929438577523
5.178863369614206 1.126500534248336 0.2979928879044177
5.227944455680337 1.1887922415452739 0.12607094455078485
5.439712057325519 1.1246425211304745 0.33451971130841107
6.136949075358729 1.1210231268768565 0.3753949953239091
6.87102755779693 1.207624682741635 0.2272475791075531
6.929821138466135 1.1796167845197585 0.18638532433282654
7.115902076666842 1.183902265402078 0.2799308129032919
6.956619933990963 1.150549371150808 0.34931627148597477
4.695963204871633 1.2356842007857294 0.052655870805585835
5.935420707832323 1.2325186155099996 0.161970140940725
5.244016998475654 1.139270797591705 0.24311808567150028
7.4816290807360915 1.2107486726364107 0.20970834047062897
7.731870033830878 1.2294458216072899 0.1279212357776179
7.640867753349838 1.244793280145762 0.12259399151972408
7.128604539261154 1.239627822164707 0.07432536591486509
7.716163452777716 1.2175839979954406 0.14790480393791008
5.380037849264154 1.2299198979677777 0.041527570652199364
5.859742769209216 1.1509984678944989 0.21862129805424563
7.125447365962769 1.2771283071554287 0.016734713152797467
6.621748087932925 1.1356106057898527 0.3710978375035406
5.6358668022782545 1.2172784351264263 0.06982664129228273
5.517976327524718 1.2161639326274232 0.1885187517936882
7.213283040220837 1.1599172135539848 0.2668223929020241
7.45279456635018 1.2260146773971767 0.11625381384965199
6.849632366953966 1.1547890018948426 0.24965845068390008
6.2203862833519175 1.1938997853285505 0.1311291982234623
7.281447068060277 1.1897666886400171 0.26083841992309864
7.446166650277975 1.2274395134081924 0.11342510218064547
5.815650356243291 1.1264192757775584 0.356450657309152
5.703426038485585 1.209387189969454 0.08750119626300475
7.062618639571232 1.1859344090553896 0.17914411083851958
6.603064759049811 1.149865435364576 0.24980032322862833
5.187860198128076 1.1458396094563585 0.2279055775817794
7.335329977553853 1.1652192047481358 0.294706202413919
6.693266150843089 1.1366868344007306 0.308244977159321
6.662179465179621 1.138260961707534 0.29709882598778636
5.293446583527064 1.2048503338142216 0.09402453070058484
6.896101420833105 1.2261532567209044 0.18226919352305365
6.94128533479075 1.1565763135190257 0.2518416268928081
6.188361945238345 1.1405447115129124 0.3561890854509438
5.6751115866230215 1.1340553439874987 0.26227518207923256
6.079279663922149 1.126669395066005 0.3648292655838225
7.037475749736069 1.175972605247301 0.29484978775605475
5.489051205140591 1.125249400012356 0.32843208091321485
5.434659216074547 1.2266311509765468 0.16253364429022976
6.5798592988267846 1.22123288122283 0.08797468488913211
6.014302800191146 1.1914740225962055 0.25265319290197347
5.151113360966326 1.2502944163545882 0.0936094977063998
7.057549207742515 1.2745562837539268 0.01749736847126114
6.638375471889139 1.150320929692589 0.3468867429543325
6.392992028440627 1.1750519523875935 0.2954712926655382
5.193928633300102 1.2345956407201442 0.034784736614933975
5.745100154881737 1.2151468391868854 0.1953808895214221
6.218595906766117 1.127308409590863 0.3654261789322791
4.971886257657523 1.139989762792889 0.26508886858708386
6.142072162358135 1.1859379742574865 0.14733307474474877
4.597757259349116 1.2108577854088538 0.12719492402222182
7.466995985496755 1.179035732035485 0.2620163660501713
5.1281124391854895 1.1785194810628312 0.24455037549319183
5.9642873607671945 1.2284508737152575 0.05584596645677522
4.982759947366063 1.2413265237352002 0.02715468341186557
4.858885547288859 1.1944091267945147 0.20054980727226454
5.223277533762834 1.1807622223170684 0.14765459602677877
5.866517599185315 1.1307635306186923 0.3495037742895537
6.7115817347775355 1.2063952552077948 0.22663113418349248
7.1098158269404514 1.2731989925069356 0.046083958704623736
4.709188105675624 1.2369806686326366 0.07026299907685316
6.4693891921630176 1.1329553104665235 0.3111745736740706
6.881847348156786 1.1522808062273169 0.26680556490279167
4.836411605452797 1.1679448473620033 0.1886597248467656
6.051164716798501 1.2660229862177066 0.07716824065661601
6.232642384610038 1.194539073580807 0.24878259784164378
7.457790886767265 1.178142231588679 0.2532588121205847
7.017564602664555 1.249299886564065 0.12402975260969197
4.893884915549858 1.152163850802304 0.227942113013728
4.748729072798724 1.1806687881944258 0.21228664782160958
5.423560238553515 1.1763201628081883 0.2613728909024788
4.805815208413831 1.25152469444764 0.049419849710558655
4.928231277911392 1.2498811149585691 0.01583189064559145
5.779527802335611 1.1760932950859901 0.27548977188894164
5.910080186251793 1.1792767182184076 0.15795863367107
6.218969831330014 1.1259881121454716 0.3381501150309024
7.039606233675929 1.1542554579384008 0.2812157907578033
7.264097868853115 1.1680883912754925 0.28859386743277593
7.596125153487426 1.2010823513782058 0.21449754067342724
4.937477870445218 1.2574302515188651 0.05348167586957004
5.820576450925797 1.134875051859638 0.2681430162615313
6.728287399992418 1.2281502985864208 0.17571676336626524
5.729109573406097 1.1321608659921496 0.2756260423935172
6.575645544966012 1.1411126623938204 0.28615899188973654
5.316155947559746 1.2205558012216737 0.06566473686926858
5.214045832664027 1.198801766887264 0.11098728417770024
5.426176290278988 1.2001406217240853 0.21552720152816268
4.732985390334669 1.1656074177543503 0.2206845341504726
4.773858822623886 1.1991755557214223 0.12509618724410307
7.178748017784315 1.1696221878181208 0.23635166247685468
5.264794788183872 1.1663078246516174 0.26907340743944397
4.935797329501694 1.217847065687468 0.07941131096074765
5.881766952349258 1.2122880517560102 0.08903257487926038
6.294274568122852 1.145137637181606 0.254748777760766
6.461240730806823 1.172816082873729 0.18904422825997078
4.742049278474866 1.168727488972912 0.22000817338397397
5.153501660312632 1.265872045546841 0.04711421403133345
6.343707624878784 1.2453448067933863 0.03677610355800361
7.115733361596284 1.1935284826846875 0.16919106373454457
4.937905869434282 1.269152605647281 0.015750943915054872
6.073659133182364 1.1348911456714175 0.28034052554996025
5.097730548005444 1.2614217448630067 0.05481622585450823
7.322398261541677 1.196978493199476 0.1727320744011201
6.635762813670466 1.1381207143619267 0.33742384078869975
5.817928334705414 1.1601820408549244 0.20141863579564945
6.779898869495305 1.167559333863983 0.21585110358906456
7.6508308307877595 1.2065498504657 0.19241346215821914
5.239931570275713 1.1651284018135168 0.2680799970696819
6.277369728413529 1.1481004123631078 0.3365251902149332
7.559723712468864 1.2279918537698231 0.15945150630498367
7.584069273700246 1.2290607363243817 0.15533471654668812
7.0454830018748655 1.1575212348160733 0.30520610202139736
6.764184790214239 1.1440145263572719 0.3090755620740878
6.63710623920085 1.1478763147773983 0.33584222678842757
7.224225354544368 1.2240251740945807 0.17883274095181212
6.53808647244778 1.260627327566074 0.09427787424467972
6.029887363006251 1.1285205727528824 0.3270154618809614
5.240666023151769 1.191089047102466 0.22323459355997743
4.696960263019347 1.215748777292099 0.11454785850168654
7.138979103947074 1.1830037449265693 0.19737014171329803
4.983463818861344 1.1682218329163787 0.2448758441121997
6.226516351301342 1.268866303683425 0.06636711112085765
6.137987642639878 1.1529512222498683 0.32324064558429283
6.029245186112208 1.1454532318994088 0.33042277156519534
7.138397992378545 1.172225864741171 0.28363103657987876
7.4840104252514 1.1965474682794275 0.18974545248490698
4.926596831133123 1.2446990174586183 0.08284638337633489
5.682676408065655 1.141012008196983 0.2518069360769546
7.528209115328565 1.1956852762816803 0.2169248961517722
5.894957219190493 1.1323345470854556 0.3324286488998095
7.511150691344369 1.2208001501755361 0.1757876708821243
5.963862770841757 1.182534834630932 0.2641024155402503
6.344724833178647 1.1546376643983938 0.323953363816258
6.4077775231991385 1.1354612505144182 0.321658174435157
5.381444824333993 1.1405473844224483 0.29969052581208483
5.058345103732391 1.2599496584354297 0.04941579605092395
6.91257891477318 1.2747923695157681 0.021988505957425034
6.126776385813933 1.1527042763847692 0.32113749878822617
5.362426553761148 1.233181100317772 0.045625577990679886
6.985746777307524 1.231602654802833 0.16302111194112023
7.566597675430785 1.2369382517480116 0.12181261866610807
6.905742019309415 1.2260147144124827 0.09779625196406022
5.568212258970338 1.1516904888715578 0.2998591546806455
7.081980562888793 1.2085064134395302 0.1398188138492282
6.282583212599409 1.2327420722681355 0.1598687044321788
4.89403753932028 1.242521895638181 0.04999239649080287
6.487168369131215 1.2590549909049438 0.020385072704780634
6.886061335882795 1.2564085708276307 0.10194176422258742
6.065998742692022 1.1496239572471438 0.23865829759117146
6.681461943076869 1.2358020214203782 0.07122308192139769
4.818914776136703 1.182276383612114 0.20706391572842636
6.730362824121979 1.147045157134034 0.3083699806706722
5.804414663737974 1.2159081522408521 0.18988372137535553
7.14184097453472 1.1953614319728998 0.23903796985758946
6.125079766071153 1.1669760933387967 0.2954816255444391
7.3704163178183535 1.2482227886695154 0.09759653486858523
6.8477093233167405 1.2822865291148213 0.01110006265300047
6.645588283900864 1.1467261232180264 0.3206362070750677
6.430341231290006 1.20649952007389 0.21911492801174146
5.840844895989486 1.1514832660674386 0.31072167208203716
5.947269724011232 1.1515323515046636 0.31435588125278296
5.716544924818805 1.2382248206414896 0.039859731570095175
5.1573295564305415 1.219611890355491 0.1608842468825833
7.139671761776446 1.2020720676366534 0.15695210508756136
6.707744414011787 1.1962846004135215 0.24163719403731734
6.68804605097468 1.1623061287996994 0.23194152590549033
4.964452956782177 1.257063078994829 0.028316364904772823
7.083217663950348 1.2516366125647014 0.06588072192270314
6.282592405504568 1.2094607471833958 0.21064637739804076
5.14041410199134 1.1769193660727768 0.23785483707357138
6.94816274566117 1.164794877730988 0.29205140450348316
5.478315668972609 1.2237931245447906 0.06719464642602498
5.383174651830615 1.2139569346526893 0.08689462294338067
5.882508089739565 1.134937229679892 0.31560522911937156
4.8991842931599034 1.2415853444269587 0.06419812581676172
6.453513975094966 1.2041639387771028 0.22318962917038493
5.940372490980408 1.2600053410184986 0.08541976014113262
7.0188358087013185 1.1665095776394294 0.24908385538025957
5.982513441577824 1.194963978320262 0.1327373374381072
5.062786926958582 1.2277623166532594 0.06683438613132205
7.001234484737063 1.203472533263625 0.22248777875784304
5.934527050300357 1.1582281967879662 0.30115587800143
5.638718460905409 1.2209297849404082 0.17349200914830656
5.148547922823903 1.2509751605924746 0.07705085046994817
5.393707980521938 1.1895331129950946 0.13819278716376118
6.726904441839462 1.1617552519550227 0.23905536662352697
5.944162746313976 1.2252192500094505 0.07156842043523336
6.903136326259721 1.269993207869418 0.0470368015996441
7.286449608225924 1.2115401148667788 0.19806260776198473
4.898470578528654 1.197275306385421 0.13570608887537772
6.50088495212491 1.1544235647422139 0.3138942160396572
6.687342120138398 1.1732477012714215 0.20415446454344294
5.247328316283703 1.1643153562393775 0.26040391588341555
7.088059357204713 1.1692514708426265 0.25433161047590286
7.303639832286528 1.1903458232813409 0.23323711076733666
7.157443295131438 1.173375672753648 0.2531739708711963
5.500497605182613 1.2410909181595242 0.12383927310279776
5.516846933002816 1.2217351495790616 0.16787295298980637
5.880958020278888 1.1358933389937307 0.29891425079075484
4.848138695396351 1.1732929793340667 0.20379131854539165
7.352064925011808 1.2060896602530295 0.20451776297795796
4.864599481816118 1.1998806091016025 0.17714857637790862
4.935757645515151 1.2199577555292471 0.14264102068183318
6.954903090254314 1.2621085297014454 0.06879853061613503
6.9826409009491055 1.2129527929901565 0.1304139367342668
6.02475580892653 1.2058898723994607 0.21262066464935342
6.519702915000437 1.2243549952652533 0.09031918059644473
6.260657535856966 1.2123808849668323 0.10558518870879104
7.00315360995519 1.2579913490773602 0.08371278800704839
6.275329007234076 1.2551101177805541 0.10277198227510992
5.387103363044131 1.1614759755010788 0.27039742445017106
5.554171080639994 1.1468107731183697 0.2440254024723485
5.803684550755513 1.1377377849422148 0.30267033525024295
5.04154081518633 1.171155136126774 0.23487143145056044
5.56256276581864 1.1552062611414213 0.21999571852973693
5.266696396121464 1.209007402087666 0.18423565824273383
4.836913311434484 1.2009077991867374 0.17017043285689917
6.206331037441556 1.1407843073947632 0.3091645950901496
4.7993914842318155 1.201579672813121 0.16124103598676595
5.109790048850066 1.254468628001184 0.020995236730072267
6.386333132898111 1.2653310926748338 0.0702300069863929
6.732866852126309 1.2564251282929617 0.09854027862772533
5.707399971757896 1.1379076075100572 0.2928487929055311
6.7861491876805395 1.1576655996660736 0.291439161718542
6.792885726130246 1.2736265249932124 0.03392748381651514
7.064739350967313 1.1791259652442438 0.26057208433778883
6.795101447804489 1.1696054246078318 0.2850691658885414
5.44146816140074 1.2526505839214386 0.08684976614122183
6.914693519963134 1.1943894121001652 0.16668604580239751
6.131012125917078 1.1664792792566905 0.2024123447296147
5.235060455590348 1.2719503704444042 0.0171514486370076
6.730069191936501 1.207103980942183 0.2144623592770977
7.441876058547377 1.2105434370657986 0.18615994473034225
6.687917999102606 1.203614172779718 0.221817015387443
6.410260386729622 1.2718766311438112 0.050545507716708994
6.2057541011985204 1.1523666871292804 0.30923856397763855
5.250379560003527 1.2171358452657057 0.08661299166616249
6.057663267783605 1.1803109381279564 0.26285443971543
5.514755345784819 1.1491559116340893 0.28755445519428674
6.974427015559062 1.1867466920589296 0.25113697252410505
5.329644513273523 1.2610449067154499 0.05622028754964943
6.50968500820993 1.2259657402528537 0.17263974974654828
6.376797780112648 1.1467181593542934 0.2792642865500362
5.650173334911198 1.1697098894095415 0.18670400942178206
6.8930130708975526 1.1687351875551795 0.27836688846291513
5.164689713443895 1.2423921883878062 0.09742754761967652
6.3778351898952135 1.2444545038751573 0.1288483988535812
5.53664628141356 1.1886474770916715 0.14414389962715843
5.954219344585233 1.2129755414715209 0.19466167372969562
5.828822634824725 1.1405811141954867 0.279508528453756
5.818185190245467 1.14708833934074 0.30116068988808636
6.0288489659567706 1.1553616230508577 0.3004632768105573
5.5812728689709665 1.1433500373844367 0.2881792379204295
5.413098405322227 1.160038498862165 0.26980989857695103
5.24461728245738 1.2615924651176227 0.04368392174897756
6.585105327468135 1.2112709463190652 0.20424265028642966
5.451966384611319 1.1659165599112908 0.19625978434455127
5.758212993027877 1.1948257456366294 0.22648653101278843
6.460982961110897 1.2612323409145423 0.02590829568251546
6.05405481763631 1.2070226904404924 0.11400392513918302
7.448855941738147 1.2163913969374893 0.16028857366563792
5.210044457802528 1.154116121882706 0.23718440244155328
4.979589218431622 1.2308545116590233 0.08075303959874204
5.21030165970185 1.1541211228728805 0.2545905558669154
7.38891456169654 1.2024852730055338 0.19084938048125766
6.25719712898257 1.1937097123031284 0.14684303048286626
4.87350095886347 1.193006113980337 0.1599632444685649
6.442700808133875 1.2206645864573957 0.09796226569981722
4.993571654888548 1.2256595520773073 0.08662089751119167
6.329008152113399 1.146835753949135 0.28494079027358493
5.111082007483718 1.1770825735668429 0.17733639597416156
6.405953613109357 1.2325574073896 0.07485800707268152
6.28039511921769 1.1993968936086425 0.13570658551106105
5.560123250741636 1.1434465765574262 0.2756727029918365
6.147921146247592 1.19509089865001 0.23352634299451236
7.210069046651128 1.2025564649325664 0.2108753671842508
5.726655797243042 1.2351909876698834 0.054133856816226164
6.334045362271485 1.2600484124684823 0.02336059279237735
6.2674928843348106 1.1486466993159399 0.267414459414317
6.737067986867702 1.169151432970999 0.22532588482183016
5.123594705625301 1.2317356286852954 0.06824427188597929
7.098616495188551 1.2342954768300434 0.10267831916190438
5.239849459011342 1.1747030251313246 0.2386521767005038
5.357368454973875 1.154317353479271 0.23080618233847142
7.391278031368934 1.2115085047704057 0.16588716528752445
5.497093685852764 1.216058291452248 0.17517136385051668
6.075663462309084 1.1617416123668014 0.21719998829663295
5.826097968114986 1.2811123387445478 0.017332132244019395
6.0514300449996306 1.2141456443947996 0.10123361967594316
7.289145360732318 1.1949281479151592 0.2030010273517133
5.017548750872896 1.2272315520720931 0.08564899838998431
4.949713381092286 1.1887622836266953 0.1943094893049114
6.072470553805477 1.248379450079667 0.037622915445676926
5.8455646932939 1.2003869538872975 0.1253678831763929
6.075515074643768 1.2147828052691887 0.19072915010804659
5.835817667249234 1.1451828703834828 0.2900140715583093
5.448254048065417 1.1741696790373224 0.18008958171266723
5.458280308475878 1.2500179872489923 0.08893992697093978
5.73352833485437 1.2251598432106219 0.07547152664630155
7.043363671114205 1.1785585270616747 0.2286141951875331
6.0648337398351675 1.2629250336508724 0.06903542605271944
7.220377402816208 1.2341191783529872 0.11395067625738504
5.820427331344645 1.2469046919152769 0.03607626328712087
7.2809106372808845 1.2213880202670786 0.1673607269688062
5.74575899858095 1.1988415494720952 0.12818680872579516
6.204897559225202 1.2103074932792062 0.11368458503322033
5.376866620916553 1.1786881769751845 0.23741924143728904
6.757458108953356 1.2569717335919381 0.08468365231453989
6.624538615803077 1.1779724041306603 0.2646779447223755
4.930745026196931 1.1852959857524044 0.18149355679432116
5.819305820612543 1.2285612618901236 0.07113133211533841
6.886630394969195 1.255986111632055 0.07118998508105415
6.873724046993972 1.2563962367590091 0.07132001664290284
6.506249091726566 1.2325275360016135 0.15408552323271818
6.9616006992827995 1.1774133527630974 0.2506363477895664
6.604015016117538 1.1799149645621463 0.2611013111600934
6.3924582040245745 1.156338568188436 0.25244087192155246
5.2751927087367 1.2185807872400949 0.15945112415254628
6.484393140756815 1.1559392507009727 0.28330794543765175
6.135411716147948 1.148665016969371 0.2709284615445801
5.053231206772695 1.2351649313209259 0.08093111482021048
6.904417976812049 1.2110633984390395 0.1987313670113797
5.761525185675316 1.2504792813995231 0.09938371229322189
6.2635625938513435 1.1573330378535274 0.2901725165707134
5.385665478789093 1.1754896961355072 0.17989862650739818
6.504997066793793 1.2300142843877215 0.15938503075825114
6.465226116921178 1.2732786345094342 0.025035488422319608
6.5722841004224275 1.159967453781147 0.2562453639986373
5.4211397477505745 1.259242597280529 0.05606866931217922
4.94874851647293 1.1917163450017108 0.16613397493961934
5.3615882731053155 1.1661293054133248 0.2511535903646624
5.158754158333533 1.1686585599098773 0.23239266191466615
6.863935430376305 1.247674444058336 0.07474392945133747
5.275774151968978 1.242240083414338 0.09653820891996857
6.533833866414678 1.230357313879612 0.08734115598638559
7.101223441718627 1.2007133321451748 0.21186138895491508
5.090703212311549 1.226421440569881 0.0884177540172166
5.664344808382257 1.148674181577569 0.26049297743656485
6.878578429269197 1.2241655616742106 0.169968520817568
5.349054070883785 1.1555309474613558 0.24160713130053585
6.004811439762706 1.1772155401411895 0.2590623459828351
5.398285861231548 1.2551769076453543 0.02639070793825256
5.78243980557013 1.2164528772418435 0.1794037996912616
5.43025411338213 1.1746308695307515 0.24325774807852743
5.309666749161309 1.252973363721222 0.06426226259182811
5.2805007239457495 1.219841375602294 0.09124209836527442
6.525111610767574 1.2660654194401713 0.03729609659042044
5.838756626471401 1.1845847702678012 0.24198631601033757
6.841088122792822 1.2516017323075737 0.07142892123764127
5.590143072006095 1.1650007235704214 0.262609434953523
5.071002456865553 1.2085152865131044 0.1651772838815537
6.729100445913591 1.257243486007292 0.0761879144201396
5.017270157299889 1.2114252520368853 0.12240279706482762
6.268659292109568 1.2018010641420127 0.13535181735339402
5.874390934037468 1.2098525899332944 0.11052890272693655
5.177153635243016 1.1912870316738737 0.1521193473576501
7.207301161374083 1.2231118985039835 0.13439721908941363
5.126725282947456 1.235146820527642 0.09755591398247579
5.465881249246587 1.1975775189977542 0.13323877648462673
7.076540837222357 1.187816800471142 0.21006260312022879
6.865912823325912 1.2294792281413591 0.15686586856234094
6.452310111464049 1.1759180098602375 0.2634418656422735
5.749423877440439 1.151777864719119 0.25216779590299393
6.6411936728823875 1.2594826511372577 0.06789045993686614
6.631592369072083 1.168486612733613 0.26658181220550076
5.790961069235696 1.2613939266313035 0.06231245558010202
7.2202894136370315 1.208679805690188 0.18637085010142893
5.953547440840909 1.2513610371344126 0.09824016937995697
6.89482225051866 1.1779521814644056 0.225752673313663
5.888282810203185 1.1735623222450755 0.18994386588405582
5.385374469792239 1.164728965915206 0.2486957043827366
5.32720268870637 1.2327780269768318 0.0707408960105336
5.411475690804036 1.2467774437427852 0.08779188991084418
5.9658466301628525 1.2714965062802581 0.0354361369922226
6.742347973844355 1.1728019757004104 0.25674597319295817
5.260366654386324 1.1902312640390809 0.15390362224595175
6.317285106288221 1.2692878460454835 0.04377434120571731
6.975258832636719 1.182212673655827 0.2297270131400388
5.065312095010706 1.1954155005914355 0.1534385635949673
5.38053714171695 1.1943118599043947 0.14285205253104769
6.260766289825362 1.269621731879446 0.02340292245464029
5.440437009555957 1.1682588181912097 0.20190962278610775
6.3846985059122865 1.1934502480173002 0.23191734339206918
5.7698262610579345 1.2139188774932408 0.1823252093569266
6.251193429515226 1.2240693408042636 0.09327188891734225
5.430504783387406 1.2283787244711977 0.07696576748435753
6.456510095761228 1.202105598506747 0.2152467072870953
5.466106370138478 1.2052518659340157 0.190020022252843
6.27248531925383 1.2705744064257627 0.03349510805072566
5.3631718753013615 1.250767248323196 0.04766810039424238
6.9560681550783485 1.2355621216784907 0.1392245614439932
5.5552226010747905 1.2485712517321337 0.041482037764580856
5.107142929837007 1.227214287995206 0.098202067122577
6.174153662004484 1.2255325224480567 0.08901828475970057
6.454444595349205 1.2453382565486475 0.11941664304347988
5.4118882920802935 1.2136422977735557 0.1710277617848193
6.140743290754674 1.230873032033572 0.15181326837224937
5.292007723528801 1.247261077685805 0.06455806175969123
6.228144819804644 1.1752383072764379 0.19580483169374638
6.165528981520042 1.2701133851128499 0.022196904713824857
6.033841891110562 1.1616438423903006 0.2739926313014749
7.045491827866067 1.1913235471668062 0.2007138849803349
6.060820396006839 1.1641926167965022 0.22028545656270088
5.9864778458491905 1.2435038417770183 0.05384281842718692
6.461053389672353 1.2594054996270352 0.04748824980322469
6.406839756758824 1.191370148278398 0.23455366642307404
5.688690625802963 1.2618193334515957 0.02113667215756706
6.686197179673153 1.175934501810131 0.25384113282940557
6.689153454308423 1.1810579590142753 0.20088488470919816
5.708228734588467 1.2648229712144397 0.04306544050507635
5.517570521458218 1.1581489313979807 0.23579926673919505
6.781620315068398 1.2093962108294523 0.19802541535877433
6.227208181681492 1.2044132778223728 0.13215636841911346
6.466519093222653 1.2608255107777055 0.04799283405914498
5.435851275146563 1.1592369289355304 0.24228160999659368
6.207129596618772 1.202439263268104 0.13575573886220538
5.922374690982924 1.269516074073008 0.03307712663995832
6.337132712476862 1.2596348598507845 0.06991869362700819
6.283665597563763 1.2548893827003365 0.08715288813331865
5.80824648879841 1.2598138834457897 0.025432757035241865
6.003714041429298 1.2251329850721362 0.08728056510170354
5.2125753198742455 1.1726399939501102 0.2216710769261333
5.67417278208873 1.2478332263690328 0.09546974077773925
6.18801564488345 1.267657780410161 0.032435527025525324
5.9417032305879065 1.1697751286367246 0.20351365255258586
5.717711203988426 1.2598439072115903 0.02686642199418684
5.947879984098035 1.1967138392595293 0.14280014115899373
5.7265206862778815 1.248642050526019 0.04405739427376603
5.747011806302337 1.2653592180909257 0.03571856703741507
6.74289094500349 1.1967506080963213 0.16684809926305277
5.790468137031896 1.2661271990492786 0.029280905104941232
7.000288043645943 1.2351186780931478 0.13597170845736162
5.741025453225085 1.2463502227562142 0.04851474373865766
6.521760247725842 1.2383961178279859 0.13480763555407174
5.159768104829162 1.222999682058102 0.12947203680686215
5.969726890077254 1.2219078539407213 0.16740692659970458
7.0751553670164515 1.2003559577614404 0.18169970476740258
5.416905048854806 1.1859625066375787 0.21842593397034518
7.047463055054729 1.1963417860019032 0.20538449542153056
6.386406041200395 1.2550134342001436 0.08234787890312995
6.236651401216074 1.2618847303933354 0.04126540732740122
7.155993541094915 1.2190481787662022 0.14764618366412402
6.595798749372367 1.1803230900774113 0.2472618446080582
5.597748212463536 1.2563529815008374 0.04051232840422225
6.389857481349832 1.2609642808746275 0.0588897869109322
6.211032479497382 1.2597376925196335 0.042042695458785244
5.360410108485153 1.1898883669495368 0.20879586663316893
6.498700845692213 1.1668452530906863 0.2518019612982312
5.428058745021978 1.249333484869219 0.060350102498534404
6.6363458633087795 1.2525700152365282 0.07445804134463453
6.2139163046923365 1.2617074905700636 0.042147778404864986
6.3404263022317195 1.2246462919252092 0.1649487355543877
5.719338343962608 1.2219894791738537 0.09216724649509038
5.223634793678805 1.186400682187295 0.20440512530935318
5.762501370503825 1.2021517586432722 0.20180575069466025
7.051255142460864 1.2102024592103762 0.18482179365624826
5.613242371769648 1.1830695683759536 0.2299376387466124
6.629564135694714 1.2329981781696344 0.09508487374684885
6.5461529113945005 1.1700885747862584 0.2516440418333565
6.2820932579128055 1.2244228604430842 0.09783696188224372
6.916148616702403 1.1910560910046277 0.19587462004426917
6.628861490380862 1.1751149014768048 0.24646543694051531
5.106232983379851 1.210795929519778 0.14375646350866256
5.8602843527374 1.1991355303152893 0.13906880235902394
5.744756405183754 1.1685539406032834 0.25246082541640014
5.956774274666486 1.2548696042145586 0.04361461713326118
5.990104352589242 1.178643788469353 0.1864594150175935
5.120760778542769 1.211858183935955 0.14265685946042544
7.103432232150507 1.2083397583798343 0.17857283679233352
6.262972076407706 1.1905255742518137 0.23041486987201942
5.3888610120662666 1.2421899663200138 0.07193968394566119
6.513537940763264 1.242951121073275 0.07657997977628964
5.492665000282884 1.168296457762803 0.2121030027294073
6.079296795793601 1.171189343401714 0.2564044326652273
5.256888252517655 1.2307723119440577 0.10441473224931123
5.36114328842466 1.2398467159042383 0.07673567113990551
5.884902750316403 1.2402850926218398 0.12123859288365506
5.489031328349801 1.1686948441980656 0.21153995849543697
6.661175713752106 1.2473178789986001 0.08323574060333944
6.744762848220779 1.2303229768638102 0.14940862371685967
6.046167089367646 1.260416801967849 0.057363621954645054
5.28483137934818 1.187363774171979 0.1699447892117854
5.433444296079527 1.2338704227293396 0.07855625244152607
5.439246170424354 1.237220017378203 0.07406943393068974
6.9432320199510205 1.1926059769482789 0.20245532140449699
5.77262110824328 1.1962311414949454 0.14582313974710384
5.545983761053494 1.1874740002901434 0.21773475547413262
6.606389605789204 1.2342152975737575 0.09545241397937819
5.370946714122571 1.2297768185260174 0.0883792432980146
6.491445822310828 1.2133241865530238 0.18677194682245163
6.4403387983530145 1.2153851922374386 0.12219585126085798
5.41976738333268 1.1751753345532043 0.22621446742545284
6.013617399542536 1.2470236028714605 0.05780773772514577
5.914329909820072 1.1621795522724496 0.23724601169080292
5.494215245097232 1.207353331518515 0.12449352571120813
5.164100601754404 1.1914429205237944 0.1760780464537331
6.347401551866204 1.1682397698730385 0.24918420365452054
6.574144306698205 1.2447593932018968 0.11212723185674417
5.294537516154936 1.2289479408995554 0.10091637112941365
6.267828857318083 1.176117189064518 0.2037453377049546
6.545362591932319 1.2488426461216502 0.09040927562061048
6.455948564779565 1.2166428054197815 0.12146393204560926
5.29361532904527 1.2079909635838004 0.1308816131463513
6.956369282890467 1.1989908098602362 0.19618080668809817
5.179234850408854 1.1937634700708235 0.1785477675313146
5.815336974121372 1.162745325506463 0.2406817624537218
6.287534414486583 1.21536245874167 0.1808843881038554
6.931033467942482 1.2048313697618531 0.16735178278524235
5.933987829765396 1.1795251713703088 0.2395152116143254
5.374761282086359 1.2354753016879723 0.09439381518436343
5.263861899952852 1.2052199049657664 0.1702759093409249
6.230126090735354 1.1684838371706419 0.2284815429263966
6.152561436718786 1.212977951809 0.12027021567320018
5.784072777537306 1.2543250877889864 0.05872106802205837
6.424366650171979 1.206209613083049 0.19912122403193747
6.824033839577556 1.2013727450997191 0.20198011122096932
5.830186811436652 1.2500219549869673 0.05699584027261623
5.213774498509858 1.197320057168752 0.1775749425415063
5.997934369107583 1.1982637905087585 0.14720068070127232
6.680606207534735 1.228073183833836 0.1120149434547175
5.421723905051831 1.1727964614694133 0.21378966159729898
5.534738871237876 1.2373195729636557 0.07704606717306191
6.038733686253423 1.2187096530495327 0.10771624050546727
5.4327854453046065 1.2339188360960516 0.0864297685168386
5.580067409709304 1.1756602739114408 0.1965391024514196
5.511175519816424 1.2269793886085132 0.1374999870098575
5.683597108199873 1.2381560667837697 0.07312697886018146
6.168240634698655 1.2467975923603776 0.10177568693999454
6.503039047539925 1.216164022528933 0.12591426683798457
5.287184204648337 1.2180335882496798 0.12115842545922284
5.98290957151846 1.1759141724806157 0.1990502297022283
5.3264520570556915 1.218331535104675 0.1445927726075708
5.398071637006401 1.1976489252027946 0.1511765513017948
5.506243721924733 1.198759370284592 0.1931356987900074
5.7954723415702585 1.2062428441750341 0.1300634826602785
6.747656626784146 1.2210268736524679 0.1647361685567256
6.033700805426177 1.166813016096998 0.2421712315009258
5.587237409528942 1.2122293553612384 0.1188691636023899
5.446470420609904 1.174711765538607 0.21175584069604492
6.4361863093241105 1.1870382233309895 0.18592219292604273
6.189940093316734 1.2146508192620602 0.17941433192869058
5.389136207733117 1.185289733863922 0.2057334744588077
6.076822923205535 1.1721787549575935 0.24478506168659853
5.433339309466566 1.204890299751454 0.13714204238765382
6.331209877103976 1.1974557418827951 0.21218395141146185
5.596908771301372 1.2302163847015128 0.13092286647866883
6.0668600210536034 1.1910153413690603 0.22048193384344866
5.928052237795164 1.2473551427340346 0.08648384665233363
5.366844926066495 1.2249461208437493 0.11868885054783312
6.7658511779338575 1.2103967630807475 0.18345128498333835
6.373724084444971 1.2091343529109586 0.19013963390339342
5.607099908344953 1.1764805543059043 0.19972568958108614
5.277741922261981 1.208527239128141 0.1554765047465553
6.424018514833223 1.2446397587108313 0.10119802103254573
6.264816483117272 1.2422888249731927 0.07985765958133702
6.557108509951167 1.2385859309552714 0.09886340661116087
5.306331517354565 1.2155446999692197 0.13817413656411845
5.753372844364597 1.2448023759161169 0.075721479757303
6.460513761945924 1.216223223821009 0.17494637844458355
6.648081519159682 1.2047700149246028 0.19446159209480116
5.410426294232966 1.2155121582158313 0.12359858227559412
5.593888097668623 1.2354562902936967 0.10698734857368968
5.687931308326869 1.213395240035202 0.11986824321659166
5.95024921344416 1.2319134724866743 0.08896163293071412
6.2545956905030415 1.1986191216884077 0.15697516796887687
5.444768252284224 1.1958157750120768 0.1594367807607346
5.704084281855113 1.2336409541917366 0.08709416784200473
6.219484364320554 1.181091563094099 0.19803762272570852
5.615832494705558 1.2261620879553974 0.09987891189787365
5.696280189879252 1.200235656334813 0.14650852227054262
5.349779954185193 1.2155321376722759 0.13579624897734785
5.624584935595994 1.2376593887827383 0.0911397469164115
6.521309690409973 1.186017360265383 0.21994621632810138
5.412054608304521 1.20871615369912 0.13731415117125512
5.7282153520730255 1.2336578656845527 0.08806498077439984
6.5686451054549675 1.2187369547616194 0.12989922977475768
6.108533477707477 1.2246228160956736 0.10523894432067556
6.492889735228067 1.183818969321739 0.2168360200540038
5.598811969632655 1.1772456319073672 0.2102624663818714
5.527407053243486 1.1800194329172113 0.20339547959420395
5.4425362064128375 1.1990361085010721 0.15576044948357953
6.030173924028034 1.2429521387446805 0.0968566068298438
5.910373183623371 1.2151128302463414 0.12007742709656798
5.478866976674471 1.187645431894464 0.18072551225049213
5.565176813361976 1.1898899835721133 0.20241835253303148
5.741534583410143 1.239084604203128 0.0939247566095617
5.760036575312684 1.2392993201520646 0.09441547047684669
6.29301732001527 1.182779765741424 0.22526989228088362
6.441349844972269 1.1907885648369636 0.18435254251140307
5.747864225064932 1.1795376725443576 0.22120213825563523
5.450416414346037 1.2148199247630322 0.12919898927539436
5.657187063106695 1.1777002423346343 0.21548935236759156
5.563960493307819 1.2205620702993083 0.1144403663419201
5.747294032040664 1.1820772184835795 0.2186864750010321
5.404851489361413 1.1975873470652258 0.1790891892590521
6.36720958262833 1.2398754617328072 0.11361906086675196
6.586365725598519 1.2202221068041188 0.13014805719685174
5.980490878100033 1.1799144771295351 0.22624492833917087
6.781497788308769 1.2202526347768008 0.14147367708261868
5.459884336129466 1.189225810945564 0.18090934865776753
5.893191390375138 1.2408180437224188 0.08845087495819795
6.792782951993864 1.210978253989773 0.1709975757977139
5.969146724858126 1.1999316624437295 0.15184815884296768
5.42689585233555 1.2014050611729432 0.15550050050339384
6.782447736271248 1.2238984855743995 0.1381043635146062
5.752889875647261 1.2286591655743393 0.133598908682803
5.544392137338505 1.1964669062047502 0.18902938023563576
5.93642046346662 1.1782826994536488 0.20682070026392163
5.757599204602219 1.2301182759668108 0.09975031457353895
5.459552822290261 1.2121936837395073 0.13796309924268343
6.214910464057139 1.2317646158051394 0.13553252655622727
6.715913903215826 1.225371106198127 0.14387569954096027
6.244115704473387 1.2379065756194954 0.11742925953282085
6.290635460929765 1.2371925316657322 0.11981911230768524
6.197530060856501 1.2387488752056552 0.0975744746464043
6.160985846596578 1.2366794088306514 0.09627042415387116
6.172703833208978 1.2112174010880614 0.17896591068790227
6.477931143667716 1.2359247830223725 0.1150910663486786
6.559605410636108 1.1966292856261684 0.19896610162732925
6.71128831157205 1.220878125618418 0.14045909991880484
6.586066433850512 1.2037121648412095 0.18786901330237432
6.315502048742982 1.1849570048013633 0.20450811463728313
5.49984278656286 1.1980764336578082 0.17929845206963885
5.629873414472383 1.209915751376089 0.1673018272454941
5.590560899975552 1.210383845774809 0.1372980973992786
5.77731192736173 1.1847125857957466 0.21009991626706315
6.274254947093009 1.1985707300541864 0.20017501952395766
6.655498644450956 1.2206852192629145 0.13870489005787548
6.365154677543414 1.2344880517044956 0.11249437776630619
6.256882998299599 1.1997856083700305 0.19742386744182105
6.21376216015703 1.1858588768954066 0.21320007243979985
6.184376424678959 1.2213086371587665 0.1205639099718293
6.035122202831552 1.2358654452112354 0.11146291059611645
5.6889395230960496 1.1926997743715924 0.17211384828479773
5.51854082803888 1.2010569920488652 0.17303090743751773
6.135984404831838 1.233543365875269 0.1057521178201748
6.465003054345921 1.2193067431340956 0.13314975882411167
6.147691955722699 1.2018957177769578 0.19274149114538708
6.457036826179841 1.2279331641252773 0.12158712248171626
6.463242550498846 1.219786865748085 0.1588265825840396
6.13616822262331 1.234771579475335 0.10681908093577662
6.125981850694316 1.1969023962065388 0.20024624427630974
6.664047602253987 1.2109500363913106 0.16138103714374288
5.538117253795326 1.208612804890116 0.16060668326456037
6.638701881139827 1.2074965892618619 0.1733911089032238
5.790219075907322 1.1920914721781262 0.1997974803213611
6.381678263293072 1.1948549559454493 0.200919971258981
6.385884811475082 1.2324777777642857 0.11726710577181088
5.921636182339281 1.232397400941508 0.11874316755147717
6.275893665929628 1.2336243477569917 0.12275333502561821
5.746271573842453 1.2265173180850655 0.12932559744917807
5.871127837041556 1.1856825528191597 0.1928323621534971
5.737088165111254 1.1909256485497042 0.1970969904479408
6.4613863331248265 1.2133578919625545 0.14479041931795986
6.14187137080029 1.2125675728928964 0.17211778091845284
6.440549301907215 1.2283521281467276 0.1371731049625635
6.3417123357724705 1.2326316775374027 0.11874034905210379
5.878369920434579 1.210313875047709 0.13801086656855327
6.161359413076465 1.2223428410171429 0.12149227797415345
6.497548483957113 1.1986490814447754 0.18721471477412707
5.6196180267183635 1.2160170399841983 0.1469903231484959
6.469102641938253 1.2081145393734944 0.15634895196185694
6.148148388132885 1.189104479016381 0.19025292748867614
5.957469739246864 1.226063234368401 0.11535881066206863
5.9781617412309895 1.2307444660224764 0.11480031531045098
5.686779920812441 1.2130174245348153 0.13779327439526778
6.370111340942433 1.2264486074738326 0.1410423170571259
6.5633003590316665 1.2082703286029122 0.17093987517291767
6.373032572243272 1.1949195450846837 0.18733612913498401
6.118790858680976 1.2140033196044078 0.13627756609405406
5.6781961116921345 1.212750727945023 0.15646263987959866
6.389206592330403 1.1992807988097969 0.17564265852953712
5.715539571044058 1.1990439126302568 0.16451985631784535
6.536632720705175 1.209964490712064 0.16128433350072358
5.626584670828937 1.2112076661146918 0.15178116900866556
5.824144162713372 1.2062696812235019 0.1492756042542362
6.177448521812213 1.2200703724437656 0.1293836073591382
5.981109550395459 1.2059262708608347 0.178411463843529
6.012410632184054 1.1989543889425636 0.18968363395945795
6.067913532101752 1.2128751351646754 0.16662954378613695
6.484323694974179 1.210668726306864 0.16590607644377178
5.789162277173595 1.2198635781204477 0.1423482717285121
6.120617078184626 1.1952778069576793 0.17791937098776056
6.31690847965174 1.2010633837341187 0.1705821250910088
6.016976642413091 1.1930191944402466 0.18337001998515773
6.193659646258553 1.201037571173961 0.16630885480110916
6.441875895100338 1.2148925967914679 0.14981305114478496
6.029985277691708 1.2100478953502545 0.1461427651679257
6.054390806302143 1.2096424142155788 0.14759222178288153
6.327768696550931 1.2020965636290808 0.17383679855411668
6.092569115043997 1.2240381798203488 0.1385141174625366
6.10924322787916 1.2165247688971264 0.1569129358256924
5.773530713432418 1.2135246052636546 0.15014331715831358
6.298336683099896 1.2219321964425065 0.14331394890794652
6.0345512049859895 1.2016603765525005 0.18094454978373115
6.104912759912654 1.2234031851624605 0.1360547349947305
5.956218960866909 1.200052542869518 0.1693628575932165
6.0925415226470125 1.2224003217861923 0.13895822928558918
6.146837937553581 1.2076155128199861 0.15665850204532408
6.256670672453314 1.2067850646281526 0.16761374516103855
6.074201796318329 1.2200519013724302 0.14022987391148684
5.921013376164078 1.21298594631558 0.15264359520043555
6.094173872445401 1.2056860840675476 0.16285664461739766
6.12594825133829 1.2075270224216212 0.1597683693801603
