s_mu s_sigma
0.3172386846563775 0.1862677653276717
0.43300136961210567 0.12868673829640578
0.38912455230297616 0.2334294211624541
0.39045328658842765 0.224177506163092
0.33210736290203813 0.17001343388065873
0.3869623010802038 0.22067368847064336
0.3325170405279506 0.17501935778680924
0.33541116270814264 0.186948236515734
0.43043179722632713 0.21409224006588537
0.40671895474384695 0.2197655933156408
0.3840312419017 0.21879834831452713
0.333977307349572 0.1776373620275255
0.3435720216107934 0.14901834748674678
0.45517081597403947 0.18915413497090613
0.3389417681359716 0.1880360897965625
0.34256845337285646 0.19191197847513564
0.3544328797732062 0.20318392593877332
0.45570740265872955 0.17183580147598285
0.36415037535128875 0.2081771163502387
0.347267690945618 0.19546304072984227
0.4492395373177462 0.15998859643541366
0.3999703186831151 0.13027231197187783
0.35645518671044063 0.14240773380620206
0.40587288694479634 0.13126770542369148
0.3447971263875201 0.15717803281274947
0.4351084677145983 0.20088627405158518
0.44986763671455376 0.18085634152068164
0.4503787290585796 0.1698734141790787
0.41101398464513916 0.20919797368663173
0.39253017861813994 0.20996321419103833
0.43274224665934985 0.14383742379525338
0.42215280341494466 0.20495157756801932
0.34557292871430706 0.17931071087778427
0.36051487715681 0.19780423454094306
0.3492393651529703 0.1857671683251358
0.3961135379304813 0.13238423324837506
0.4266784278699615 0.2017768385243007
0.44731279411385755 0.1779350630506414
0.4449788766058002 0.1846272492545892
0.3640370704357704 0.14116869553940486
0.4465429085248748 0.175137222844573
0.3478816644897743 0.1782088552654079
0.4238737664257395 0.14057356936889728
0.3527079876143615 0.18738448115143508
0.41883488072380287 0.20307754440502693
0.41574083627525227 0.20387222344053313
0.43647975370394426 0.1509347223605259
0.4203248381209291 0.20166013417648654
0.44498486329052245 0.16951118721205588
0.34846408817404284 0.16460590386640722
0.38007754702755314 0.1357012117229106
0.354838246412089 0.15151080115356008
0.35218244444602115 0.18345995778409394
0.36755489282716836 0.19762516337729655
0.37472433111004944 0.2008427019569238
0.3654150419392958 0.19583359895942837
0.3532111314951601 0.1552478184919316
0.38924862687350276 0.20356269555379308
0.39188779944739266 0.20376487370344443
0.3507132728290496 0.1772522851982444
0.43130033772484655 0.1477828547431287
0.34975880093281936 0.1671338499387717
0.44199562717388763 0.17918171146604828
0.433688366737354 0.19142264996343342
0.44275721144521585 0.17615074082120674
0.43393273376101127 0.19073288194343477
0.4188990835947999 0.1995510930549071
0.3746675639872582 0.1386806531796912
0.4277069799203763 0.19514166006571368
0.3504907910249222 0.16640876885675335
0.37530830737474236 0.1991412354073989
0.373388129556845 0.1393669457244485
0.35634153776310995 0.1527930840106286
0.43889284742105705 0.182934573756082
0.4398090778852659 0.1805147782204081
0.40645266153389337 0.13682732451284538
0.4315661846086608 0.14974567204336467
0.3569798961719015 0.18483295855651713
0.4280358383010371 0.19330107271161565
0.4364740211763643 0.1852363676067194
0.35702005786977437 0.1529960561498567
0.3516894583820893 0.16804090304837405
0.3864680296116554 0.136439157379335
0.3566486622323104 0.1839052264567986
0.44043970286914025 0.16483350609465425
0.4299402285127478 0.14854986794738337
0.42826357594536046 0.19220022512422189
0.3540309090990711 0.1601182090937574
0.431792163410623 0.1890849539114472
0.43980388310678586 0.17555967751188056
0.4186040871556411 0.1968968118973403
0.3544424811706557 0.17740797326234278
0.37415725719244064 0.19609716652122045
0.40975473453511974 0.1386315727238813
0.4383413376098018 0.16195457040275005
0.40712227796183553 0.19978477493029925
0.4387652512851063 0.17747862553927723
0.39592223107645325 0.20035803117131615
0.4284001980295821 0.14858799430718259
0.36750631727890354 0.1447886112849129
0.3539756433223104 0.165404635864073
0.39611448467895405 0.19976792178205838
0.42870231629114514 0.1897615520322339
0.3844340051559811 0.19823277471736298
0.43329741706421077 0.15464884376322027
0.43128062523192484 0.1522631415068687
0.3700877573524775 0.14358621923600212
0.4069486801389702 0.19869778759156195
0.35738175962003194 0.18028895655285096
0.3933741520763993 0.19915214175020435
0.35467405737333474 0.17165689381052346
0.3680693916032398 0.1909501148754035
0.42384790033363556 0.19217944228203324
0.41626331258876315 0.1420970194887793
0.4230261184045459 0.19257645006928317
0.3667384895318857 0.14643813275680576
0.359865684281704 0.15357433874320686
0.404781143333911 0.19815942518472338
0.36140427991007806 0.1843186524379969
0.3977117364071099 0.13788371084291423
0.35531204013761736 0.16725491118730443
0.42624377311032563 0.14866835165551806
0.3599495692181007 0.18189790198261188
0.36059937363706973 0.1531790561551651
0.38440325020966204 0.19680743972830855
0.4364194888156867 0.17576484833641984
0.41910158428909 0.14407757060475382
0.36578658418421706 0.18775610689024547
0.36285569184618843 0.18500379491771068
0.35722552997527746 0.17617512869482127
0.4044304350813896 0.13898353615134548
0.3562570285431398 0.16338031830775107
0.35858360429234754 0.17883857117995264
0.4351947513028487 0.16116099540382064
0.35602785113214247 0.16851536129817687
0.38724905868301496 0.13881863390540636
0.4360875988848225 0.17469589016376363
0.40503727466346556 0.13936523641746687
0.36319126991181827 0.15111435575937754
0.3572994801960769 0.17380577880559858
0.38829010565176925 0.19647040293934617
0.359652526194084 0.1786816098278059
0.4180931225789605 0.1443878221375979
0.3895199389806958 0.1963853196974873
0.36715375519267107 0.18710871746302818
0.41611710047587086 0.14353054716105498
0.3575220689805416 0.16628009740953414
0.3594693917512954 0.15851753447258038
0.4205612537186564 0.19068117940229876
0.3817837242166948 0.14096266577125446
0.3931794437622407 0.1392230551134665
0.41563139452671943 0.1928229306923177
0.416224711484689 0.19242022279205773
0.38311009668318835 0.14078590467429183
0.42493977562149443 0.18746497703772375
0.37951711371402247 0.14196904421525158
0.40064366309403615 0.19558597926541638
0.40788944072860767 0.19460849414232365
0.3947696522402331 0.195586958174968
0.41904081878658095 0.19055582637032775
0.43418305408937596 0.1669198732629245
0.38936521528038637 0.13999427506052303
0.4147693794298023 0.14397647124288626
0.37297958936378955 0.18909888762556645
0.391809892756463 0.13984767545437468
0.3610475462933514 0.17696794200806762
0.3939378846857219 0.1398069872445804
0.377820141421858 0.1912998854075349
0.4315954142744472 0.17822683816678586
0.36486609991319546 0.15227646306014883
0.36017082304918846 0.1742711998456215
0.39795511238093156 0.19489852055030635
0.38878793118598626 0.14037102384458428
0.428102637944477 0.18286858406431436
0.3603790551213125 0.16095886568500795
0.3639863287289484 0.1799803734981844
0.3907307631082978 0.1404766027350221
0.40456415872477314 0.1937683650090345
0.3598811426455253 0.16923186420651395
0.36052914508028516 0.17263634228605856
0.4327777652538534 0.16949444436555058
0.386057418570841 0.14136099781691797
0.4221796605592119 0.14963554037682117
0.42832974639868376 0.1807440646544391
0.40324140556933163 0.1933385776013321
0.4184747859265252 0.18873695937278256
0.40558780172648373 0.19299751690928335
0.423754556587479 0.15119459998176368
0.43177232733810644 0.17317484372632547
0.38603672343156314 0.19228811023108244
0.39291416081773434 0.140867105617621
0.36182666864599977 0.1739847500432064
0.4093599604736873 0.19200931198825932
0.3898988897849787 0.19294007520414494
0.4275535220537938 0.15563279464479207
0.3981710469585923 0.14098200710355688
0.4308218792616083 0.17548301826944399
0.3698294789119591 0.18457570484277072
0.3746989705315076 0.1459988106136552
0.3867051496716114 0.19218554155059245
0.3653768914092265 0.1798078926499431
0.36094808386047555 0.16522663928602646
0.3862628267053689 0.19200567386287362
0.4215045293588364 0.18626422887381058
0.4141535270457071 0.19005931159950573
0.3643308174625812 0.15610470832471784
0.4153730711665268 0.14610462727517776
0.38319312174765136 0.1908299543574106
0.40985702700969706 0.19118640472211185
0.4014768511271287 0.1417309362635831
0.3957452383601052 0.19279381358880715
0.36252117854874033 0.17347730869205347
0.4278741094892447 0.1571702835401589
0.3933290983933285 0.19255301550751136
0.367235525044243 0.15261325067360815
0.40863361389568453 0.19133935034778948
0.4097077038913148 0.1909935529540392
0.40258021889893564 0.19227746065404283
0.4025587477707979 0.19227590755434734
0.3723568736864781 0.1851738910623529
0.365054765756541 0.15605872295787232
0.42950356401010276 0.1749938430173854
0.41305025622317154 0.14550167160983443
0.3656896227017028 0.1781490335690217
0.4238324306115748 0.1829752120526241
0.41084190769865697 0.19007393193755365
0.3643049474020232 0.17545805050682703
0.3752906860446836 0.14678669534685893
0.3729240022188387 0.1849471646815643
0.4129692472027816 0.14569989133060798
0.3623997021991275 0.168088456073047
0.36362548496716796 0.17329104414482754
0.39293366144614283 0.14197467125379085
0.36394822830190143 0.17372620016297463
0.3628817832630598 0.16352214413930488
0.3853838104540268 0.1901901504617449
0.4169180944038485 0.18705982261366727
0.4133025243837099 0.1886985323453855
0.389729511038401 0.1424183738958897
0.4089146319243621 0.14440357137969986
0.3893301450114322 0.19081977669373926
0.3634324869023126 0.16226152958520962
0.42152747454237693 0.15164944713350376
0.41101402665437425 0.1891538941801297
0.4185020306312088 0.14938700420630652
0.4203248938136215 0.18450955543299472
0.4242906956477088 0.1810179231843794
0.3739110886403562 0.14844808200275578
0.4228910235261142 0.1532020480137354
0.41067299926669737 0.14534738599606523
0.41475393168393354 0.18746868794887503
0.4041636533427745 0.19053886474959292
0.371034415041669 0.18199128955038382
0.37622177021624037 0.18566836956931243
0.368157958706323 0.1789682940687211
0.3647448661374604 0.15989295191006106
0.36395182239751095 0.1704870262436988
0.40089129288126596 0.190708378551964
0.3639746086250464 0.17029007899147863
0.3673134182203834 0.177722550962205
0.3698970400391295 0.1807525518120662
0.36438735196781574 0.16133429558552034
0.36519424204589895 0.17378470699197934
0.36476903316302794 0.16035712490008613
0.37130553069152555 0.15097386027218093
0.3757455872230559 0.14774454181911623
0.36429509388079895 0.17083983342253545
0.36423896254140214 0.17059191370903018
0.4124978238441486 0.14647041890225937
0.3854859908566955 0.18910120619846907
0.37130752420999935 0.1510598017111324
0.4104278000062373 0.18856058028627642
0.4175599639652903 0.18539196926093135
0.4208219476039674 0.15192606258500113
0.36731703964247103 0.1556720359847029
0.4274288396636775 0.17479138506512734
0.3857256362672573 0.1890757849114151
0.3658894960587153 0.15831176473203015
0.4286568299082506 0.1686875660495313
0.42262391831716495 0.15392306167042616
0.3657522271166477 0.1738790893116811
0.4119795915642612 0.1877235802176364
0.41754064205009167 0.18501594882808842
0.4044934658981692 0.14403478110474563
0.40783883362968076 0.18889120091335504
0.4044234594132316 0.18954870958564768
0.39677338895797704 0.1901274893383113
0.40876277250669985 0.14536360499928896
0.36698688500490434 0.1756656297300859
0.4034718823439725 0.1896104853598604
0.3647069236989475 0.1634617854122795
0.36736409735898684 0.15651842217866627
0.41654610347390103 0.18529062072931027
0.36520615200533224 0.1614885459981208
0.41871092994904197 0.1839043426330329
0.37701302023057665 0.14764237976780212
0.36552468269464394 0.17206942562720082
0.38927716419638575 0.14361231033249255
0.41643958683705473 0.18518626010931177
0.3778747495891192 0.18533925785572278
0.3709433036490809 0.18024521114221598
0.40069592322591374 0.1896746921871047
0.4191330965720974 0.15129756209672604
0.3809336028189276 0.14595840236127258
0.3940217163644828 0.1895727296763644
0.4250608873168055 0.17696617284950455
0.3785539836725795 0.18539288908338064
0.42014894949613873 0.15242411483771998
0.37943100148443554 0.14679179595797798
0.40243064506710685 0.18918010298088303
0.38208060950597306 0.18669365813947614
0.4197066598795299 0.1823628948869989
0.4058247505901798 0.18849942630715227
0.40678123049790127 0.18828419639668753
0.40986932806093146 0.18740674969271276
0.418360484371536 0.18328225870602158
0.3669326739451644 0.17363975347815247
0.3791357196345805 0.18530607605961907
0.36534272910327803 0.1668788549607339
0.4103290740705052 0.18712940672075085
0.3700260131190281 0.1541390394004367
0.42721896867302267 0.16948173872065517
0.4250457317287455 0.1759358117566211
0.3656010222192794 0.16532784847376378
0.3953761549580833 0.18900380539365388
0.3656949384824932 0.16747141305417546
0.3667128993276995 0.17201269114983714
0.37899257329081215 0.1848005560134571
0.36642902166429975 0.1613362844229306
0.4036054110210852 0.18834164062990438
0.36600420538514195 0.16372922807744109
0.426769478760527 0.16704345801968812
0.4109910726610884 0.18630260231468224
0.42189278939350083 0.17927489708663016
0.3857777106016246 0.145184900047341
0.412548501674452 0.14809143194979035
0.39658917740374905 0.14405094242466998
0.42500179581670994 0.16017654533830009
0.37238105991180825 0.17964944530881122
0.41047051497309717 0.18629164310936167
0.38149483726984423 0.18547539966524948
0.374009322651338 0.18102848918952658
0.3870916772874875 0.1872778242932085
0.3770573787638342 0.14901660989184862
0.37388326608534617 0.15135471447188276
0.3806477375768788 0.147200592586086
0.4202524877325392 0.1539519771513256
0.3664754033577041 0.1647828293025156
0.36877027109437127 0.17462257541839277
0.4053574276853082 0.14568628554634924
0.40221039740553916 0.1449765897654288
0.4101452754862555 0.1860690160002446
0.3666425235929518 0.16416988438601032
0.4224785140879439 0.17766756459151833
0.3926300765945453 0.1878217918593859
0.36927153047311523 0.17488168609391475
0.38728284502346794 0.14536014784665682
0.3836331466059567 0.14642540686936345
0.37389445303834 0.1800302668569011
0.3943359752735589 0.14462209961650382
0.37265742735812446 0.15326798960741903
0.3674283115272182 0.16904677496285075
0.38292046847673494 0.14686655603771884
0.3915898707275103 0.18726652833424393
0.3838380341853898 0.14656253227349747
0.3677821998972898 0.16168753787829152
0.4248927433881385 0.1715329713961455
0.42241132644960105 0.1576442468328481
0.3709284321005453 0.17633594963479163
0.36736371807264545 0.1672636813954145
0.384781492662762 0.1856055486397618
0.39728100020933327 0.18749641177723517
0.4179075709658074 0.15284654137782547
0.3676162763096961 0.16826140641740545
0.4021448631982555 0.14554519906648528
0.3865835543567772 0.18599478690939358
0.42422825206645454 0.16178016058206107
0.40654371409219625 0.14676299685120048
0.4201562786374051 0.1786785511281422
0.4060292597699571 0.14663207580712467
0.37350663916988214 0.15313091945215132
0.41808862762951193 0.15334341655153666
0.41248914226797917 0.183849118751136
0.36801370093473523 0.16341942230527576
0.36803308109875243 0.16834020263621569
0.40801958565671603 0.18549163136637878
0.37922077169895124 0.1826482114314552
0.4227885732253908 0.1746880794718575
0.3787507866062063 0.1493702319148031
0.36807475908090187 0.16781111708287147
0.36847060134437604 0.1697631321653955
0.37274675581928934 0.15423213223696705
0.40213774859172435 0.1865045363607935
0.38555940380240245 0.14666111319194558
0.3783533307312326 0.18178933545320794
0.36852622459542955 0.16268802586068368
0.4097950486716356 0.18452981781839722
0.3995531156661849 0.18663485819817974
0.369243235711528 0.17128201820242608
0.4040947757904444 0.18605017941941226
0.3688730793201876 0.161561506725384
0.4242298829369454 0.16925534593784472
0.4214423987935625 0.15784414180251938
0.40303653315091803 0.18612822096592302
0.4242849362159473 0.16732318685033926
0.3729696040541162 0.1544642053214105
0.39682852640732813 0.14555367204504055
0.4008302491298434 0.1863372351215155
0.4218944172711873 0.17499347515918506
0.40086928161150104 0.18626453217710892
0.3796218651314288 0.18207434022259916
0.36950643426502755 0.17087984346401028
0.42233295162063 0.17381586272305477
0.4119730300229459 0.1831744939596317
0.4091638224393219 0.18428708064208355
0.42390466109789704 0.16696694090750896
0.369440586395518 0.1700043844786675
0.37499923452241307 0.178520373491881
0.4047420053072707 0.18528820604226523
0.39083951883724755 0.18556808356431065
0.42057758370127224 0.17595258791443982
0.37693313001650225 0.15155157256219667
0.41793205200254036 0.1788160537008107
0.4046312042939235 0.18517987661179433
0.369418726704844 0.16855333651648924
0.3844526643142772 0.18372503398634563
0.39167378114329987 0.18550145309587443
0.3706772418983408 0.17215351553012315
0.416463880135885 0.17986048113943692
0.3696680462320554 0.16893072626867287
0.423119908085879 0.16941591534350445
0.3694466511488046 0.16742978165668654
0.3975221834006714 0.18574590068787467
0.41488432672438535 0.18076579595780953
0.3796839850811216 0.18122625178162582
0.4182639084704382 0.15532432409898309
0.41245728776746915 0.18205907678158648
0.40979183858176926 0.14934172319828604
0.4060489649854301 0.18446639404937348
0.4227487357264017 0.17003638510922747
0.3886997490434887 0.14683819063165798
0.4107485820509216 0.18283933840978442
0.40134639417566675 0.146724606336488
0.3757766749786329 0.1781543908056221
0.4062471408390023 0.1480323274944711
0.39058714110506 0.1466106276562558
0.3940391353832708 0.1853120990854845
0.3700419900937261 0.16312035395828606
0.4216921903724915 0.1723506246103485
0.41377642001498177 0.18098723149388246
0.41903232812783286 0.1567273469936921
0.3771508855042995 0.15214205132385927
0.37248540348460935 0.15715717599237372
0.4099269273475977 0.14967238392644508
0.37220236274808327 0.17354305431169315
0.39395637607491535 0.1465038388199557
0.4146722331932156 0.18021869147806444
0.41824084491263386 0.15599209912451373
0.42028273083783424 0.17451884228702197
0.41236618571437067 0.1815352250255026
0.3704928970428454 0.1621495621888146
0.38189568380582967 0.14947748600270697
0.4195608482017659 0.15784311425953704
0.375214798445171 0.15416059954518171
0.38432474977785164 0.14853615962914882
0.4189620554743032 0.15726309089310742
0.3908257477113795 0.18436323706538552
0.4145101863352097 0.17992607307137554
0.4163516163405586 0.17844757835642935
0.37519131344439827 0.15447475747805217
0.4039348075200531 0.14785104259844611
0.39147628020480135 0.14699018700975838
0.42213075088495994 0.16600840430271505
0.41468268758913 0.17963314616447318
0.4014802941359133 0.18440633007383725
0.41056835506529576 0.1818460335291098
0.4113486836554367 0.18142534289629844
0.41875488112387754 0.1574524165335649
0.37125794404624785 0.16180976266322125
0.37944599979105964 0.17964147712715747
0.37427224699472367 0.1560007961757194
0.3741340568023081 0.15617984090997644
0.3778120900807593 0.17831615913638785
0.4007894478140527 0.14748392267588858
0.4183119649098161 0.1757307667958144
0.41954211816357606 0.15912486481082566
0.37150980802027883 0.16172206175702084
0.37814348147558824 0.17841694841582273
0.3833941237317657 0.18148943105847748
0.4026910224222985 0.14796015495251785
0.3802621512919906 0.1511116756504441
0.40087204593958714 0.18400958969060888
0.3950521636753036 0.18417145046171496
0.40741639510208627 0.18254300336325296
0.4012604664849199 0.18389479463497024
0.40438333877541105 0.14847556703827133
0.4212352611797064 0.16834548047731057
0.3825644328785965 0.18086261440616141
0.4154115521782457 0.15452587816883329
0.3723788462770429 0.16014591832343017
0.42081043078276703 0.16999426918103724
0.4133912010394003 0.17949589682626682
0.376694223196919 0.154107503690276
0.3960182950834258 0.18394006793768863
0.3951668487628533 0.1838865338921119
0.39996271155689167 0.18375929563316182
0.39185890359297193 0.1476207312403589
0.418747781561252 0.17410092135311836
0.37325250286478884 0.15878989974979166
0.40464920279132993 0.14880630238794132
0.3929814973342265 0.18355903055941036
0.40757223885425103 0.1820608843082853
0.40807813755639494 0.15018188153781237
0.3758865233625091 0.1754338975799702
0.41500180227719624 0.15460018329301875
0.3814287595205333 0.15099172108581993
0.3993690346021757 0.1835564815813846
0.4147635214018254 0.15443070045428184
0.40269333661744605 0.14844546171636155
0.39509567879502117 0.1476119249979854
0.3990814128520552 0.18354013829351642
0.41324027029429555 0.15324903725472058
0.4161437414422791 0.17650429341748677
0.37258701826122337 0.16902104202346066
0.40673665849564117 0.1498737715026081
0.38972292468421577 0.18246135319516504
0.384090685539074 0.18060068611457478
0.37629009038590067 0.17505286382574026
0.39805532258144954 0.1831677309252087
0.42024230008439006 0.16676867799057668
0.373129095757769 0.16957591829708785
0.402247697260185 0.1487320009504689
0.41482272870604525 0.1771347740270104
0.4095803394826217 0.18034926785038993
0.3726459733603391 0.16438311841865494
0.4008764843621314 0.14858866763102685
0.3766492587471496 0.15554487897101993
0.419232019314541 0.17062124202714235
0.3990885073725371 0.18284552306613858
0.385940257885906 0.18093874028992507
0.37423154173627715 0.15917175392832209
0.41811041003562355 0.1728005362502166
0.3971219639231977 0.18276088954506323
0.40048849800197367 0.1825618090837684
0.4125349637641695 0.17827785959555725
0.4116608065624875 0.17878089730174226
0.4064032839557696 0.18115153390869365
0.3941303460912513 0.18244564190625542
0.4195571517679985 0.1662850808995152
0.41636136019905207 0.17462429137186472
0.4174613105710984 0.15932270773105092
0.38732584237820017 0.18099345326107547
0.4194344050569637 0.166323640651725
0.4182997157522791 0.16126735019801747
0.4172465041886927 0.15920763961641196
0.37967119996382437 0.17691450724073307
0.40265031216218755 0.1818148035639266
0.3740242800643374 0.16927192582725623
0.41638997000211647 0.17420658651446172
0.3808160056557876 0.17765639020427335
0.3954707067034208 0.14860840067333347
0.415645991793236 0.15713612870545174
0.402139636834813 0.18180937389697482
0.4157545994427902 0.1748266566368998
0.3901147340599579 0.1814777339430032
0.4190853971994188 0.1669784882410914
0.39353984882256665 0.14875847987967114
0.40744475511085243 0.15126598863184149
0.3752818116565101 0.1588774243365627
0.3877981657556072 0.1498041844962697
0.39473769784304824 0.14878359268875663
0.38578158144201374 0.15046694486067563
0.39158121040346744 0.14904690262247136
0.3755545318109616 0.1585720679244383
0.4165419249147981 0.158772174914524
0.4064217680845437 0.18046150017511364
0.4016571664253736 0.14949518251049762
0.4086718636466936 0.15202181977342283
0.3906707645985546 0.18128641039948926
0.418663566640787 0.16454803213084154
0.4095946779593474 0.15255765150251768
0.38389071178324885 0.1789524973383084
0.4040405488313005 0.15020070036910066
0.37927280066198926 0.17579022121971447
0.3812040419211481 0.1530221511500068
0.40799887005495017 0.17960275076968887
0.40351083069038085 0.15015663449466032
0.37438083147176787 0.167634333737562
0.40170131217199195 0.14974129521429394
0.3764582547744845 0.15791246708886125
0.3914052180903333 0.1811168246273592
0.37531805605408164 0.16008809871739707
0.3897957897901726 0.1806994421494275
0.37487010194560566 0.16147969763051456
0.3783645331659421 0.1558162830289319
0.3991180402833556 0.14946772455768256
0.39533597181276886 0.18137794757739942
0.3767817130802193 0.17230806012100142
0.41782182734187834 0.1687649422034285
0.38522173627606116 0.15131492248982625
0.3804584462934861 0.1760883173121052
0.38984774492308244 0.1804850287026876
0.41753090553329586 0.16255974204933035
0.41318945586305866 0.17583710303495428
0.40657045825061594 0.17958677608708304
0.3976482613308749 0.1494821899750728
0.377517898968623 0.17294835968204728
0.39657157112742203 0.14947089039932582
0.4174310193665958 0.16887084761720725
0.3749316056249323 0.16655940494912203
0.39113040168433155 0.1498691735574091
0.38200637144719335 0.1532856230016079
0.3807439605580292 0.17592359057701368
0.4176466806473973 0.16510107428201093
0.416566365665147 0.1709320306320795
0.37497266447936 0.16492496632170958
0.4107699713532674 0.17715073962814226
0.38838705114203875 0.17967109981497753
0.4083341797054753 0.1527866475217712
0.3752989215801138 0.1625356478632052
0.3768081142142809 0.15875021873702597
0.38204603529192754 0.15341201441837407
0.37864541228385945 0.1563474962309741
0.3755275424113377 0.16192775838558762
0.40922685331655134 0.17790161068334667
0.37528697756960366 0.1633529698572557
0.3932689565805375 0.18054216426842656
0.38701509745202656 0.15115447722554096
0.41600104414329286 0.16057176163827513
0.41250625978122846 0.15599447526902224
0.4151209911848751 0.1591550558351621
0.4169985607431273 0.16363599760716013
0.4167908005156523 0.16891041588853123
0.37598948365648005 0.16145585509837926
0.39114381180781427 0.1799751955108525
0.38868243772660505 0.15083435261753142
0.38480588988137887 0.17778945953403907
0.37789504579079397 0.17205299694031803
0.3756481389018569 0.16639224385154094
0.41007477183913615 0.17697858232343203
0.3979162013125029 0.18043454824915095
0.3964286418965824 0.18043123567716726
0.37594802459067866 0.1623989929412965
0.4076736204989863 0.1529649468140557
0.3879481623231668 0.15118385858174405
0.39100236163374424 0.17974700141371452
0.3845515020970924 0.17746859193294642
0.37848051998896787 0.17246929232902444
0.4160390103906014 0.16175650198785052
0.3816811496627381 0.15439033627805038
0.4127662624137442 0.17462310922870694
0.411180184220577 0.1553815493881562
0.3791374207366356 0.17315689655092018
0.39336152623772286 0.1800005726959248
0.3785094425563978 0.15754627191113083
0.40797517211746076 0.17780039843375578
0.37593716197629506 0.16579392319762015
0.38628784967782953 0.17805232062117782
0.4130815726149202 0.15732635561176211
0.3858791290304359 0.17779422037054385
0.40549277479654033 0.15227550428912687
0.388815790348407 0.17880922824132756
0.3874349723243562 0.15169014992962424
0.41280463092166086 0.17410832218850483
0.4057633279912472 0.17844347415840672
0.38504103831721803 0.15271685572845356
0.41629431478977963 0.16710678360356246
0.39225544672812557 0.1795061184131222
0.40657065984555674 0.1530165107136347
0.378960296803693 0.1578345928528229
0.39364532647675576 0.17946579977576024
0.3788721948796759 0.17172108833134417
0.4152843183150939 0.16183594205759336
0.4030132213527425 0.17890776379957313
0.3920884522190529 0.150873332955479
0.397667406937451 0.17960186078470336
0.39009121878106495 0.15130697994625794
0.3919495185074203 0.17908378655957652
0.37800452430865217 0.15978009019664807
0.41210418128362136 0.174018091556997
0.4046304687908827 0.15242822385657775
0.3773756495022572 0.16830673580537803
0.3924913908825988 0.15100316420571375
0.3961217088468341 0.17937692935496952
0.4109720331736369 0.1562903268916419
0.37902500318153876 0.1712567162111463
0.38756196240530527 0.15223342040109625
0.4107950884713584 0.15631046886640307
0.3838839626300379 0.15406353819162022
0.3905405798986762 0.17843195408966495
0.4142235859283879 0.17053072633641778
0.4081056568125958 0.15449947648768053
0.4014995779193764 0.1786250829863898
0.4144294942201338 0.16967171479905924
0.4084312993670923 0.17607359552517265
0.38636450959447394 0.1529996174992556
0.3811930043272856 0.1564185701681238
0.40620351794175014 0.15355721099727865
0.4112152787617209 0.157061223668144
0.384439089463652 0.1756181917494728
0.4149746533558013 0.16728967046682697
0.38399850950983794 0.15439274309284054
0.377802914608683 0.16700341634221608
0.40928907836600037 0.15557541099549466
0.39390267198138673 0.15135955443839802
0.4126654054474556 0.15896780253842865
0.3886914389043462 0.17743747216038874
0.39767029277294275 0.15140459742343423
0.39143905888029623 0.1781787790801726
0.3791922660470732 0.17019872219769352
0.40817349548277865 0.15492114807466226
0.3993860836811918 0.15166004317764192
0.3823800922332059 0.15573398088830703
0.39139519676123985 0.17805757754503573
0.41123655645860835 0.15756206787333718
0.3845953791125281 0.15432436716320913
0.4018264475304373 0.1780327476587568
0.3865977985532903 0.17633252691425513
0.41415872514034807 0.16871115088073751
0.37884045683457584 0.16064245178222716
0.3952622816657588 0.17842041722622448
0.4066771069810126 0.1763480911222135
0.4130598591890494 0.16016847188281327
0.39600272120976454 0.15155369983882744
0.41337904010712095 0.17033060066887223
0.3825190575721442 0.17360466869296323
0.38610425193159353 0.15366061452115976
0.3781304531067679 0.16348335281649656
0.38204837897925914 0.17316795682802144
0.4088202636028245 0.15572336721347485
0.37823744022075784 0.16315114434149766
0.4144564429578428 0.16590673316034246
0.39030467719256245 0.17748881645583964
0.38293968278289 0.15571276880997215
0.3836858190126131 0.17438186509837159
0.3876886663263226 0.1530925082586697
0.39820009600564066 0.178242898299275
0.3913708842951184 0.17767264233672383
0.40242377740753993 0.1526910573924753
0.37966805116242425 0.16993593563769224
0.38145023720267895 0.1571949604140012
0.4011697855921657 0.15238717219366577
0.4098658667911642 0.15672828653045714
0.39964152340262166 0.17797151582229728
0.38211792820714335 0.17278046930549612
0.40964432404912454 0.15667177372271388
0.41247297494903773 0.15997525640993576
0.3823776468372604 0.1729756483040169
0.4140988513288574 0.1655375614306228
0.39348442290916696 0.17780108695164043
0.4136939992287028 0.16810607366086153
0.411297624806813 0.15861135924927122
0.4007488619563865 0.17755933064442175
0.4130963687542156 0.1692963724564109
0.40427801353657344 0.15370343762525795
0.4112187406040222 0.15864212890271506
0.4130918001574512 0.16920112068783058
0.3824245786705209 0.17260849265979375
0.41101629125524985 0.17233634940113304
0.4129618692430065 0.16934344155381398
0.40684928023264527 0.15504655113539317
0.4060424024664555 0.17579536457285114
0.3947458156107589 0.17763218578492676
0.38507666766880366 0.17452841175550793
0.4077265074135774 0.17485236556126704
0.4118949157778118 0.1598213738665642
0.41198143987586916 0.170775197795929
0.3811082082955402 0.17078850397139372
0.38900202319387595 0.1762983867292655
0.3806292520083811 0.169965925051094
0.38835482422329953 0.15352290081315545
0.3808235747889991 0.15912380501743503
0.405555157063404 0.15456337059687275
0.41245826309061434 0.169647300084924
0.3821532666272761 0.1718432249103119
0.38026777509685916 0.16914816790596326
0.3945411666097648 0.1523456867151044
0.3803609500245285 0.16915654704688934
0.37999567676574264 0.1609508099322709
0.38028705155061787 0.1689805590048344
0.37932077554909666 0.1652275209310146
0.37994107982009123 0.16130754732316416
0.3804616591689572 0.1601788162164556
0.41313639128052415 0.16428920425917662
0.4127320103851001 0.1682218494149224
0.3890605673595412 0.17595581434416535
0.4004947651439516 0.17694891453322947
0.3797300723787593 0.1625934253808419
0.3916095617796242 0.15293814525400803
0.41291525503934706 0.1641514824686356
0.404207931850664 0.17586592479162316
0.38094973176845126 0.1694574125708674
0.4100825751113353 0.17214259377308952
0.40002674097187507 0.1768858430597645
0.40284075908568595 0.1538305671228231
0.3812696884640226 0.16989739967313386
0.40612637134805935 0.17495234396734927
0.4064344978799804 0.155544808540297
0.38806349464477347 0.17528317690623668
0.4069178303681393 0.15590531485803297
0.3961536307080743 0.15272972937391133
0.3798258755140639 0.16368567290773278
0.3864578343864018 0.15492759552678412
0.4083216128476874 0.17341759634181025
0.39010678431704804 0.1535420808849199
0.3829096673632443 0.1716208375872486
0.3946989595211835 0.15283447872115888
0.4070302049169008 0.156124360094681
0.39083444459224 0.1760192158339264
0.3975418940484718 0.15295647361926723
0.41200842304117735 0.16837699899147315
0.4030028661286247 0.17585153958256658
0.39299318869532074 0.1530843642263136
0.39603488140478676 0.15301037799817932
0.38429200172101424 0.1724842339598841
0.3888165493406669 0.15421748287388362
0.40457871816890845 0.15505650791478784
0.40939439405548683 0.1586310134971322
0.3811759316816124 0.16820705919026663
0.38149279758475685 0.16881850644799146
0.3973890518217349 0.176352813811173
0.3808525482069758 0.16234199618645034
0.38062921464834215 0.1653584829555355
0.39812821912792634 0.15341277891837612
0.3816946645513156 0.1687720531268533
0.3885503860967848 0.15462880160386028
0.4034791589579723 0.1548095220465024
0.4109266325982965 0.1691341948568233
0.41122672127007026 0.1621084340735342
0.39955541292292296 0.15374446817050902
0.3808795606194507 0.1656232306793342
0.3850653312515071 0.15675088325249312
0.38106883704175837 0.16643405329097147
0.4044481169065039 0.15551501016668975
0.38948439290743114 0.15454788659138471
0.39825438839952176 0.15369196393417317
0.38459711938462526 0.1573097507953477
0.38120239970951614 0.1662788390713906
0.40582042122063183 0.1736918128922897
0.38153838429331194 0.16718610440744516
0.41107212487877276 0.1675827415959073
0.41128953802684554 0.16668389217317148
0.4103061104078666 0.1611858750855468
0.39707044271015585 0.15377748264231994
0.3851105101671683 0.15719662555407501
0.4036117305518229 0.15540465607561119
0.40292022228738916 0.15513638911620442
0.4057496848411856 0.1566209653396805
0.3974231041324882 0.17564144643908322
0.4093211884168772 0.17033943194453474
0.40426139005107226 0.17409114217675128
0.39232584810352467 0.17509230295795675
0.381714020633717 0.16291255834372032
0.41064081177779305 0.1673104789327101
0.3824889807769287 0.16092718003805997
0.39773398072842925 0.15417330684484484
0.40407653761258694 0.15602074468070787
0.40899039080800303 0.170021702416326
0.40997365151398124 0.16828353828588988
0.3954143762085082 0.1752130028792093
0.3864226282722839 0.1721862011916735
0.4018693138123247 0.17452479639880472
0.3819923415004229 0.16479955480597355
0.39581540100728096 0.1751797203834909
0.41008074971620323 0.16779437094028105
0.4095067829848238 0.16121378868511976
0.4104809684723723 0.16578943598155851
0.40998806610349636 0.16788956454450765
0.39000203998466937 0.15521490745357563
0.40117545494460133 0.15507021490743464
0.40108670687943165 0.1745838614987682
0.4090788748531031 0.16948858627256863
0.38377095799094635 0.16934154989507771
0.4078067023188059 0.17097437593620166
0.3976198948828792 0.1544542249035257
0.38613220937604503 0.15736550556966794
0.4068401947155328 0.15824093408960274
0.4092292755641457 0.16897461749093282
0.38619002249721535 0.17154914235596683
0.38804443169390995 0.17268278691821679
0.4067430273506841 0.15836606796292776
0.38295511421500733 0.1627311165761434
0.39217046144475287 0.15509310388502315
0.40974009828279884 0.16424793010324884
0.40201707839591616 0.15585598813253712
0.4025431511547016 0.17350112325274275
0.3885740714341208 0.15642124673487806
0.3984186426091559 0.1549935116076685
0.3974588776287198 0.17443528380255555
0.3830175136181799 0.1635610276481713
0.40684498971876665 0.17080008893292836
0.40847773304926144 0.1687691795245589
0.4056230322763662 0.1580577421706839
0.39527479458602344 0.15494542140366702
0.38315150281795296 0.1635137393329191
0.40180999821112817 0.17352128136072137
0.39424428082028873 0.15503944078167994
0.3898899813370529 0.1728805477577738
0.38846539566224236 0.15676106736444181
0.39040693508970076 0.1730448661893357
0.40278641446942304 0.17303419205421722
0.3958180604668164 0.1551407395452214
0.4086085795502673 0.1623035788811562
0.40620570987751703 0.15896302094376752
0.4076519928934838 0.1606306361338834
0.39085112939818845 0.17300617254830067
0.3982741463280349 0.173915164579913
0.4089551682326158 0.16390450134820692
0.40555926005136783 0.15845447169243937
0.3841948264848265 0.16738663323701675
0.4074872351522015 0.1693429721732383
0.4079309818941553 0.16864646073030257
0.40579906144279154 0.1710245549715713
0.4064376675821374 0.15934673010895317
0.39441280302411874 0.1553563102631394
0.38385465272393593 0.16590256669743542
0.38408384188603734 0.16667698066947526
0.3863053933808724 0.15878928386748065
0.38954384858447194 0.1567193918615134
0.38481946791776517 0.16803050195485006
0.3839759140232321 0.162884055697803
0.401625917459482 0.15649114855409452
0.38711418074635595 0.17058517691802752
0.387781334938746 0.1578046351066451
0.3863819210159249 0.1697541857989309
0.40694693159857265 0.16926136737730207
0.4082056862258086 0.1630378859714611
0.4084095354751841 0.16434326613742864
0.39796121577655025 0.15577743771389177
0.4041911242634425 0.1580868221162716
0.39377556978294626 0.15582004860888987
0.39972014289292507 0.1731383232457094
0.4025086664328711 0.1722761394656261
0.4041211900769961 0.17141235038135422
0.3953667640482341 0.1558008044032516
0.40697199421925784 0.16871979622423214
0.4042279604422376 0.15828420605910312
0.3942008450946959 0.1731220333837508
0.40053106629508656 0.156554860892134
0.3855759925546524 0.1678403926983168
0.3955943157577607 0.1730543124064433
0.3877426469824204 0.17018254725825008
0.40154876194145006 0.15709273343932734
0.38525195860299166 0.1670077592952966
0.4066039295865074 0.16869590807122092
0.40659612601628475 0.16849713506578184
0.397952912153427 0.15626185825859115
0.3863342363926893 0.16023144894810307
0.38630503789022413 0.1603462573373589
0.38768724298135504 0.158899756450555
0.39946847609416564 0.17257446784975017
0.4007682780048336 0.17224341642134822
0.4050467077874518 0.1596039038688803
0.40737206828332173 0.1660790466204052
0.38509728801725823 0.16356348587858094
0.4046400212119217 0.15927555954305245
0.3874810924962442 0.1592275721082718
0.4032909735474771 0.15831091136948672
0.4071051806481465 0.16279404350899643
0.39919191392211456 0.1566959068498246
0.397521541926664 0.1564414940938702
0.39490303543899813 0.15638725085068592
0.3852409371460662 0.16448974859668744
0.39642186509306515 0.1564657397827605
0.4030187547786621 0.15838901812409908
0.40285654451459696 0.1582955173809918
0.39679688360447213 0.15654723444680593
0.4011618679542496 0.157521541411832
0.4023574844581494 0.15807426120933882
0.3869439022100429 0.16836815903036803
0.3935460598703399 0.15675973472054805
0.3931039336846077 0.15684792157215946
0.3875873513950072 0.16903123621527696
0.38567434517199156 0.16292882607674264
0.3965882758518941 0.15661256393137485
0.39106974133873634 0.17124872796468496
0.3859964918213711 0.166461569858245
0.40665395432044343 0.16621810320372377
0.38974169408265386 0.15827081315386
0.3857725067538655 0.16488857393730427
0.4063935711066342 0.16272042276045187
0.4039894894922956 0.15947656954702405
0.38596793093406406 0.16555664828670844
0.38595490685650774 0.16365896333816274
0.4001343972142956 0.15753440773295896
0.4014563910903186 0.15809383786509273
0.3974764866613127 0.1719778791979573
0.3920862129762569 0.17122358726037612
0.3887749857602049 0.1592869536432477
0.40501964543655883 0.16104739614864502
0.386373994946149 0.1630386669883037
0.40577500626848234 0.16253607843443427
0.3882997057170429 0.16861519489601573
0.4048547037028469 0.1682829748091633
0.38909618161169623 0.16930800058108933
0.4046904667651887 0.16090986381860553
0.39788167625658255 0.17164074547602698
0.40610482804349185 0.16532703574785673
0.38935701703575065 0.15915648197374171
0.4023580336620182 0.15896291167688992
0.3975423627242132 0.15736022798416183
0.40534389835686896 0.16204969516047574
0.4059505972983407 0.16420676632128076
0.4047957136601032 0.16803132430664136
0.3927768739572294 0.1577570582859446
0.404257522204775 0.16859428595141085
0.4018144568063395 0.1703393504490851
0.40580697778967917 0.16484274508008945
0.3880296833228732 0.16780672005743752
0.3901094136610166 0.16960971052155807
0.38683221999604583 0.1640650785285072
0.38979510808444257 0.16934021624376613
0.39305841395452884 0.17082500436922124
0.4009235429789009 0.15872247082824373
0.38708833474864535 0.1638067858452893
0.3907299490294165 0.15890962797187622
0.3991594712923464 0.17089301488704522
0.38763747822938005 0.1664053968969563
0.38930963657157663 0.16005647001335774
0.4021210230769417 0.1595557503718015
0.3929344381143114 0.15823146081210862
0.38876164556286247 0.16092035263100912
0.4015270415056747 0.1594213028065503
0.4001132305381693 0.17026073964980573
0.3961096105389677 0.17081640592202615
0.3889814672497638 0.16778602200037313
0.40206466603052227 0.15981831618450604
0.40465214397535426 0.16594028084406787
0.39194228038219964 0.16971606286256966
0.4022593481978103 0.1689324398127607
0.3886388237905245 0.1668272071975685
0.39973126294323613 0.17008214318806028
0.39005360636040837 0.16013997605991404
0.3966365845476746 0.1705251117925941
0.39418022052483187 0.17011382040639228
0.3927958574768903 0.15889865642647166
0.3883623036777974 0.16511820383891607
0.398763297174124 0.1699554202140015
0.39199535657684537 0.1593973139067067
0.3885126803659346 0.16453056585055187
0.38958382959118615 0.16134230037999978
0.4026316579315184 0.16129840381086646
0.40014977214491465 0.15956581660296346
0.3886969414425923 0.16491855427410487
0.3950446013791886 0.16980648129608647
0.38874535710289165 0.16452825433872065
0.403073205865838 0.1623335242444281
0.38969810440895797 0.16181423285705493
0.3911216435869186 0.168008136337058
0.3897888174320686 0.1618832937735192
0.3939186687428738 0.16927001971538302
0.3982277034324249 0.15947318179739292
0.38929990769682626 0.16441503981096722
0.4029403006752172 0.1630541035581949
0.4031646933572455 0.16407062081895157
0.3894585894308597 0.16346587484447386
0.3964842593735275 0.1691633419897996
0.4024421849166564 0.1633321656305807
0.4005862902106085 0.16784582397797984
0.4018954600786861 0.16236736671617635
0.39003339919497465 0.16464026002032361
0.3917112687902972 0.16116292405675864
0.3901385976898454 0.16396442351112095
0.3955162368268844 0.16873320449220533
0.39037386836566534 0.1652908100754807
0.3948659106827049 0.16836991785996488
0.3995130671698103 0.1678554283432461
0.3983157151142925 0.16809660075171876
0.3908549431284824 0.1646039605317878
0.3983784704404087 0.16801999138917925
0.39975271860653055 0.16737401215504713
0.40048289408531595 0.1620401065025324
0.40147146879903645 0.16500634779500095
0.39173491428335155 0.16600695094863194
0.3922355817063168 0.1665367419688159
0.398768341526177 0.16759728622278483
0.3930068573754394 0.16136423225606197
0.4009485038256103 0.16577864023967104
0.3914582753116618 0.16391403890739228
0.39252833990745073 0.16635828959031937
0.39380668500279137 0.16719320736725743
0.3974012647729337 0.16764771661042394
0.39184811785022333 0.16309960387805075
0.39248403804049076 0.16240194998402907
0.4004527983481413 0.16324079447821183
0.3951208090473896 0.16733950619654947
0.4002811835443772 0.16360345198888251
0.3946779049927625 0.16698273077279924
0.3948780019420701 0.1617464858171009
0.3997305374795042 0.16492879019584258
0.3977021265395421 0.16192665418606728
0.3956575763694338 0.16672235710565234
0.3932842898470799 0.1652344635308608
0.3989297721176937 0.16528811921042663
0.39780730424038924 0.16612282753232618
0.39348867492867107 0.1648919044825243
0.3991000094451802 0.16453273628333426
0.3953848990785637 0.16618103676885337
0.39412529834090576 0.1628616981586429
0.3937901831514504 0.16484913885207966
0.39721770084074864 0.16247875959082897
0.3960672616036017 0.1623479550437133
0.39474711995608214 0.16567046413592088
0.39455944560354433 0.16302334688537423
0.3966722357452712 0.16273756481190343
0.3962306630265131 0.16564292997427846
0.398082688736334 0.1639175762846746
0.39589734701710183 0.16286479512206178
0.39803514132769424 0.16420729057024563
0.3968958488363348 0.16319104343693489
0.3953185703332849 0.16393636779220852
0.39659671789807877 0.16422170162627683
