mu sigma nu tau
1.522203232151179 0.3236910235755423 1.2086472195344555 14.610800330591474
1.6635981576045076 0.42100418770063736 2.3565811854884284 11.449314521740048
1.785290323279685 0.4318269554331875 5.129430573136016 13.562542919206443
1.6209245555836411 0.2591915244699831 2.4517612301763796 4.978433611410473
1.7429322166229215 0.4254442028497441 5.670218631834212 11.987165808893401
1.6426943108505347 0.3781146531216188 2.060452451754225 9.950535681926013
1.6174367269745284 0.36482955611438017 2.656462061043597 15.182536293178279
1.7494868189565698 0.393405467877081 6.620754506695931 17.368328155488328
1.7880258451174227 0.6308792646156239 5.482548761524162 3.11426157037001
1.4963625316618057 0.43756230712976873 2.43785407515584 2.487579665307838
1.482905874467491 0.35267069977684246 5.9912592117496635 2.756125100923602
1.6863017092056445 0.31286228132462707 5.668169234014058 10.315252127127987
1.5306889878180394 0.18173461176015213 2.8677823843393577 15.651746799855587
1.5147793662446558 0.2816418402531629 6.428660545458185 14.498471867431844
1.6124251413072221 0.23030652980935812 2.168786309945549 15.428519765670215
1.7237849979922526 0.3609963965095577 3.7659522959584675 19.22386514462709
1.4801652404169245 0.2889473068822577 7.67358816448197 3.351609957849929
1.717192093600333 0.34887368356687404 4.820677102536345 12.785409786103195
1.7009761109036918 0.47783561758500853 3.6178853318672033 3.9943697664113222
1.7245248716621613 0.41958713422026167 7.293640663246189 6.907048681072352
1.5137005830437165 0.2752371055307426 4.521598590708907 12.262286544206242
1.5686073125363587 0.32899488145464145 2.780274128902082 8.516399467377102
1.7128349937148466 0.34288493694275973 5.306015109140328 16.079054145100386
1.7332985684826356 1.4521878010177383 7.683832127112176 2.133750445963458
1.6468503461355615 0.3176905257729887 1.8734406162195523 16.726644452787287
1.5678364158377718 0.369028471942155 3.08551247765572 4.375720228615572
1.7177864677015897 0.3661698226671648 6.455131859966032 19.25944562799717
1.718110627075859 0.3613496956601102 6.117428645313401 14.154696808361743
1.6581226325986558 1.1061574329041075 2.2387933006344216 2.089296713078847
1.7169060096074067 0.38795826247190296 7.501627173833193 10.51265763264914
1.524649445959433 0.2827260007002329 7.588226931341001 15.343869935926763
1.6419719922047533 0.3421244374062634 7.669748939745377 3.831270343687368
1.666702458058639 0.5252415059607158 3.874696137016148 3.1739041868450677
1.5460771127682253 0.3052622364780497 4.4826738787866764 11.101294250288163
1.7158009962106537 0.3713210024789249 7.630045128930967 13.683325890709218
1.513632813368436 0.2068724704555446 1.8705881488427796 10.968817497540922
1.6674858888734687 0.6407063884081076 5.10668890121444 2.34624994649515
1.5669532363633722 0.31963989620101835 2.7155324968227124 9.20928061328754
1.6859477506741598 0.3153064487631551 2.5002475692314903 19.002136741915734
1.5398177758803115 0.1935720344663029 2.8491437369348462 8.296588853292782
1.5383191623772239 0.30040459654529816 2.97065997918544 7.836268266686352
1.7019913094053023 0.3370508715704607 3.2571577777444114 11.157167129004748
1.577717442648173 0.21593779567605142 5.435821613656388 16.29882550276366
1.4959114889946072 0.19682608899502488 7.659026717818193 13.299622675865931
1.4987449478902777 0.21204432550256785 2.998442072363095 16.020676521547227
1.5066743697112717 0.28539557416899397 1.7369992390879971 3.0804056424947373
1.57045828466496 0.45870470391736934 6.435791712163396 2.950320530637847
1.520427506202216 0.30155010176579883 2.041482106716102 4.017727565485769
1.6513033270268562 0.40386936676071267 3.629999291792058 5.122103342740505
1.6138945166156853 0.2860050425353384 2.8105234300898965 4.1123097185039414
1.5579847689428825 0.3019976885395972 4.708066398370999 18.608053269775514
1.5021899066414806 0.1938158704051274 6.231601295874131 8.549680221561902
1.7057650618564142 0.3691991481168736 3.841142857171907 6.4260444163759445
1.6744394749707823 1.2641507164693297 5.53322498144651 2.137683583047817
1.607481233233392 0.3373711352441178 6.760065624628518 15.348036261948158
1.6109462329318203 0.2428397595355762 5.639647102886672 15.604979453159254
1.5355075762234611 0.19940001990818176 6.126284284980565 8.973026604813773
1.6939949116271908 1.1409849790060032 6.992704960721656 2.186089695376894
1.6290126731555343 0.25545170614591695 3.0759647406621387 10.52061548959857
1.5208651099196717 0.4512983640516428 2.1470564860353827 2.4254637782035378
1.7033466904570442 0.40179733968382514 6.91367769829602 6.349009590648908
1.5183625389332747 0.35801019165807346 4.494745956961644 2.429468567625838
1.6340364569075203 0.3485907826771213 7.429159127940684 15.62948325345163
1.686573415693323 0.35577633380591867 3.7951043271798133 14.022389503327219
1.5432841338726822 0.19994421966451778 7.457098179100896 14.76390509508092
1.5131729629339694 0.25943586788815765 5.418355097654617 11.926209003941093
1.6991456184931857 0.5345266324630772 4.815945534103868 3.1783684009299296
1.5906304231407917 0.3185423779235416 1.7537041834810099 4.861409529163872
1.6958332818634818 0.5064315037815199 5.492880736250208 2.853958053980823
1.6919946659249763 0.4367391081411578 4.863187831826145 4.447667520181352
1.6840746353816507 0.39330371885946214 4.08118328337483 5.966877313423222
1.717078629621707 0.5391704702200045 7.990350741354901 2.9746522365432
1.6930362954917766 0.3410821078069828 7.690828138747148 18.282419253838086
1.6956817848533379 0.39018113999760173 5.937300976226055 4.716395313571767
1.6218513888926291 0.5586729639220887 7.675019002020182 2.7277221896778805
1.542067518188766 0.4621103615605944 3.4191030937944484 2.596843171313219
1.5376130759238027 0.2870431317923786 3.3709246664134214 8.825637864773933
1.5764627968387552 0.3201028279839212 2.4531464856874168 7.103453414919315
1.5802683425000084 0.35162596396958623 6.566000169298882 2.8375335580082153
1.6644061293346921 0.30496804128560706 4.737202849607737 8.846032971610772
1.6949798389502826 0.36329046558606687 7.874382535066317 7.781897610515108
1.5010317821293264 0.23680260656833346 4.927195273413967 9.19014583530808
1.6837876325165038 0.4971673717472013 3.083087795102619 2.7460822473258553
1.7140055384978807 0.5339482208915243 3.947462270077179 2.9719240203934936
1.508710730990341 0.2016096870741303 6.090526746097784 6.7900948180648335
1.4924724729316172 0.21900904747448255 6.742712627523135 6.632301635415265
1.6520481863026204 0.3639633057224729 3.449938655769439 7.548517280723763
1.5059508382755957 0.23544816911772995 4.765751745915609 13.88605387046433
1.5587395446796533 0.2990874447580289 5.357134675592492 13.540504953653464
1.7044970491417875 0.5631044883071569 5.795913702316937 2.981517541478039
1.6781831067658561 0.3161160379101114 5.142841720677061 13.013238763108255
1.6105009280570224 0.3395903505062018 7.440941730321258 10.641461450595463
1.5101177476433563 0.24519741753893343 7.765529639167962 14.30392147016472
1.505147026911763 0.23054426348064186 7.688812554909631 17.31312367048297
1.582899284510757 0.23960398886342335 1.9828003099102158 7.570876916201572
1.6681072562591441 0.30121049167085867 6.123794059128203 17.27726147760089
1.5058841179900095 0.27603401206444395 2.3467763253553215 2.8626509538668996
1.5007123459912723 0.23616854584884392 3.3696487581424646 6.620466994372778
1.6095326809566597 0.3252212831638649 4.842014902986754 19.68403388917187
1.6247980613393385 0.3563980114911616 3.1269140466868897 6.500494136015021
1.6828943351020533 0.34460375613976946 4.258734057432782 6.458049609866677
1.4978767055258952 0.23021558051339405 4.176826577263147 6.7231184901033245
1.6604100914858866 0.3029961761542661 4.562397058785504 8.614825183947382
1.680833203932496 0.3515889760362165 6.8449950743209325 14.69538508684162
1.6646655736410376 0.3480094133876603 5.6453112057336545 16.40838059542897
1.5978906309922931 0.3179730873169308 2.6078996544027593 10.756117429110743
1.511945283609382 0.40880356652659156 6.812319996002051 2.3711528090241525
1.51023839380021 0.23731082548165228 5.4164492974285166 16.436004193011115
1.6861884641721046 0.3460944313402087 7.843975137088317 12.951449400769725
1.6545070341150385 0.3073151822388977 4.926271325596228 6.776773818143159
1.5064807103890732 0.22258013242089783 4.826102526702915 16.593212726015015
1.5261190812114793 0.2823821104089677 4.430037757054071 6.296878226804566
1.6968264989679338 0.5477304616973546 3.0876263710386707 2.793663389116311
1.5434367716151076 0.27930519183529934 6.2915522719035 17.8876622189161
1.626168699628436 0.32320572066399855 2.7049581802865434 15.356322927392634
1.5190857592295441 0.24734623512485596 2.803971303717552 11.316149093312433
1.6209409798258958 0.29400714771418845 1.985441734469377 7.7836142039104015
1.63649352393662 0.576226507213353 3.5213709919441163 2.640537890532772
1.5580639089484634 0.30651265447298986 3.635801899846113 7.469972931605696
1.5218130571688375 0.20369405768654755 2.833288002574695 6.47552183266248
1.5443239151715487 0.21565705595683038 1.9987441855293442 13.672900697891118
1.5264748595095576 0.20030339449194162 3.422435358877406 9.145657689367516
1.5602913131484573 0.2565110661486294 3.6793920066341266 3.749001319088352
1.6519143171777662 0.38415040733988126 7.865438242701046 5.965439768521955
1.5407037876577392 0.247442312425366 5.884906216210934 3.7865991525543348
1.5002042782983875 0.286175255347453 3.466982419831405 3.0498250391730504
1.60749955509369 0.3179439855825536 1.974190885943647 5.975513950547601
1.6106572818487161 1.5023310878366007 2.377418667207909 2.0555258234741176
1.5565241904506646 0.2910658534051961 7.7449205334633415 17.243001814952486
1.5822147639976711 0.3867782714962023 7.8248945561064165 3.836510020792527
1.523001812735155 0.26245996439918495 5.27642450641411 10.781224147393527
1.6684850629974703 0.3167307024701928 2.798170957352977 9.152217369757887
1.6761603572074257 0.36074755925498214 5.396812409972358 8.887195379908706
1.5340433928249908 1.0036722550678643 7.034759894644162 2.0613332196858196
1.6181469541110816 0.28322692821419015 1.9682638871289542 16.742039216655467
1.6389349904357715 0.2716386923249751 2.6928788156868606 11.445694360908254
1.56925614001625 0.29502385493197864 2.6195945078852256 12.130349235779574
1.621678114691952 0.35020507883906044 6.126618019810848 7.885340903064144
1.6341046906841066 0.34659629968106037 2.37406695739452 5.756578750616061
1.6736409670773962 0.3457275120284795 4.690759768792045 12.197881590575973
1.6682001595873561 0.310343221901014 5.7975915120480455 13.837051464844869
1.534307434485826 0.24483063276958614 2.1458909940681306 14.994683502783355
1.6222306978107144 0.4577020524945009 4.469448307933773 2.580353292754439
1.552904518996462 0.21222670812593358 2.2422723204863346 10.219362493175733
1.6662835127154743 0.3846424154762663 5.851026901602077 3.7653608391955933
1.648179806123389 0.6274647623876485 7.7490016535494055 2.5755828656361013
1.5943852465188129 0.2733174597992951 1.8812710824583274 16.20682973229782
1.6260728260425916 0.3429598902705752 2.136826006795614 4.727405090990481
1.5408881770070466 0.2044210634059187 3.780891435827281 11.12989953636197
1.592025857280181 0.23047407463029734 4.7176709761624345 18.491410630119983
1.6490041218144063 0.5869085857765377 6.13611436327049 2.679779636044407
1.5156663269391055 0.24550103193806097 6.7576397495991465 12.62619687004454
1.683687930354444 0.4117127353690858 4.547357591455858 4.27385161036141
1.5325787895936778 0.3435751291240196 4.723690077339488 3.3734681005729783
1.5640671695498032 0.2996814567711172 2.157476074756822 6.009038637939113
1.6708232761020048 0.5003672533008813 4.890042946003566 3.160092196456843
1.6473259640977713 0.34884211696583584 4.174121068308168 9.123062915905724
1.5247495082582287 0.2556256920899832 4.424590457945251 13.107990341921509
1.6743430098623353 0.3218697877710562 4.886589005687625 18.948293383499802
1.579893983075396 0.31609469509262356 2.918764164301673 7.292185400833334
1.5522440681101688 0.5808445120982201 6.116054859259595 2.3477836805311076
1.6149461559586515 0.32655151472216765 2.632556868671348 8.358632906075819
1.672928711844562 0.33543333500951633 3.916341050287282 6.814493613428942
1.6424344314557338 0.28823774904897914 2.308194948568249 18.291450595897828
1.6326592953234025 1.1409906440246278 7.9170838560165695 2.1323837159815526
1.5045040925517648 0.22686418800429767 3.384366185535524 5.22181001258496
1.608132698703097 0.25505561242618713 6.362044016817661 9.6582785501166
1.5669301920564345 0.29899287521923795 2.8998470171244457 8.964308553970065
1.5745426353357783 0.23085602787156256 1.9891056447258464 18.33128324622753
1.5224082096212055 0.3188129706921513 5.968763821006745 2.719561844420445
1.6349876509024754 0.667435378857356 6.7195188467492315 2.2765866092676665
1.6398008143182383 0.4258930495101076 4.411635084531126 3.7744625699092516
1.7133755527739936 1.0350102959518588 4.382659155592567 2.1971874365786848
1.573374239930795 0.3337927255431872 6.490878371887317 5.496827163756526
1.6283155927465491 0.34251675351699473 7.7090364569535055 9.821050480717437
1.507846146200409 0.22324700560111832 3.7679398351148383 7.50328237196419
1.507542042640372 0.2680337568876227 4.884992885380227 4.243203337081224
1.5223737265147164 0.22994972997223398 2.380930125995392 9.101832932599088
1.6408435005685065 0.2851601129952948 7.466469962614289 11.572348821855408
1.6709348912592006 0.32856135628254945 4.551096255299264 13.316354816241542
1.6118574718212124 0.33679962777261696 3.170455007712692 6.989509461995443
1.5652277970795516 0.2813412479168388 2.685422813645484 18.757093249486502
1.6148475071690513 0.33493030685282404 5.435322904408439 9.37715228268557
1.660759281856747 0.303436281035144 3.054696934987013 11.367093890755168
1.6642700919236832 0.3007318355170162 3.857164306406025 19.09596312527906
1.5052091927301103 0.2541982449291677 6.029015316236835 4.762511175119062
1.5049321100279371 0.2555009271204867 6.407647275795005 4.645587903225541
1.552960670014 0.2737877424982781 3.0891855017385748 19.61704761976506
1.664870749507016 0.34163953798615804 6.720777936659658 12.827339852633592
1.5232981373434966 0.2598101222582262 2.9606508902012827 6.563678875603745
1.5080329521834235 0.24840073616819233 5.337329971740842 5.779932133354235
1.6396548335944927 0.2743783933859812 5.356805541439314 18.928021205605262
1.570262075330336 0.23390298913111973 6.885448890299365 7.226730116014016
1.5606648834862722 0.2755534948746562 1.9397362933831284 6.57051431290979
1.6153248369056883 0.321113750638583 7.747411839804752 19.572415922058283
1.5195676097118405 0.28504735843565115 2.5399940487987616 2.919828893266168
1.660276004374551 0.36511427407385755 4.7497901153437 6.480609002909953
1.50510467785131 0.23168656203182206 7.779586893358203 6.669507022945597
1.5095374620896524 0.21633805059231886 5.999861799866063 8.090560777813673
1.5871860068892292 0.30408255078217794 4.434711620913676 17.473030976007102
1.544063938839464 0.2707528444685179 4.919160736146736 17.123689139372456
1.5162883878982183 0.2318586051663147 4.429576368907528 13.701691551467196
1.5161912511601243 0.23049863230806547 3.5972136432980832 11.180650653776276
1.5301575686362798 0.26252184839913495 6.82159255163182 11.517841430077064
1.5339879691706182 0.29882447521700034 4.880880275732918 4.764117065730714
1.510897005856335 0.25124175092051176 7.297702587524009 6.202825319429499
1.6238844666032284 0.3521383430458514 4.0576089606099774 6.295499606032578
1.6159476716643764 0.2586412412645165 6.100383302181248 12.525553187548535
1.6702468546525806 0.4526933503852817 7.156253704432064 3.608804212764462
1.591241847770699 0.2995140605419138 2.6023576012498713 12.981420808567623
1.5101504644100818 0.22474872914712055 6.4205463930662985 9.864005302393215
1.5324409476058976 0.20743361672268773 4.607040301753975 13.038039032650731
1.544208417336114 0.461992664268187 7.448499125956261 2.566096958021625
1.5206616500392074 0.21004355680562434 4.779122498238246 9.299200509139185
1.6205508809083657 0.333868536245754 7.938351958460126 10.536092345239982
1.5539182837267869 0.28392594832148516 7.381763155946651 13.584795951858984
1.6587390284058614 0.35587517146909403 2.84116957239253 4.482808524862209
1.6792798332091499 0.44777279768082956 4.564858850715262 3.407841386168565
1.6712414798166422 0.3592640107988246 6.203775176518652 6.102534914976463
1.6077382724504572 0.3561440149215566 4.60482106261545 5.308441433591499
1.6427227863794238 0.30812063289100994 7.245759132619952 6.589650669892803
1.6763339926775762 0.4163118893690182 5.121499606879466 3.891800490005555
1.6022496349268924 0.31685695318043605 2.4920977228465824 7.234890208039793
1.5924628451917702 0.2386815925527152 6.240352839757817 13.447509118418106
1.59091343594788 0.3839840894802299 6.896726187606887 3.8546863929173187
1.5428114455694688 0.31623568205535224 4.9120808184726235 4.343817764756691
1.549109187226711 0.8201992901641209 4.810857659689136 2.0996128976448456
1.6647794064771895 0.321568769815648 4.2554664360772545 10.336640495701598
1.6251515929279468 0.3668436486740011 3.087657653999148 4.682828475248147
1.557501469110175 0.2885934479551855 3.8054438747410493 9.841532773877569
1.6644596458658056 0.3328446197827862 6.107479239395554 7.530658311113591
1.532778822446871 0.21522872283856373 2.670111998511429 17.384126168997703
1.5246821146174274 0.21048028320268386 3.7899417157401496 11.179119274942796
1.6016833629518576 0.2694462677937106 4.075899352290338 5.328630545971854
1.5679092072520602 0.293356191990936 7.013663885189562 14.540529960081347
1.6229250356740308 0.3195343059094575 5.011189097931116 4.085816042188666
1.6035703079291155 0.23774131198902154 3.133522516657667 16.46871261939673
1.580129012927622 0.6485724810459127 5.369123850323542 2.1977615497231833
1.6107132528725079 0.304093830443731 2.8084549137433807 19.15047650251621
1.6624052586770501 0.31657675660519924 7.692190472751378 12.942087605491375
1.5741265813569734 1.7266195682839511 7.887271207244825 2.036815919561406
1.5267997583213453 0.2414633352874281 3.524089646137133 16.491641579612885
1.5573329684447637 0.22868989645449975 2.0587843090369917 17.22595598080029
1.5280440871153056 0.3964415553922861 4.024935115988205 2.4345451072728057
1.6033571113932927 0.28126334203653935 2.0587788943289445 11.5502393494634
1.533582126779127 0.25246805430403924 4.070653207863294 19.91259303945946
1.621524904144143 0.3061419733024586 5.321232944256657 4.581153099029697
1.5362695261970543 0.21703351692869996 2.4093210487677843 11.879207002086652
1.5977683951268982 0.24383180191853338 3.35969311920378 8.545928612593656
1.610836957925967 0.3159497022674283 7.390103356181818 19.616457775216286
1.5778972814257761 0.22610087171346688 5.547286259721964 16.921900112909423
1.5145270402545712 0.3029142685231308 7.52451211671929 3.341828108531147
1.641080129616175 0.3164561295135432 3.197858805074859 16.664642265790047
1.6297628322045683 0.32771872819377 5.679700190128121 4.159865163982843
1.5224017640288938 0.24069592820670543 7.937249235700738 17.304256574909434
1.5957263364104035 0.23840266843750696 2.295168604854383 18.872204834334266
1.5419822108863825 0.28028965476776657 7.9259618289828 8.519989107448179
1.5226725509311212 0.22774295877445666 3.6437228278893325 4.508374452220362
1.5629603490276693 0.2732939337498956 2.365702405925295 12.68938675094464
1.5511141321455768 0.2743884198581157 2.1429751188527044 6.102928047979081
1.5572772630703509 0.26288228559222826 1.9726182084698725 6.85376144783247
1.528545738781768 0.24401961400523556 2.5103973201315526 7.786410477640143
1.513248648770448 0.21979724835624495 6.530818215642119 6.679522105918291
1.6635874123240475 1.738358205010741 7.31495123284578 2.0601547929430204
1.6348240471314273 0.34146169583810443 7.518931615142929 9.217856157557742
1.635769686464198 0.2739856692068372 3.2851027681350886 11.331261723353151
1.5854137325335946 0.2998247907148272 4.780082079096654 18.08084897898708
1.5752025168381172 0.29315833112374096 6.071333400097151 19.855121243854487
1.5432605084207447 0.2118760349700356 2.667702502381001 11.586566522239995
1.5103270927869765 0.22614349713302967 7.428493311573472 7.337085222984541
1.660157029166955 0.322178594281049 5.440021736100409 18.92698951442018
1.6705295287477673 0.39805403735061695 7.470376075054265 4.382981265925648
1.6746094663194624 0.4851535503925306 6.634804323461431 2.985247344565511
1.581653623623109 0.2999076897267954 5.7142478642012025 15.698914437053539
1.5562435965776 0.2787751671203945 7.601022277283297 19.502174520906777
1.689418595548882 0.8131820850874654 6.624636880975597 2.2876609941448955
1.5809728098994285 0.2342234438627907 2.848331998130819 7.434286532113427
1.6163275728880095 0.34033545590936365 4.311549809842084 6.882882695175589
1.629397900909583 0.34048641691933584 4.793687190657978 7.978055235233464
1.5808009650742472 0.2977851151670385 3.5509572156066165 12.647510949070751
1.6434530385214008 0.3159128279751776 3.41718026778146 17.371603249146307
1.628921842031395 0.5390698446720544 5.300431281201396 2.711931707447802
1.5417389213286312 0.21982786418087225 2.348487249123349 8.633385400280867
1.5800849664833831 0.29943395925979444 7.957451224896946 15.076474817080808
1.6552303844941023 0.9196818537627421 4.0867493165893265 2.1539801019577705
1.5411302854562716 0.2763226771825754 4.700046769774911 8.100636542605262
1.6592498306921448 1.0667905198238241 5.827315394284362 2.160439627804263
1.5933732541962948 0.24792733567771028 6.306888841351056 9.195641826706185
1.6061394646758198 1.3926814354558914 7.300257157851763 2.070599832534194
1.6620021657562685 0.3373374998608389 6.915451612193497 7.928891190730237
1.5200364571907434 0.23098034259745517 7.894765082853574 16.345089713546443
1.5611545945347336 0.27149635075529044 2.4310838679900457 11.767737529641055
1.5620178326400112 0.2902942725974445 1.9905761271258686 3.9558065950108743
1.5720164416531812 0.4696040529900695 4.7132358147723155 2.681737339795233
1.571607341606971 0.418687266508821 7.569855941777984 3.021811179704395
1.565546270222402 0.27489733702377983 2.6510856759669594 15.598795716023051
1.5529173910836915 0.21520349024949656 2.524501291618688 16.746892838984976
1.5208166159076448 0.22851062574342967 2.848144621058139 5.39459198173304
1.5954829768825296 0.24177485459705347 4.509739103733132 12.013648664578053
1.581048388389448 0.30036446117037646 4.882909822390509 12.68579660212277
1.533613348885486 0.213035827459459 3.49440098516712 15.911089636120352
1.6447317484477364 0.323180435315136 4.1437333446082745 13.95507121296759
1.6704372939833645 0.7229569257610393 7.264773937554246 2.4023855614333502
1.51183724673192 0.23738462324411438 5.27262565535364 5.025213421554978
1.664062699873684 0.4028243907926594 5.876568078028693 4.16301065857532
1.6565650896516757 0.47714162663253484 7.770455282370008 3.19063060257743
1.666812227083816 0.49618191632450387 5.318604671686365 3.0210606465455347
1.6685959107823993 0.43324465235691706 5.840171341357306 3.4922313017672866
1.6378577402831325 0.2784518813278625 3.4467456794289713 12.267278347432962
1.5773768865258226 0.24105249263644984 6.274541156032766 7.593749009439572
1.5772415968693896 0.3865212023182936 2.2300923170902434 2.953074000999088
1.533203930109635 0.2134394663199765 3.7872127726339953 14.186945746897093
1.6653713822418548 0.41617263933943066 7.052913148256432 3.613730459974477
1.5431568637947672 0.26416804365921864 4.674124029617843 14.858188574381483
1.6465068333329227 0.30143982523846913 3.009544340193326 19.000948242893134
1.6552345145682017 0.3606652659357576 6.801617494811898 4.524716713829941
1.6437484783027756 0.32495708365820786 6.816848788018627 16.727669098986745
1.6586514870531484 0.3754938943588383 5.171391914052091 4.905831896173099
1.5234693717067724 0.21970836175716654 5.229391654985415 14.772097046694832
1.5543020571154174 0.2338045512260819 6.6443003688808 6.081615399587967
1.6170622155390102 0.33188452660819406 3.7058391392191523 7.253029530119495
1.5153422940319743 0.23043826759284974 5.869652323498655 7.4679138920275285
1.5751140046221699 0.3172124601925637 4.2434696956553815 5.986869549817616
1.6160460547688809 0.26726450077884645 6.209993565794492 10.154470301634829
1.6087080721623086 0.3382171922793647 6.145140134258087 6.629080163467911
1.5512202217397673 0.21356344427812118 3.1438732413784205 15.469747140129984
1.5754008314111538 0.2335973986599985 3.9562440903893727 8.157119174268129
1.644997677989052 0.3010558037883556 2.929483585042124 14.232530052549599
1.6513716824994935 0.3190999790648279 5.4339472888004385 18.337326831671888
1.678073756043633 1.0345696676407643 7.148405000949701 2.1797744068832103
1.5134867548078306 0.24140842975967192 7.893256328622103 5.886249275651237
1.6512084289042068 0.3268161286021447 5.455986694720712 6.304204289822271
1.5338449315596026 0.272700947164951 5.355218550533349 6.627774457142397
1.6585232345263368 0.3557751408472761 5.5946889474739745 5.229419685162748
1.6252511679351547 0.3042591842722931 2.9893829430035748 17.958969813268677
1.583694605297031 0.34638490194372074 7.0487749082255835 4.667593913515049
1.5657063671220235 0.29482007185029313 5.50792868458424 9.118333691161286
1.6486044197692564 0.3929938521891585 5.338379273422917 4.320444168683496
1.637624776445945 0.3252597292437561 6.201927724394719 13.890180740176806
1.5852340287075148 0.2852121193101277 2.1330189527190235 7.075474163068346
1.6372360165965594 0.3202033545891855 6.840653979293561 19.758794758891124
1.6387203483671682 0.3227113100340917 5.395020525021112 14.84031684587811
1.5786633263727659 0.2962639713684058 2.482534228130007 6.901624219799039
1.532995838588045 0.27564915864438944 4.626555887957444 5.788078642910827
1.5232752595182777 0.2474628913811151 7.599838922023845 9.09501795350731
1.6447434177225762 0.3230628857843797 7.32510917032174 16.752948123035804
1.6504103205804146 0.3362321992213596 5.197441418480269 8.450038177935228
1.6766474586831244 0.7663488170247057 7.239541823428393 2.337689041541116
1.5856551490633022 0.29563737661281275 5.242493519240636 18.518716229615304
1.5814846313256559 0.568713315611696 4.147473408370506 2.413552437273338
1.6525241562879764 0.956197812214111 5.573317071750632 2.149209671092325
1.643738522466745 0.33582716010846125 5.052027765068515 8.575881116078182
1.6812677210979263 1.6777342192140923 7.917188477807368 2.0648564304285055
1.6264525505026777 0.2701862128405426 7.244950100260225 19.642828575164003
1.524133094433852 0.26032574255683216 6.70195259748636 6.335359068233222
1.6295016845740538 0.9159905152590111 7.141530251781056 2.192229375223482
1.5499383166103937 0.22185765977804028 3.3119057092282573 7.1305448062948305
1.6139175920630318 0.40107420027554785 6.639269196839565 3.725583618768722
1.6056011308420421 0.2945883345287669 2.9596340295878782 4.118852386881862
1.602706559557757 0.34803844651067883 4.795009290975433 5.105346227500281
1.523751760235962 0.23907372939253288 3.127003696919681 6.076575223365108
1.5569509432823578 0.2609520916970763 6.416774275803394 4.189105409086082
1.5642433542103622 0.29409412326606404 5.928878917964731 8.61310263781279
1.5501983255007394 0.4093995010913293 6.689105446023005 2.796548197984418
1.5599147711551522 0.27676444128799443 4.040942939750916 14.212077473322248
1.5491303803860885 0.4925454498984429 3.7040428913673593 2.407303137952774
1.6247176164829065 0.29525238083902566 2.8229651000882967 5.3795231741372564
1.6462072496929432 0.3101573532148891 3.6675060720241186 13.780253283911545
1.6297435564450584 0.31937126122859844 6.068750272664889 15.35843231115903
1.54287782272573 0.34839042377150814 5.01367830057126 3.2449959497286613
1.5901414391053441 0.34215010005377094 4.226297133806731 4.806910167899433
1.6523886352782353 0.32291862108029884 6.305216513105463 10.356923175630028
1.5828978182995854 0.3002564226212621 5.418572679693469 11.556945840604195
1.578166362331432 0.29252833161739483 3.562272881808249 11.429067103710228
1.6343428909136026 0.2783343537613718 4.809809883808347 15.726240679672511
1.5534928129168564 0.3394658369458598 7.2807651087159275 2.847944515257112
1.6059715455031867 0.32541891026365627 2.293600901478078 3.782221434170601
1.5265524631100011 0.23092935260031658 6.061993032242251 17.473501195024248
1.6318292715521479 0.3308011586542554 5.133273275687612 9.003867722490519
1.6388441777224387 0.3291429652338301 7.810945221659111 11.07247974611305
1.5767595807172299 0.29099361892667497 3.652848269997741 11.864756270586447
1.651312056963885 0.313434574159137 7.697722302305893 15.679645917660373
1.5436100815123077 0.4984092771371903 3.2442053330829075 2.322729029793848
1.5387122523020518 0.25513731954169694 6.239929919413354 16.428419516162684
1.5433665286956266 0.24643508462992791 3.0756075831897896 19.840907302208166
1.6054382187636125 0.24438110857897746 2.8749047482260863 17.394021971166183
1.6180003969271262 0.4658830758059246 4.334247805619626 2.5777823397559354
1.5499957221850422 0.31223124587290924 4.7897755368711685 4.45001342383555
1.5591332440856025 0.2800514342553238 5.7187405837775165 12.522693383574767
1.6328476828570435 0.3158528467508913 5.384320959137185 17.815855819392315
1.525232538028996 0.2934302719160437 6.186355366362245 3.795570208526681
1.594809452829995 0.2887648380361681 2.734990596621172 15.226116965221768
1.565262252217047 0.22450629241217324 2.4341413190732695 18.96089106521661
1.5193989747592997 0.2594436419500134 7.597297345282746 5.019747145153879
1.6068200288515688 0.30763702791970815 5.103895299461363 15.734758574759493
1.5318722116402892 0.2580141982432342 4.604962582839483 7.939993719765949
1.5296160285194804 0.28190241660516635 5.63878966129727 4.672760205951496
1.5493955158381638 0.2638280741746506 4.351093877005107 16.681698203308507
1.6540477635263164 0.38100911907429563 7.6661618212037705 4.11582314733146
1.6051156752255693 0.3768042165859324 3.6234664199125874 2.8929222602401454
1.6521802049095737 0.423573758571074 6.495190712582143 3.6132770309647255
1.5979202502068461 0.36721699338811437 4.529386040396015 4.053507376001347
1.6508565068046832 0.34647746657688094 5.4447173596939 5.951988485982081
1.5529976799659035 0.22026386610329937 2.7264194607417895 19.81925770886771
1.6138996991356978 0.30963097503043574 5.16900949770048 16.509061779370622
1.5534081808090971 0.23290522511609268 6.454582680126782 6.671005981080286
1.5195878726203016 0.2516347926295387 5.097604612351021 5.095047271143949
1.5716866084065308 0.30732825997164726 6.186949577718317 6.769311094817738
1.6237796522614678 0.3246307317329671 5.160048958749276 9.561705012089675
1.6282954823521392 0.31013868153763186 3.371641014528444 12.078107882516486
1.60009965641557 0.30986026130611655 6.024159061006641 11.62266807999951
1.5461864544348822 0.22054438033480228 2.7967380202402303 13.705583605715345
1.5752408904288369 1.314413508393326 5.110273167788679 2.057595858242856
1.6204531001333513 0.30675474049251633 3.2544195114217773 12.4890925178085
1.548882036937251 0.25460648785837725 6.336137659898615 4.317327336355353
1.5866897056546008 0.2930219337378966 5.196568613317133 19.35103343693972
1.5826908838292215 0.5180896762525355 5.259513565970451 2.5372829878328416
1.6179676878069245 0.2664772239285454 7.020154951465248 15.281115163901546
1.5844334020339175 0.9368682877717673 7.074345685402517 2.1327191120741404
1.6101034317359366 0.30877896578406 2.3678397885008247 4.534281516800213
1.611330322028838 0.3253899582167319 4.526644553242105 7.619632345105465
1.6352813442525376 0.32157957174136853 6.603557031500198 12.805137601908736
1.5469493943959036 0.3602489924600993 6.180028468446716 3.151929150398178
1.600353285976896 0.4071632343997136 3.632988548293717 3.2452483919581434
1.6000686174729806 0.33683573830957153 2.2741254757539973 3.5651013210726825
1.5741715990425074 0.4343102894422442 4.609189243296688 2.820745794473442
1.552040373408977 0.33750917951846215 2.8130272031955554 2.74925861435874
1.6287849267711492 0.4687500808940836 3.7874275453701136 2.9239675714998814
1.551398985785997 0.26518867706976545 5.527852780388573 18.3033154789179
1.6464108784486537 1.2203792372624758 3.0106139719197653 2.0910420924054414
1.64758021002607 0.35532157424365424 4.386581575496718 4.439204315077941
1.539720325362107 0.30889389600175177 6.053039622191591 4.005844170443231
1.6395162307220374 0.2872569817512868 4.100762903704046 15.457906739618275
1.575247366731118 0.3593504614800688 3.0951796740019635 3.4742180988318987
1.5255535365999573 0.24272350431098522 6.236358092284269 8.821470287908745
1.5945945383554947 0.7040927934458507 2.429828500571844 2.195670157393484
1.5260778300693478 0.308342162419969 7.431263680870608 3.1710623719073805
1.6136685646193123 0.42462557952532054 6.4072758222144 3.3036027972756163
1.5728445301913356 0.6656965144482643 2.520629656551218 2.1954805685958534
1.6055739379947087 0.2727423914808919 5.458632742167673 6.6262199792919265
1.5766997540385987 0.23722808936772197 6.949634108268953 11.001369103616064
1.55210312138668 0.25625055900899313 2.2286526391329455 5.678820178481709
1.596021076865577 0.24376293257816484 2.476013428775393 17.745890235002136
1.5655566799766443 0.22954097571775023 2.6740950984954237 8.20858579462886
1.6501706260796927 0.4016920280091706 6.546331523831945 3.871077619897596
1.536297307789854 0.22020159363282313 5.084460866336852 11.33475989982234
1.5742448884672284 0.3056643555598084 7.394448643810635 7.265219716862026
1.5397924501634201 0.25961817661713776 4.403872731590022 9.68657674621343
1.6405807283399279 0.3640448449301624 4.028176188545278 3.7255126992194683
1.5498507406162 0.27854090552723276 5.065580191101877 7.877738704298849
1.6464641522192522 0.3477378551337922 7.950818681277452 5.050070615219907
1.5252920365238247 0.27423660384309345 7.514219665402582 3.5776981184417407
1.5824023171530412 0.3289939953929052 5.720029530311317 5.2150657711051736
1.6246637840948928 0.3534967099661218 7.444184301514199 5.501887967787261
1.6090103384658454 0.35813550418859896 3.385298852284062 4.228796497049574
1.5615837388033404 0.2895870679147615 6.160919912563132 8.225935986224533
1.5515930797291448 0.2520789600811116 3.3171548925207968 4.171447815426225
1.6187834863613988 0.44056413667774835 7.459486406618314 3.1857873099175484
1.5494207131945221 0.23834153271843728 2.4075088886552365 9.834962712190269
1.5377407362716973 0.28365074036292287 2.7730204370594906 3.960174955783417
1.6420194006055198 0.297070167402243 5.84239660471783 16.227628206860032
1.6597515136884955 0.6141073207508151 7.529798209172418 2.491184762713694
1.6129965654187002 0.3242645828633519 5.829964491593438 8.234833155967653
1.5336049034528525 0.22302531297903605 5.086289408806339 16.190248311017946
1.6427485187416686 0.30078419737181367 5.417142744757146 13.81873468064011
1.5888790219869469 0.30684736037155014 4.97844680715653 8.850772802572694
1.6351023055997338 0.30894192387411634 4.070597521282357 14.649291276704265
1.634673357490235 0.32608790405583304 7.0908998246277015 9.887573969050298
1.6374057106179336 0.30328249708693955 3.482097601465219 13.119327091876665
1.6367390567445095 0.3067004233022177 3.92427794007426 14.832329257704709
1.612005202996076 0.276337940650428 7.27551499925808 7.835803406908399
1.5305557858373335 0.22938248034490272 5.606631093228548 15.639406245209507
1.5279197297425289 0.22504671574077997 7.869006797255023 8.916291622173352
1.6206043641761114 0.29640457242107543 7.028882730128108 6.126012647730398
1.6270598820631639 0.43924749252330525 5.095437985603884 3.2033773328385746
1.5435912213878433 0.25616256036481466 6.642128052105076 17.88384263990488
1.5676950176089117 0.28119099216646687 4.255752889665221 12.859363263534341
1.644709350123501 0.3253401405802691 6.100382258803405 8.470307811721133
1.63682661373628 0.32011185297979217 3.412771410148709 5.198380833310697
1.5571087755666382 0.2706385097871337 6.207094289281387 17.168426814636017
1.6310320434766759 0.6095682175496389 5.603833815085499 2.47543250890947
1.5661583380384636 0.2807219611183457 6.8611569857433565 14.924686069387834
1.6318568195898835 0.32080243666176456 6.446032821237688 5.22343471889501
1.6279805668423737 0.31123028411998493 6.688892141913511 18.96348551066385
1.592860729396266 0.3072861230253815 2.3514921219533784 3.818195817222374
1.5262304923530168 0.29373034249773 6.077749509917737 3.487260339949109
1.5314547773424083 0.22719811282504507 3.865660097053585 8.258076296521265
1.6048166791872889 0.30465090405431267 7.218687691935156 16.533121747168092
1.5859424911594342 0.30318025307716956 6.942617868244859 9.886782975618674
1.5852349103427894 0.2393096951212744 2.533317096180997 11.624457446945387
1.555796733217011 0.2435692650392299 2.5515711189909123 19.196094624291444
1.6327752659080343 0.30109086328386914 2.96516214687748 8.331840314793073
1.6356071142525568 0.31291085652118655 6.84073829582729 17.214076151709136
1.6047106215355873 0.30278422401218713 2.6773911084795827 7.436200617902326
1.5868779749764261 0.431430529840302 3.8898407668607105 2.893000392494447
1.5619191893213633 0.27438366779181783 7.317397948074638 18.349131869209312
1.5559892433495577 0.5542963796125241 3.526287091917185 2.258614712726806
1.6234251611156263 0.4247275704875716 2.6733128243876503 2.8368327841364964
1.652139212433438 0.8331681232324941 5.767697325221775 2.242176956494209
1.5604353130700162 0.2464135116554899 7.642913714716727 5.710055567902931
1.542879870979148 0.22410837616516693 7.743208218717337 9.38178044033945
1.620653517359846 0.36638593188515606 6.121416438296873 4.569761892965912
1.6159636945239186 0.41158777339230906 5.082064206324839 2.851067622110966
1.5403478577664131 0.2632138062906926 5.276839640191973 8.611867327147818
1.548525281924619 0.26768618792024373 4.501310215528498 9.89306416698361
1.533742611729715 0.23076242075239303 3.519102452030551 6.373386367613877
1.5871030859217798 0.32233010058893585 6.252826682521146 5.987971239405634
1.644861252352802 0.41223303486920954 4.308003399399725 3.260907673000452
1.5968443904435965 0.2575141560635977 4.766382300513503 8.076284272402875
1.627515263549323 0.2796119282802398 6.9596710578887 15.649023044779552
1.6104257646002416 0.2995596965489199 3.9122885780174306 16.921706630037043
1.5579139921300187 0.2994335742373024 2.726174249306955 4.371064600437918
1.5739712752366914 0.28202608673121077 5.118177516604185 17.32029562126747
1.586802150455545 0.3210701947828998 2.5272193685166355 4.322377017906256
1.626366137809821 0.3182026941146807 5.0538027476686995 10.124767601843384
1.5445322881361743 0.23085346236989307 3.035006213457285 15.19138484695948
1.640261744188336 0.3188765400669252 6.864723634141404 7.223564785398702
1.6339700843956946 0.31967437934244747 3.700670170890272 7.439661849884054
1.5456728215792785 0.38296566682064215 5.806197951474781 2.813481184454438
1.636873331223672 0.2903646199288403 5.155623401969647 18.45491961245618
1.53194654624937 0.22941423994577545 4.2874059445819865 7.866474122392708
1.5330150584307036 0.25882995064106895 4.907974687057813 6.646758596772596
1.6398821187691934 0.34073131838526527 7.0292313168769445 6.341380754122708
1.5812694323505607 0.2369381661410653 7.538116279114318 18.154704256084088
1.5930445526021377 0.24361360466395096 4.733323207904662 15.49114835525423
1.5836061515276354 0.28685966309091787 3.2986297382593417 11.887756084141309
1.6232643063364804 0.6105058747460387 2.9397827317860297 2.3693095691831543
1.6169599942046142 0.27902820857213617 7.068118423137932 8.990424655324631
1.6254540262448367 0.295121350715694 6.201811712006194 7.3138542043014905
1.5972671988831286 0.3939631297548635 3.9249579671230532 3.332222998001871
1.6304520716709667 0.28284957129530136 5.696688002901273 15.858824435334666
1.6237549508692788 0.30656050839270704 5.291836157587506 17.693614476869705
1.5657676681998476 0.268365607056294 2.765425253756983 10.59985822275287
1.5897372521533577 0.5793680930582774 6.9532170267025135 2.3122686446847287
1.6071055347392844 0.3087536536934707 6.85158285395856 12.121542678698688
1.5906793414109646 0.2576671963133238 3.6120509250429262 6.341536821608489
1.6386252620327588 0.3353879093751473 4.229904096291856 4.984528693094134
1.6337691613732002 0.33023375244966663 4.2751244664386014 4.663640451799619
1.6244932704254709 0.3313644480419371 5.679060385022877 4.283520541517133
1.5679110992952454 0.33950892083410705 6.26706101894352 3.995350130317518
1.5696988521774102 0.23464204268731928 5.630518419204023 10.53083322914593
1.6203759122457275 0.5904189801506877 5.295508683714994 2.4712423961608763
1.6351488386364559 0.33748446658146636 3.355862465950729 4.83007370243795
1.5928233782075647 0.2542541534802641 4.468440733618798 8.026065573778602
1.5612532785175879 0.22647121657500813 6.682693542223626 16.883467783038142
1.5332010212667222 0.24802402705330368 5.350828607179908 8.94903572834576
1.5295850954380192 0.23086023476955278 7.085231147051319 9.546466276425926
1.5387353658798726 0.22430615852600694 6.656495764419893 10.813976278110845
1.631019553473983 0.4165893126133367 3.134288318953003 2.965920333776716
1.5793951073053933 0.2926555830560961 7.72744394658304 11.787691942624031
1.5684976065517517 0.22732439484636494 3.0438842972867577 14.546060605759315
1.6255717314094151 0.2892542016101636 6.200638267899674 8.96232632459378
1.5890744602923537 0.2852499245305932 3.6889564226976406 18.97523844701217
1.5637709117424 0.2928796133910029 4.4689846279995376 6.687915862571598
1.6331548713190736 0.30086614631975384 3.9404216215571726 13.586176055451881
1.619859743347209 0.34009088996382536 4.729346737792045 5.622515736550947
1.6212799795763004 0.32520963753601795 5.2774211103959106 7.6385566057934735
1.5497411215342347 0.2938419478997033 6.634145464325989 3.4007948521467295
1.6041833398449716 0.26313624548715864 6.67263511405456 10.365609712566709
1.5486773568742462 0.2651607462489358 2.456363179818471 4.406054158937755
1.614798375866926 0.656941246268381 2.8025745815120384 2.2772526081797886
1.5393289303742212 0.34437428132658815 7.1290006258058245 3.0280804306867495
1.5606015029592346 0.5079323016300585 5.10818113108331 2.3591398984928595
1.5658881350813878 0.34832783296294606 5.9403900623893815 2.915684708678556
1.6185980446549144 0.29570628781937797 3.582867933680088 18.117438426987885
1.6375661159011294 0.40886700021974215 6.557688178689232 3.264594586545388
1.6216613995816482 0.27966572764590614 4.85966652153808 9.816659622741817
1.584140343918488 0.29746814409840044 6.412110149723868 10.417973718155261
1.6298735159484021 0.32755053006027246 6.265967366773847 4.9078471120808
1.5855018190115615 0.24012624244254102 7.12751946290602 19.516503753519313
1.635586165622994 0.5232444159054072 6.494734114268294 2.704513882097776
1.6132002142075792 0.3217842703860758 4.101447961565897 6.929932998788477
1.5482722839221141 0.33602296243177543 2.9859931123686323 3.0629975848818822
1.6040789703761809 0.2984653519751566 6.694002506060212 19.964955945202963
1.6177404204661503 0.5532341803460631 4.9062417866365085 2.5383391870366747
1.5332043143896426 0.26004035990551017 4.655340100836139 5.888969055583329
1.6344046172069013 0.29762870624616716 4.345218108858425 10.807454979435358
1.572354352286231 0.5558235294337952 3.4600149704653136 2.337522092160773
1.5689590172997907 0.5739379074216636 6.8900342489364785 2.2949803710330254
1.546830364450493 0.3895661897110397 7.595081371334562 2.739223799624635
1.6283120417203665 0.32489160669661227 6.98505173244284 8.261358638601129
1.6092993702827356 0.43928036098651896 5.36425104570653 2.6940801022777054
1.6231504164219381 0.34010991480012337 5.867759499431142 5.859814213042933
1.6332717689552958 0.30279032679808243 5.76864758635549 18.58194476967767
1.5342407528339517 0.2713777697439872 3.5463751266943366 3.8688468819038917
1.6332174581561592 0.34682309492139357 4.567619179259995 5.059994166702763
1.643153639579062 0.5430841617952055 6.115977023387018 2.605417742648717
1.5792584520903468 0.39213539367887174 6.121327070088099 3.1909632316424337
1.635375535474195 0.3147907548532997 7.985085049651501 10.586935187802435
1.540550024368347 0.26446835895501497 7.5320990897923075 7.751189656750759
1.6294262347730621 0.5623162837377024 4.458350732291576 2.5257995274860034
1.6348705885137682 0.3116390462497452 4.918569591036284 8.320637697619183
1.5297443517095277 0.25581107829882366 5.160132814017737 4.646431143401513
1.619055379407159 0.319207074179172 6.305241983936691 8.74961081118928
1.5468468823310655 0.26715229131633667 6.499275472462631 8.93830825216609
1.6332272959244722 0.30864011137426367 6.600694319471533 13.14129184602885
1.5478466458152451 0.2383678360120338 7.4185505804249905 6.3147423680601324
1.5289490701045716 0.24151590109309204 7.1286050545835 6.8502802767970365
1.5710112429313645 0.5859741562945575 6.158365941754115 2.3102793556841266
1.5985379467919891 0.2770472785623074 4.809770720850056 5.600318482267264
1.603140151542713 0.3326979615779223 7.355669380999509 5.7586341161305405
1.5640712352952324 0.32403505064590993 6.638692200637308 3.1611371565333024
1.5524746887823904 0.22534698950764884 6.974454087407194 16.51130992994439
1.5342412313732336 0.2441591396930287 3.9140839838670978 5.358183975062161
1.622033659683725 0.3393163593031384 2.991518433157536 3.9273390680859945
1.5505625124883178 0.24745641815927139 3.347064467824238 15.750047639094568
1.5383452426590525 0.23135071644948418 6.77954861470959 19.049452997159463
1.587298108422396 0.2595698264415005 2.4353834322817525 15.837293246874587
1.5536572673708373 0.22645171568071926 6.5589194363693215 14.541706444912652
1.6085532700719645 0.3631678091928806 5.458092316891441 4.193509237928529
1.6178886035515652 0.2987001358026173 3.832223936205737 14.016064813845265
1.5750203030485426 0.5615132669939059 4.444104971752936 2.3524633446421115
1.6063108483108817 0.2580635782179974 5.072628595200372 15.502819375449189
1.5308319032344437 0.24667383709356255 4.868557311831867 5.749636690369019
1.630762815555936 0.31391347634901984 4.080898667707719 5.865656170318028
1.530735023895943 0.2556763868975572 4.9943305624536745 4.726107526769738
1.629981928496558 0.2875019891238938 5.801781256730616 15.858076649437185
1.553141407164928 0.2315841600752954 7.676628673520195 9.262499372401509
1.5358430612316376 0.2875525571786258 7.017057715695453 4.19095858605232
1.6169707001317706 0.48226477271874446 6.97859718332294 2.617751109583358
1.626817445702735 1.0282536659268888 3.907733153091711 2.1182034832114813
1.6328336976417073 0.30465763426107884 5.644710988281621 9.289188576752247
1.6125889764595165 0.28167093363785306 4.256788975703449 6.645866790774843
1.633617335927279 0.30163049733282093 7.64506711402989 15.268905481237187
1.5338392444681026 0.23764008418249083 6.191924388123417 6.418462106211802
1.6190759950598708 0.2955517586732584 5.902287339359884 6.552907865511365
1.5575489189135265 0.2668203514062009 5.7164397611299425 14.487953307692226
1.5883384785341772 0.29845604950428306 3.481795325560164 7.600283300541031
1.5908731092288413 0.26281383332642827 7.25139854441362 7.3616028725758085
1.5528246184047212 0.2316977886835963 2.94507192119688 9.654714418220296
1.583497068918637 0.35447226787539515 7.253858028427701 3.921979974792901
1.611854563112789 0.27654840097671657 2.8076728686100356 18.392450982377337
1.546765576285398 0.2605197005836522 6.676599105483812 10.952033789285046
1.619353698165872 0.65226543037545 6.722584532242337 2.353583803978029
1.5990266262835355 0.4391956307986351 2.8850253615137906 2.6002107247325457
1.5956852982661727 0.24515161729591622 3.175650552780994 16.838929336670287
1.5654539144070132 0.24817993570763103 5.4756379760741645 6.195384736804101
1.5906556500956084 0.29994060639135806 7.0051011846644515 10.214248027543167
1.6171464271101057 0.2746121321892604 5.189451440122933 11.88957163782519
1.6347470093914822 0.40762431633304186 5.628902881459872 3.3795770777785377
1.615263287701358 0.3128084543430696 3.38750581059091 6.6862831006516075
1.5441113146601848 0.23032450494781767 7.971217921339781 8.994099486102508
1.6279434178935444 0.3525540979218871 6.772056116648524 4.903632745513983
1.5846749227933818 0.42840231141503754 7.95364248963393 2.906532376628667
1.574711688828136 0.281519399915854 6.185467642884287 14.33871760133875
1.6281687217069118 0.3003391382504137 4.176601470503246 7.959002793591045
1.6279713462893697 0.43065203580167527 5.184281171898398 2.9479456815371923
1.6043769029593982 0.29815427539897127 7.890882211542204 17.00317137755113
1.6217301761900633 0.27652699972015926 5.382618068875662 16.43229999358126
1.6296557814718216 0.6313542246143161 5.004778185914905 2.3617786712557898
1.6260151086885366 0.27983809896232203 4.151824746010627 19.857882787095047
1.6279533522239569 0.30662683976226746 4.5594561288984785 6.779401546800912
1.537262300314907 0.2944726760779135 5.350578342465177 3.688114418965478
1.5460457415588502 0.24014606450140388 3.140187511684442 8.725382546405076
1.5607662140828589 0.22908697928220492 7.496800329786027 18.325799085284437
1.5553543815090776 0.27315642547119984 2.5936227764392803 4.723679343813102
1.5687907867037996 0.3228307898802452 3.5258964614221986 3.0948511224345907
1.539693385580484 0.23276014092604416 7.906875103016588 8.002921242643557
1.5623309566624832 0.3663662945139385 3.315169099732797 2.9843722798537207
1.6282873309770154 0.28910449240609004 5.2489544999615445 15.057401803710055
1.6266757436327166 0.3051010568125014 6.9420948422555195 7.201516513712894
1.5345697850051592 0.24112428173871947 6.835731948658439 6.251881357098773
1.5932141578728178 0.3015566724894342 5.628811528891394 9.392459654008452
1.6219433857438252 0.2759164789601251 3.40763078855882 15.584115351613107
1.6053373802498183 0.3493170373523398 2.7603506683434937 3.6030442359300503
1.6046869921613753 0.26469012055490254 7.0332929944541815 11.664048940854714
1.568679084138041 0.292427196086652 2.556957659152323 4.475449199443872
1.6281664462191432 0.30554739501055833 7.718283049418914 13.586309975071464
1.5518976256142962 0.2659094466537536 5.885607446276028 10.262397965968724
1.6268888504908408 0.29586596879779486 4.037156477332424 10.965310698613575
1.6100360522133146 0.2961039775552987 4.296081658568366 14.70643435903808
1.5507135867382753 0.23759914312374011 3.535907273443697 18.922681771631186
1.600019641109684 0.34547496503862957 6.6826098921492445 4.620381706864473
1.6286921134725096 0.3136032702561768 7.579298972550503 6.596207899103053
1.6050097182054266 0.31170753261195355 3.9020246816952557 7.001404051851216
1.6317115387344905 0.5513001030302705 7.476403680727287 2.5523706666450305
1.6128677362739854 0.2829052425011234 2.858700145287041 10.064559522218186
1.6250976218643847 0.28160247753675577 4.775892325880613 17.221622538054664
1.541959761651909 0.23880131333509233 7.648829690085153 19.62446819651559
1.5409969272779667 0.2450145086777205 7.606551373842777 13.827931384617626
1.5622213293198726 0.23113155582698855 5.669661541715592 14.451798158995501
1.6140454532168511 0.26542291692405695 3.292491802270536 15.094789362129909
1.547752394755609 0.23431162587966753 7.76940906935083 7.990534504658132
1.6003805416569907 0.29242726814576764 3.117692647908595 8.95789221584162
1.6176215685023558 0.2689144936771059 4.166072656027638 17.882566451267373
1.6192652752532322 0.5845622061619286 4.890162055619184 2.3905110062308808
1.613539903045483 0.2689929330782387 3.041761023144267 13.357964355524926
1.618226215857777 0.34310242674226493 5.112835488404199 3.857225972217412
1.5419977346641947 0.23641836093056884 5.691604084505731 16.18876648898463
1.6182043038209377 0.2898472518309986 3.069711732784288 8.129593929280974
1.6304773937184949 0.3430256787849058 6.575182862325072 4.940184767354394
1.620869124441358 0.28129870328140305 5.792708338460942 12.626086096857522
1.5634746995977213 0.2756266397192211 3.4002712912177335 3.900025887004064
1.5426334000960598 0.23927687312868096 5.182616475839972 14.708133849083287
1.5515392409778457 0.22838231768996828 6.3645804321362425 16.34350538823443
1.5498193818101447 0.22869067985938102 7.100133028684853 14.581277660292782
1.5557815140511455 0.31484285586405775 5.480797375313423 4.073257559746435
1.601741478324259 0.40131978449409356 3.184252434682559 3.041624724022333
1.5741191540282449 0.23766230541757724 7.547408843457957 15.82348709690148
1.5543534196374087 0.252227484234917 3.704074792991339 14.891925225197655
1.6152542433848383 0.27122841410920484 3.866836627193387 11.595683018462
1.5575597304436672 0.26859888579360885 4.861481769633339 10.459739720936541
1.6112859606030998 0.3097586710824337 4.2130839685827866 7.888626439705821
1.5587582146442838 0.36332899446837125 5.22113693573387 3.094658955796902
1.622689038474526 0.2966861410016613 3.4789268598521588 7.5067510190781945
1.6125699479407458 0.6117660077084538 6.36991074428071 2.3839301738631136
1.5922798254921375 0.2929046875828509 5.546967109422755 12.714941037826662
1.6284023578294586 0.3719509722025625 5.2805692891817095 3.724164703423499
1.587312983259627 0.6041444974985993 4.620635064562092 2.298890478671309
1.6226020695278018 0.29191003144105176 3.815022251367899 7.982355759857423
1.5650320165267757 0.27025700317319334 6.9919155757399665 16.990311030921237
1.5877780751323525 0.26769399225954404 2.550655265549642 6.321934526059998
1.614022842874967 0.2823750037670833 3.327500948931508 7.174219523754191
1.6254100119939028 0.3313156307364471 4.570062170405952 4.709267147849706
1.5911827426626828 0.2875417309074724 7.1986776790733815 19.49240435526351
1.625191203169427 0.28547456105109603 6.829797757957187 17.506077381272437
1.598562261137598 0.3099301280382897 7.968831632755394 8.062537638035398
1.6180848159027184 0.3144087449403679 4.350691694185624 4.800100961546212
1.6250438123750763 0.2945406762439587 7.4353246899354 10.097267789002359
1.618759747851851 0.34493162356420576 5.225253432838781 3.889538803262645
1.5359262020765816 0.25519589389300884 5.959084977863809 6.056893577573788
1.5543957040983754 0.2307574620062986 4.98400807152085 12.703329901938055
1.6263283282381078 0.29887751060567913 5.291729087384411 10.044373201448751
1.5606762990918186 0.2387888947393077 3.2779491042389948 7.124470778723364
1.5655243787348918 0.25760811465846134 2.6757730491377956 8.612276677157515
1.5389728968285974 0.23893263454313746 6.519728438409527 7.1489925792595255
1.6159230678706176 0.3315885199572221 6.1349794456202265 5.810893650341917
1.5736719284962404 0.2416855561709999 7.7888504256300575 11.447751699121726
1.6167046238782152 0.2762361830897529 5.080694471435333 12.615526535611261
1.5483983697586976 0.23527495915365088 6.882410334928055 8.19367444931808
1.6155257076567027 0.28461017260101945 5.6114977135122315 8.474173859473545
1.6102994498437675 0.28816094725724517 4.006345883265476 19.3957299436364
1.5632633556532802 0.23134374240904138 5.421016165617779 18.97454939080981
1.56496319141242 0.2339940447466465 5.165067225862408 13.397231472180518
1.569746230090861 0.35433858413056485 4.993837089138937 3.425774096426573
1.6183856340814664 0.3275412866307234 7.452843946082055 6.375228142123095
1.559848521654269 0.2880764297585971 2.8087764782317044 3.65864506976866
1.5630884596970258 0.2538649282200391 2.7731250763585513 5.381417909853033
1.554441165979908 0.23245940079668562 7.414621369821808 11.328109298468833
1.6198136932938496 0.3035276644008193 6.081159485971457 11.969961184908483
1.556933691457663 0.339874600886756 3.244293601988756 3.0480847321930566
1.619589017435193 0.289809216860107 4.232871752528842 17.454597178322746
1.5996674727359754 0.29129879718982404 6.6771255221305195 18.796038652261252
1.5385795863612115 0.24323650689133186 7.483096464577242 9.485269268649107
1.5636035467203069 0.2649629781122903 4.976608191328855 17.323491639348504
1.5633576813218006 0.28848209291257854 6.709731337646558 6.814454424404008
1.6219444460425048 0.28678018658597304 4.35206120490418 18.21539058299549
1.6023498305114798 0.440082432080894 6.833432684660314 2.717578881522904
1.6135986751978226 0.2772023752588446 4.207436663689249 9.146222112952097
1.584461640509902 0.28712289878918196 5.4323309034420495 12.383006991765313
1.555813636560099 0.25360988965929504 3.5505945202949003 12.161225108241778
1.561223422998414 0.27557236343424324 3.965258850326162 3.9894053485727112
1.57959177858192 0.24549330899176486 6.754596945485593 11.637080515552901
1.543354235025606 0.24602072686538198 4.361971442382436 9.013008123708381
1.6159856611097212 0.31829482573543044 4.613513774752706 6.548016906981008
1.5429922427288763 0.2566831854288634 7.515575042738406 8.529051779474901
1.564158614417345 0.28764536954161096 3.8208146300659864 3.6889245833484865
1.6097534179813118 0.2911066336955254 4.51865457866794 17.206117677131708
1.609234551927412 0.29115625472941387 4.907540251245318 5.9321289375624815
1.549073497380491 0.33505117293373515 7.29399617411705 3.140555531624094
1.6139032089050893 0.27245390580271656 3.837991430700062 11.51306468210963
1.6072956547781323 0.27828749185159196 2.9266950805084915 10.627843972590945
1.574654829612788 0.28380158743522677 4.134178630838141 4.071067611403554
1.6019187220021567 0.27466525494092053 2.779019830507388 8.850587411750599
1.6179724008659893 0.3069170455553256 3.3969119603127824 5.700420545124871
1.6090916279437866 0.30800387125550444 6.060181074317936 8.894390008437965
1.5457918931678154 0.28594672813161603 3.9801972743241687 3.73607266110489
1.5849113812057962 0.32073606095794405 5.420001696813937 5.091229711753339
1.547557757933043 0.23236179446884664 7.891130460650803 19.695084417255863
1.6119380634298157 0.2995948852388222 5.314458821951934 11.983193115402667
1.6075481700344687 0.4461132125796033 5.434638019000653 2.7186559097362943
1.595507913897685 0.4219667975914681 3.4659017482624193 2.674922772408369
1.5691342774910746 0.25669182973987403 2.939423631473988 12.661323420160402
1.5860426764922004 0.2751458574371111 3.7549350473903083 18.896319777325257
1.5486163586708843 0.2381498125616681 3.850073206763908 9.317628086082713
1.5562333262044903 0.24541774213934497 3.226412232941912 11.542387652499597
1.6219234884950904 0.2860924860464119 5.153075406457285 19.64997632959118
1.5605782067849232 0.27223938436249356 7.848187830589374 10.58509743016666
1.606796597828085 0.3021502777122949 3.3499569310268957 6.814398551077691
1.597909000745417 0.2821408858798104 7.3122913710311845 6.0242143412690385
1.5614535435754209 0.2639960516594671 3.544951711511676 9.79645607696649
1.558248658464701 0.2628537233625274 3.3927512930874157 8.294645034081075
1.5937683186466929 0.4083818842264498 5.782375682751678 2.8075061381391935
1.5756060938714491 0.25218460489373423 7.4630312749396275 7.796410804643095
1.5721767306797747 0.275625295359427 4.5776869199822885 12.016835960605743
1.5956694489161112 0.2536132570147714 4.542370576738555 13.86134771593863
1.5569506211662985 0.26350069221361466 7.396120043997343 13.310009129584953
1.5496895154756902 0.23520178088175694 5.762945964196943 9.627048382664034
1.6200374698244562 0.2961737450600741 4.727038883384532 11.083629157621282
1.6094068146505514 0.27126198066842416 6.626089114874956 12.79390905130316
1.619764145491661 0.29425355256087843 7.315469432818199 19.07044989867804
1.6159901942368613 0.293089343002574 5.619823436570443 17.798550682449076
1.6120252438860185 0.2714958420251114 3.430899634781201 12.229050721094671
1.597695521722375 0.4739549507067118 5.106188646805922 2.6546544567159147
1.5754313323709588 0.26512706910082284 3.4785894583025794 17.880287538222106
1.58979300588641 0.3899417351427081 5.711050210259899 3.2186096949754335
1.5780190746605045 0.27569676926830294 3.891307964705286 12.565918411883308
1.5803732252973755 0.26187230515541293 2.8089932881890376 12.55596193836101
1.5576079487811796 0.25555069490430043 3.8487801844662552 12.470172962490551
1.5812852745450128 0.3541076087323854 3.9272273981347654 3.4878518354620955
1.5630655416823025 0.28703611418487135 4.591765927730827 6.133844163742873
1.5914912172286249 0.2527542037168442 5.829732109439123 13.774487555713929
1.5513322458500634 0.25558399686694694 4.002124424988657 9.04311096933749
1.5456471642431693 0.2395130811656453 4.731122867048873 8.890358698872046
1.5923900511025644 0.2528800973894342 4.460547811602595 12.23069423889859
1.6133009006184091 0.3184225286600788 6.2802166818581675 4.75555338091486
1.6196540296578914 0.28610365865771253 5.511536950600876 13.19804713197578
1.5745255731480299 0.3409540976871571 5.876502016775083 3.808213126137802
1.5509639051853115 0.2489891868492175 5.494300618550876 15.497811121155399
1.593930238676484 0.3213169140151955 6.774096289782691 5.545743027614735
1.5810866638116665 0.41246431268340555 7.559816042966877 2.7429317101261104
1.6200481932429391 0.3077948290894184 6.633582148330131 8.593243900688817
1.6171949727482495 0.3679956031584904 6.684060716097439 3.9071207363562803
1.5587478634227843 0.23615590425601382 3.701115816064667 12.647817192727649
1.617539060115608 0.35378969198872984 5.7403858676848785 3.8396303775621403
1.607181814930928 0.419862104577396 4.408590733456485 2.979131053691183
1.5536029716358368 0.2730603987123384 7.426275890879269 7.383760841889611
1.6146339262130334 0.34701060393339156 4.344702761159005 3.780740088277178
1.613919950679783 0.3051580534213333 4.494497231106666 7.859056294576593
1.5914474778878431 0.26987695572462983 2.762995018683175 7.056956210799875
1.5594133122776028 0.26009275214342453 7.744961633379018 18.66187424737963
1.5829924929047063 0.24119870980923647 3.527914799935288 19.322887655027802
1.617770194035779 0.3350698213973825 5.855833744599601 4.399018942793781
1.543234685485575 0.2794069353096541 7.713060093533015 4.719309939338867
1.5507501924396165 0.25161895853470523 7.204114234465072 14.883175407379502
1.6145815392208496 0.32652360788333373 7.3305475756390965 4.572266532478764
1.549592857919863 0.24737246334175503 4.829501184584833 11.97699438316655
1.5545601868473362 0.23451874632218775 6.770751609947052 13.638849953788768
1.6182546853178021 0.281321685629952 6.25272681635099 18.674250377795886
1.5981981074660738 0.2737546655896008 3.979625794165883 6.456177203850036
1.6118388875860798 0.2889339200302016 5.825836714619525 7.489357976116985
1.6106674862141221 0.2688223883611738 3.6371622485509336 17.849054053928764
1.608318507532168 0.3085766537824093 5.031538807279707 7.41162233191657
1.584979757995094 0.27740637008576585 4.10022334883565 14.609458183913297
1.6139397209357502 0.43436366632519363 7.493509667788256 2.9409151760971755
1.5725856838869874 0.27729200216433325 6.448776779652828 12.030599027099198
1.561618821988168 0.2664912201614084 4.859948426186017 10.83851109962971
1.5459370613546528 0.2667691011860934 5.697998931843815 6.029561221540872
1.5539740821878971 0.23642234760426453 4.973513520632124 11.743249171093657
1.5709073391314081 0.37599109944253195 5.066470459873875 3.0382322882047497
1.6034126814038991 0.2774279194878097 3.107129359932987 10.505336855870521
1.5535487026545962 0.23527715110580397 5.941669173857196 14.673798069124306
1.6010494902883292 0.2745544568119701 7.325034974248739 8.245172862786967
1.5955757966203623 0.38334829620169514 5.294969940031792 3.3101349891787897
1.6062383253352386 0.2797775011604421 4.917230607128898 7.726727578035112
1.5650113419459677 0.24580027200246835 3.2735812393697974 15.589860169721465
1.5427403169975955 0.26062620885281157 5.726350360647184 5.660016399489342
1.5854357731658528 0.3482981740681642 3.132849499194866 3.126177482573237
1.6114333520093955 0.28429843618131007 4.186033145581951 15.314434993899118
1.5928954176234271 0.32906858053767923 4.150006464460603 3.516050277828388
1.6123729777467377 0.28520311466294695 6.1210475539450515 8.982655794909784
1.5528881432389472 0.2489183932950232 4.0857080738501566 10.481052707389672
1.583676469467578 0.26281345087805913 5.686528663394748 7.002334190147776
1.5724425239839184 0.2714745819722807 5.330379813849691 14.608057945398011
1.585469498546278 0.2611893636468239 4.356861355546597 7.045057770112722
1.5873931783046933 0.28097736120695493 4.167921784271581 12.204717870054377
1.5678762904094747 0.3089832230725725 3.7244606636135935 4.200870383159234
1.5949482703561952 0.2966903503014863 6.626087993414693 9.492704776051319
1.5936862979442705 0.2586439488658447 3.0210424453757696 19.59849857791688
1.6041981917085413 0.2890675239432994 6.882205209609985 17.80488957870763
1.5940506199962758 0.25590583325099264 3.0701923027921043 19.636993516530143
1.596562244708007 0.2938256557041046 3.651375195489499 7.479852772555713
1.5589234319868894 0.24354359960215344 6.286500152819446 8.108698159057166
1.6105718301324776 0.2732859050478501 4.0200042376413725 17.20837487828437
1.6125315057481795 0.2930126560657471 7.931947138552943 15.300556117306849
1.5700181628536591 0.34379319288893867 4.883603278774285 3.46137103285029
1.5910759429853636 0.35476787749446154 6.870485588806821 3.8071562668434527
1.5706490021906385 0.2662970132524782 6.041869802277091 5.379900607444665
1.5742321069723244 0.25130144969712137 3.167531152540034 7.255532879398789
1.5774913896120728 0.3092639466532326 3.0280828021462245 4.071098158426706
1.5652124093309494 0.25388683552883906 3.350275584579909 11.755946021505375
1.5718267122089158 0.3050781467694107 5.453421720509587 5.114581454875596
1.611182838353588 0.27899748032189403 4.003730170306408 12.408709674407962
1.5780695569705379 0.2770214132909427 3.2724287798008502 7.765653202928155
1.613492566959717 0.38362124025907224 7.627003764100292 3.3875562155870194
1.6122184191942384 0.2946972487764993 4.950713408627056 10.269298449609542
1.6030526688024078 0.2965056853282755 7.734584757193154 11.196588307574373
1.5553509786244972 0.2683295255884492 3.8865816113979577 4.527952917554417
1.5767868437071924 0.24222137531414265 6.769086793124626 18.897009349197592
1.5797987297472948 0.2806100011436957 6.533209646990252 12.54534250903123
1.5889994889163455 0.25466196128812457 7.6724946288221485 13.072145205897478
1.5577202962973145 0.29659154882863437 7.975347600038399 4.818676297947849
1.6062515169363016 0.3020326387160806 7.962735941505183 9.37355796360218
1.55049470309216 0.2591362938428599 5.308634005748819 8.074025236924427
1.55725312047895 0.26363156971798607 6.720893780660418 10.566547324684056
1.5528201484497732 0.24027991246094177 4.897499996186899 11.607725475920102
1.566044851527173 0.27472984899087066 5.219960993143173 8.934790148585485
1.5699666550173745 0.24251668221279096 3.317962296419835 12.113226094743334
1.602142505673435 0.3214874463455506 6.800927363623366 5.644593047051309
1.608486043462069 0.27317174646352915 3.85985202051064 18.71128889656967
1.5630273358817628 0.27739005479370477 3.7800230739526213 6.17030990617824
1.5520066892513409 0.2408071537001946 7.611614757449367 9.125473717347615
1.6150679763084794 0.29099127185724794 6.873895682040487 9.672191476945391
1.574993270290127 0.2696735191784639 4.799313588535869 15.97736910412806
1.5560191261968637 0.29056850100701703 5.527674691884467 4.848846373676689
1.570795341351905 0.24090824595699567 5.496838750437137 14.65629180548716
1.5838846198531575 0.2467122492440317 3.7689947726128206 14.775213346770988
1.6067265650688645 0.28827054415024067 7.48845534175658 18.461802601855638
1.5940892318359219 0.2895382279896686 3.473660146021155 7.357514617256312
1.5539548513799746 0.24458920120653835 7.075929413989333 19.912082320779
1.6098105893123509 0.2796452558254878 4.209842889568675 14.249835642109016
1.5918961868025712 0.2977015256025605 5.651683701663406 4.615437503062163
1.5659589098639175 0.23897693502163575 7.581948158914526 15.23178182137209
1.55386714277081 0.24894572901947726 4.046928450287393 6.8742548074862775
1.587801766438127 0.3641396832656892 7.417238318944091 3.523051691572872
1.6083384816578943 0.29068488209975046 7.806010579856308 15.596531942490616
1.5628129190260076 0.23967816914404885 5.349306808199407 12.370576149328146
1.5993198011759135 0.264344819677471 3.934801906762084 10.5885203318823
1.554338286031241 0.2811225760907623 3.8391701201779096 4.372859457083308
1.6081188149976788 0.2941553251324034 3.822420064633448 6.330240612480825
1.581824504044998 0.25721477511952134 3.721280024888028 7.199833799143574
1.6039367897485275 0.3088489747183278 3.7288770908581395 5.446077700460079
1.5805228069479553 0.2458489540441089 7.951262629606571 17.819317616747927
1.5526563441793044 0.23972162809997094 6.728848677447319 12.816082882035287
1.6063776381050099 0.28038798903419543 4.69951696010653 8.368548224034278
1.6063948171823235 0.2943275620316239 5.773001580039867 10.88769834323057
1.5579916338098325 0.2577838860055609 5.841560991807425 12.781828487113884
1.6090657141818339 0.27684912339792467 4.299400978755101 16.844181888681728
1.5585386515134634 0.29227373813774266 5.567452487197326 3.878987486383293
1.6103087438132542 0.2766821100023271 5.052993909161717 14.654565860957565
1.5850162057642343 0.2608863431430991 2.9719915877814467 10.18117345656161
1.6060773140771363 0.3624029189971645 7.516499263204217 3.792966764927514
1.556121376920045 0.2588389877059764 6.219432624047606 10.960936866663888
1.5601633178581804 0.2550361987233359 6.143680469305384 17.73757465970941
1.6127802987257358 0.28240237084601993 6.245875719182823 14.495976081783528
1.6036505802781424 0.32187858052084733 3.6544547268785523 4.365381273276496
1.5746135505621615 0.2733990694627845 6.567143594672453 14.002196540503816
1.550333392615249 0.27433467719002386 6.602943639702019 5.533945471569968
1.6130842356883766 0.2976756885721366 7.306233788462073 9.56803297968322
1.5567771103120704 0.24182266654629864 5.792834680676901 19.30350980332468
1.604116393273988 0.27325504564288583 3.705849668554569 13.549143728607497
1.5854506454002966 0.27683679234133707 5.9197206577171 17.56725791822053
1.5577537634527967 0.31086570144816783 5.890366857607125 3.826112385406283
1.5820149874146225 0.27380515837804714 5.475133942495249 17.555067283551676
1.5938326386050128 0.2880118224556627 3.0891350911001174 5.730142928239275
1.5622363559911894 0.23931751106237414 5.767122669412682 15.454518349910655
1.5603724605144986 0.2578679240165085 3.487450530590476 7.306384233054914
1.6125349425248212 0.29135299991637864 6.258916890364687 9.611706294338868
1.5579559870159163 0.2387818754906095 7.524722376320388 17.858468081821165
1.6049988628967737 0.2927399302845865 5.774197423189719 6.293116842641629
1.601935576894844 0.2874265627085582 4.3661284122890995 6.15319023937082
1.5697122385647506 0.24365806538602894 3.750223286434182 15.723920126163156
1.6089210437144779 0.34402052828543545 6.82290451843982 3.9953352284009456
1.609184871839405 0.2782588405663868 4.926077158966491 14.537939372315595
1.5613852278561204 0.25678402802539335 7.498076809126914 18.200483658303487
1.6116618045235662 0.29002090274337594 7.089484828676792 12.725143141856572
1.6005859369012654 0.36950484497779795 6.848017857494094 3.527058520824334
1.5793180553885153 0.28275627224232386 3.4399897950092964 6.583975848722513
1.6053276428760697 0.2710344513786228 4.178112516162529 17.785148000460755
1.5893463084957287 0.27155956578166995 3.9431507992536767 16.802276080175833
1.5564213232594355 0.2423995034837768 5.2432354776908126 11.49516229867048
1.5984511989336525 0.27950284928703384 4.088728448086213 13.270706922570241
1.566144611391737 0.34235437216296527 6.309732396512532 3.2586843497691067
1.588212533382598 0.33800639667966226 7.124269226646639 3.520620898150594
1.5691833291924753 0.26383198743021335 4.432180891753962 12.958795506600843
1.6012334373733612 0.29539662135036604 4.017225047308729 7.102348307258172
1.597185213468729 0.2799142431458352 3.386858498432467 8.2641433294606
1.5532199442017132 0.26398577451186284 4.852777252109931 6.570597655046491
1.5819916783925785 0.278354812758249 7.010960836138884 13.862739370140442
1.6091615556817347 0.2890011049910842 5.100474706814019 8.59454249121661
1.5871312605872534 0.2559672259185297 3.3428921861256518 18.575807753882756
1.6031957205432255 0.30181802362305243 4.611452435435039 6.804109861724545
1.5882109037342769 0.2520137588485485 6.907731112037871 19.25820964903502
1.6002576634575854 0.3179158170245667 3.8645482626023258 4.595490082243938
1.5698742058572805 0.3064282218168221 3.823008898632069 4.171882507313894
1.567212888328331 0.2501428590013099 3.6587865471544547 7.789569502300871
1.5564578872605792 0.2415067442021005 7.201029264497667 17.00969021001284
1.5987923455366362 0.2618687338547938 7.5258776154844025 18.416035114173273
1.5925496315255976 0.27119078196135343 3.6915995063581364 14.470362091939123
1.6026243637683368 0.3082027876999772 5.77880918057317 4.9150085651547935
1.6020197503121136 0.2668793459347986 4.22699647964774 16.798695227435214
1.560931329515625 0.2536750423899565 5.934694217348169 16.733798272579694
1.6069865317963745 0.2760594191341367 5.1730517143408035 14.098006236210788
1.5581496310435945 0.264607973498016 6.268846760699819 8.839599354478034
1.559881601731687 0.25318033567334736 6.36037559327149 6.650795035510425
1.5622435604939424 0.24671702242846932 4.954984922597888 19.893138469777064
1.597460726881244 0.29644134158141133 5.0239208038858845 7.790977446761145
1.5657443764365566 0.24063847686215092 7.913289091496537 18.376193665472684
1.5988275371800484 0.36328881669230756 6.954674130850041 3.5674562766867344
1.598224907190904 0.2964665226659366 7.367035997255396 8.86594145616219
1.6019673849676468 0.2662036118248356 4.462782239296843 19.85789421076332
1.6087073595167616 0.28034525424733975 6.155690088944268 15.2047435346024
1.6103246473243635 0.2931520370092803 7.754231580931858 9.672708977179083
1.5725056903131356 0.24633584927811095 3.8191497682150555 14.917248003056482
1.5869471862507312 0.27167743516350173 3.160781484447011 6.52663888917697
1.5989132854407815 0.2647918077855465 4.155529268736483 14.225761983894708
1.5683183952125557 0.26777714604719455 4.232168051974856 9.239010808225473
1.5598476519389854 0.24652894853766716 5.6895126530055755 8.701962146372527
1.5931740684602627 0.28506367642463676 4.536305211598785 9.848762473311607
1.5992772552051315 0.2722791522636544 6.698578433849681 9.854658221503172
1.6056645780270475 0.31914802039443263 5.419660234938258 5.045942348406049
1.5645772934384625 0.32435974897086184 6.593848219660071 3.5942105385375065
1.5941696762632143 0.29814697854559613 4.190127373396488 6.331648225054213
1.5762034406605663 0.2529225950195382 3.557220898342814 14.546923187263069
1.5903839892340903 0.27436384065065994 4.068285196906258 12.793879567842525
1.5795900225978614 0.2729020635419821 6.7008755232315895 15.699583910950885
1.5532999851673845 0.24888877578890176 7.464577222886516 10.525876274276527
1.5984834115906712 0.27476383922521813 4.368546786138692 15.741774262517476
1.5975746592418514 0.2818797526346309 3.716104422311818 7.127860689329456
1.5748713925753997 0.28240690306582855 3.268364876617909 4.9605767516571815
1.5712215626313082 0.301872354272841 5.804105581087832 3.9588955995511528
1.5922461002398216 0.30494136853336357 4.754497446438558 5.718011252883988
1.6073749341345251 0.28985003549853783 6.823314523387922 9.667680280201237
1.5904519792700094 0.25844210235095333 7.995191347062188 14.158438947918059
1.5705563600970658 0.2655326771537988 4.871698463884565 11.996104485172864
1.6000131191600626 0.2698955986895022 4.606595383569823 12.90659874862364
1.5932234377660373 0.2610102201919862 4.411902984537055 13.689114469022147
1.5705438829530671 0.26319533287792174 3.429223967260646 6.612549387997825
1.5906999042167298 0.26214294509549324 3.7572749797267946 11.164861244469467
1.5691157597125476 0.2517909952463719 4.035612217457525 13.211268079266603
1.5607389353210577 0.24752426231320487 5.605110668418247 14.092005140115626
1.6027654592159957 0.2810447638505036 4.852580693387708 9.604461141345222
1.5623680945971372 0.25545371271719663 7.017294446072023 6.822526000148011
1.560250984392562 0.25526499769446065 4.531274102743231 8.876702237163377
1.6053513011303147 0.282821394974172 6.250996676631747 11.839370739633171
1.5551857385729904 0.2722299469059667 6.243807513421889 5.050239904457317
1.563950425091127 0.2977479908964184 6.122803042887011 4.6337774383607915
1.5806460595915928 0.299329828458143 7.082960335997467 5.989367759030393
1.596144637007923 0.2685790918217547 7.258445012881899 10.962091925228533
1.5838387761883628 0.2561567562037529 5.2663805457375705 11.3461311252149
1.6054014039605358 0.2923934435422285 7.948486656002186 9.54371391116912
1.5895608647656525 0.2633794687664653 3.8305724463918165 15.231225385603622
1.5811943668237813 0.2629548537653249 3.95722586936917 14.655430017107209
1.5611458924893666 0.25012454608485857 7.198493522049269 17.124014330809224
1.577023541772253 0.2532214632989007 5.956086535217028 10.355305439553042
1.6008032131603245 0.26921284047514543 6.354743423780327 16.01030296629635
1.5983414276289007 0.31265768390069054 6.044658577229697 5.442921338752788
1.580584364657406 0.25100918231203123 7.081445218645977 15.203392380310762
1.5908383420329595 0.3320852153374644 4.703548868242196 3.8534373480800674
1.5588733333422613 0.24986874950386342 5.680339108832464 10.171933942533785
1.5965124945195854 0.287131253282503 4.2360871168424 7.563672164187729
1.5773424017741953 0.27144271004948134 4.468491838946951 5.721534543749155
1.5974062649028937 0.2854833989613733 4.151943310608454 7.380797009563327
1.5715186519553739 0.26295898413480795 7.597513901781674 18.388149675222223
1.5814533640095672 0.25822072189310913 3.660761574968854 10.556932172220638
1.589945548989082 0.27018655319984985 5.58607498997588 7.929138760621575
1.5857702738432 0.26080473155491996 4.096123606766123 9.717563633239672
1.596287686117277 0.2651869352062265 4.96372560800886 16.223601445041282
1.5811469821866502 0.25114617235305414 5.892686863746386 16.740877933194003
1.6034660430000165 0.2976093884272225 7.07969553323602 6.7343437736910605
1.579764081802638 0.2672352307646623 6.382687344895285 19.889660973030374
1.585822338663876 0.2599385561729162 4.674965413594768 10.47924470695895
1.5948612100015067 0.2770159378406511 5.253721936091018 14.11467203402569
1.5770044684955185 0.25716046118071634 7.514851747703208 8.97457739307933
1.5698134360387204 0.24654153966813516 6.559901848674999 16.12847113127115
1.5581757536239331 0.25645041318300765 5.792685357650143 7.519157580492125
1.5764683142337719 0.29664028233477824 7.102440890436699 5.7468475831428725
1.5784878761840329 0.29112317623530415 3.814776533231398 4.985904440534617
1.5614530256526304 0.2505330567738517 6.5941011574053 13.319118440018142
1.5678931899347686 0.2835181384471517 7.332136053271126 6.390716283593058
1.5770884246635357 0.2593047502713351 4.514162410330032 8.15215458740894
1.600579593380135 0.2733026028568806 6.5449541716603905 18.660305610481757
1.5819652941853697 0.26992740508591057 5.432016397374584 14.729712884951676
1.5773091351285036 0.3207925015308847 5.292079666982568 3.858058403199233
1.600081386507917 0.27680884828279406 6.6645599123013275 15.62788040251471
1.5951802922444882 0.28838397231531987 5.930679018585665 8.76193669312742
1.5929972272071309 0.32503333681199914 7.2815643575289215 4.132107047914012
1.5987537042219118 0.28273990216154254 7.453043585721789 12.536386089292348
1.5887035817473432 0.3004103784973784 6.507345735524556 4.765668811905675
1.5662662757384842 0.256237880602217 7.228235365427582 7.595446932760998
1.596046718023389 0.27759241983094773 6.121513016750386 14.345665601464425
1.5959856166629567 0.27271826310401165 5.455127874415837 10.34735822493794
1.5987974643356833 0.2760884292256738 5.9728307896602635 13.896015378071194
1.58200908664466 0.26797810055700416 6.76994670569679 19.617390487738255
1.5706056663209536 0.26613070027922114 4.2584361763905445 8.151473740746676
1.5625473132191539 0.26598454591088955 4.917969373151753 6.795703191634193
1.563166312767419 0.25291114630209743 6.022219583708201 8.938693733264099
1.578961877044315 0.2806787733350444 5.7086136598114114 8.239651237803178
1.582048232943699 0.2571767449378213 4.614654711242176 19.65787373205208
1.5777176888166002 0.26218658173338627 4.3182048955343335 12.114911025062144
1.5719185492379664 0.2568567130161608 5.133467761084449 15.568182107058856
1.585204270266843 0.2552747436945522 7.000521354957541 18.225383864071755
1.5710087672324908 0.2702094800458671 4.309880216114497 7.3098551752061685
1.5991059181264 0.2772211547181025 7.63461185801319 15.952211982983842
1.561420481569634 0.28487127077618196 7.394816019047852 4.817145203474171
1.5970971864977648 0.2717711451025239 6.526229553128496 19.795108889789788
1.5690053884779038 0.27703105921270704 6.848241592799306 7.386646866817905
1.5837260858738402 0.2789361901740803 6.243890089260951 10.028384591780961
1.5896533440485077 0.30141730467550565 6.291302866231707 4.849815083660525
1.5972235260644783 0.2908385751058954 6.08067910708767 6.747269826022629
1.5649045270668027 0.25030644034988786 7.458653776100978 14.513285385447523
1.585456125943199 0.257065503785882 5.714478786525644 17.522490150567723
1.5786239714823047 0.25880758122578834 4.642945691054679 10.01805823104081
1.5800723315977812 0.27774124159321095 6.163639575949787 5.825640823252167
1.5909455618745536 0.2635629772567232 5.836948596874143 15.195869490852592
1.590985988099201 0.2657762223510014 7.539853990612744 12.047407333620543
1.572854109835324 0.2540883908979774 5.281922289405582 14.798039784468655
1.5744926760495486 0.2519333985614568 6.2756031145284155 15.813759931901618
1.5666442258844573 0.2864070403793216 5.933207776153623 4.894857419278893
1.5769862013327751 0.2575888132657319 5.267551896065697 10.341707860949917
1.5892869262682026 0.2741663367291339 5.461522591750944 11.897140316514257
1.5814899504466706 0.2765234775057315 4.843600953966634 8.345834749689999
1.58770554067234 0.2815843222960753 4.566760335104293 6.951781359382036
1.579471092006631 0.313035746513167 7.966146530366125 4.371639419769993
1.5803163921613246 0.26566577922048973 5.672317702690893 14.495726947803679
1.5694797810371868 0.27130096883493526 6.6373425726618756 5.877416042643939
1.5832947874094039 0.2705265003861781 7.731188657054802 15.095439940798869
1.575494261240805 0.2566992083220609 5.7701461851040445 16.770491756777187
1.563810949271256 0.2694964916101115 6.256891435305848 6.405806316280431
1.575822900336823 0.2614293720517101 6.835318484990287 17.027003828135086
1.571589741778455 0.27663834224852296 4.806509875413412 6.056166735516779
1.5804895083239243 0.3029585785221773 6.390315599780557 4.545303785730592
1.5826535445192975 0.2771891392072985 6.880962947753511 9.902786809474991
1.5795606573311018 0.2925129327658429 5.572915423774541 5.574143925905986
1.567764489116723 0.2687782750875363 6.013425299100897 6.27902352294454
1.5792427656524706 0.2719158959706031 5.120821107053714 6.770213942774699
1.5673987821214772 0.2746942086186633 5.781464192968748 5.803255882560804
1.5699415528687721 0.2591202608751241 6.534986539445668 12.45158851367652
1.5688840153212664 0.25453719093258204 7.255389024609417 11.254695125152823
1.5837971837783063 0.2712854748458401 5.745432691187426 11.676637222299373
1.5725570343141753 0.2543914226435569 6.751016151829293 14.043521597645425
1.5694426223762106 0.2829055129684109 7.823466872384079 6.115258093585627
1.590172776057324 0.26803025617241444 6.840761304468861 12.080100179112764
1.5792695617711605 0.2906438352166672 5.1647661289462015 5.294086610622313
1.5806246344003916 0.27240055757856113 6.78229563463678 11.078136777640083
1.5827249880402654 0.2694223493528875 6.567372213244607 13.424649486036637
1.5826456343753548 0.2651729371204636 5.140324838273532 11.36817917505069
1.5897504435443381 0.2734561978241176 5.8331216166117015 9.574243525478645
1.5883322258053636 0.26662359049138823 7.0112490914988905 18.576784554255333
1.591182819839385 0.26866207818187915 7.502557229931791 16.052021977462417
1.5837363037250136 0.25931061628100827 7.112700607531519 18.50975182487306
1.5734332225172758 0.2620812874571834 6.301097838162685 12.034495527559994
1.5780406583966449 0.2628438276254355 7.516671145919943 16.651061124589354
1.5803412541201536 0.2805623995303389 5.9059596782074175 5.934909675878643
1.574546535494473 0.27601734708301934 7.987291903175074 8.255588151475973
1.566485501198664 0.26668490928689703 6.864145457166234 7.350928611301246
1.57124070553799 0.25903271427363045 6.476854121806836 10.975601487250605
1.5755618131520288 0.26468143171130787 5.527893783633001 9.895117679982034
1.572811495940974 0.2602054224692747 6.689069558190855 9.271859134941314
1.5679621269114528 0.26427543065695824 6.552095444214959 8.201646957845607
1.5704405863267108 0.25855661605271374 7.804511149024628 9.878436048248568
1.57395953120536 0.2572378905956965 7.283090065456315 13.304044819831441
1.5870010450163425 0.2702838467232026 6.580555301351714 12.051611387850606
1.5804665439359047 0.2807081854458284 6.59024396126616 7.571685548727183
1.5750356081316488 0.26387117143125266 7.75126775048213 9.199961524603399
1.572426590300228 0.27211556539745885 7.979099436742517 7.776799025311469
1.5851129473707544 0.2764349994844612 7.696641088382435 8.324371780052857
