mlo mup
1.0692596385432074 2.13287244356409
1.1081056245878746 2.294130541539725
1.113555782691458 2.3029564704692596
1.177509665353742 2.3409928887528384
1.1078086616774463 2.2603758788275385
1.1070555597400535 2.254791708004288
1.111016951842258 2.0816299036078156
1.140808715341882 2.3257595261039734
1.1829441832082224 2.254178358907845
1.142590269532019 2.3252879740951764
1.1399994154348807 2.317491140955605
1.1844168060202176 2.099321926743349
1.0977046636833567 2.1800551987563437
1.1095246103010543 2.2333491368184495
1.1029977073865995 2.121186768102074
1.1587277108625147 2.328353331123396
1.103475876821546 2.126234070922063
1.145725623067868 2.3078796754005406
1.1431610318998089 2.3038238891220697
1.184007778328272 2.1972490475930977
1.154347546666727 2.318851907743719
1.122879830748171 2.2583814835144125
1.1205593737041113 2.248564943576917
1.10537632776879 2.1883812344461164
1.1049155088260665 2.1755007571572174
1.1043107600216968 2.161041046365355
1.1550418827706714 2.0499614608478165
1.107861150704025 2.1368100457270662
1.10654023915139 2.1508060499899826
1.106802508824816 2.1506886474995186
1.1127205403359688 2.206620356778597
1.1342317573520337 2.266710494589692
1.1247435851461611 2.243811881722997
1.1747379942839002 2.3021545765224234
1.1835350666760553 2.1243283632499983
1.1142463738320658 2.2082790046664154
1.1677896189231063 2.313074415402766
1.1581333255455848 2.0527543321279045
1.1464295560180355 2.2823473857348247
1.177746599576378 2.2752125345456538
1.1730884906574173 2.0480434240399514
1.1311593077667033 2.2497993969352015
1.1119266368030403 2.1705057498363978
1.1156688267827533 2.197167023943228
1.1832982154911926 2.1579742919925327
1.1197505355054913 2.111083766715583
1.1332922949930326 2.0831810807543443
1.1150957386567482 2.1314763600616082
1.143943764481429 2.2709292705403046
1.13714271695726 2.0793446684923347
1.1635176613613716 2.2985753421534145
1.1174698899005142 2.128356244409927
1.1781026860016541 2.064698829119126
1.1610303351239593 2.293950115058628
1.182239574292243 2.1058947834910016
1.1542764246403725 2.2843564620579113
1.1605397782333455 2.2931564852912554
1.1253116548080049 2.1029851787593206
1.1699082393117883 2.2984124101950316
1.1235223949306494 2.2131905958823945
1.1471787113118497 2.268808548947378
1.166542076285526 2.2971616336396963
1.1403713357579652 2.255936231203781
1.1515760193249247 2.0655983517692147
1.1175385834767935 2.1467557829302364
1.168860972965291 2.29378819665361
1.1563906190941888 2.279496966013962
1.1188790787625043 2.1416455201014934
1.1404186830397975 2.080785018522074
1.1527407125349631 2.2728931609600003
1.1493736198332705 2.2671001842756806
1.1181566515651786 2.1627909946590345
1.1445474916166967 2.2576586764276882
1.1648082754482636 2.2887392237314166
1.1515721499185552 2.268444490177769
1.128599298624977 2.1062729127561277
1.1718378323279617 2.0559279774697825
1.1823534423772049 2.158874489259474
1.1478205121223446 2.2583268408829817
1.1558237327312213 2.2719849657523494
1.179924460103114 2.223135599425196
1.1409563229464594 2.244889131593281
1.1316735627391477 2.2205335202307865
1.181423345654305 2.1117681350958764
1.1209321537586991 2.155184577029066
1.1817715301852667 2.1759700274670775
1.1230394556406549 2.1392998906500713
1.1747029642622764 2.2676588808159286
1.124568418079609 2.1354491168689216
1.1636026085556819 2.277625022736118
1.1508091244084517 2.0748970785806824
1.1275183515862697 2.1984614920186845
1.1397830764559203 2.2349270617507555
1.1265434512696675 2.1263054346169468
1.1779094714232397 2.241492417339025
1.1315733865226802 2.1098802945781063
1.1551107410215422 2.2628476857926185
1.1359316166933708 2.2223475652542706
1.166591847083808 2.277763324946857
1.1308476757803452 2.1132181190789185
1.1508236159621803 2.2547820340324574
1.1260557185246096 2.1823625138794283
1.12405631015902 2.1565092617864092
1.1251828211189603 2.145105731119091
1.1608759473947297 2.0653780604678396
1.1644778442057948 2.2738835876998085
1.1614671995435246 2.26974483814516
1.1259109264490497 2.175639645693568
1.1338942102341383 2.107411601652273
1.162811607207899 2.064207959841019
1.1682793564484797 2.275289036132625
1.1280486515360748 2.187364875522838
1.1771236034891308 2.243537156874274
1.1814181968782576 2.136804886383423
1.1472790638867556 2.243853207525307
1.145179183368638 2.086844867593059
1.1274117615083912 2.138085335153812
1.141232416780816 2.229588866598108
1.1471720991447194 2.08502444665276
1.1287447166995919 2.186445431918509
1.1584823366813781 2.0704223284947205
1.138341316940926 2.1011353181654333
1.1614048285479384 2.2648234787459542
1.1666605745807177 2.2713642458358354
1.1417358580194308 2.093951848149617
1.176685579681522 2.075363550650594
1.1584640870264664 2.2602538271605193
1.1691592617237019 2.2702946094744654
1.1377540331396592 2.10326766238805
1.1297990666319735 2.185660487305098
1.1501975306420213 2.244637069204713
1.1283751110464657 2.1742261251500934
1.1492949326355522 2.0840165269334987
1.1303646548176571 2.1290857507497156
1.1552612256199768 2.253336306881469
1.154443901075222 2.2508357363653424
1.1680979184385387 2.268234808837574
1.135473167757753 2.1128835033688604
1.1651933406553092 2.265700913714822
1.1743304809756152 2.2552209785444925
1.1394715605248924 2.103221490373568
1.1363001898002523 2.206317194160243
1.1767698370329842 2.2373381821410403
1.1289059687316114 2.1656965458406225
1.1306454355640931 2.1364227080100084
1.1557647198368532 2.2508062533900524
1.16466559692275 2.263181570559924
1.1770233922269722 2.234545062877701
1.151992461585304 2.242270727138421
1.1563294433812357 2.249816724436351
1.176650934510599 2.2361777932219047
1.1747325395072161 2.249437961005138
1.1318129522864004 2.177668458041988
1.1302028596989582 2.154030889622946
1.179456322062405 2.1028371723043797
1.1416993971987182 2.1026324110304944
1.137950958864278 2.1127190691814053
1.1307140081902451 2.16127677361249
1.1358480543830936 2.121075968412786
1.1307423016341998 2.154465708637885
1.135912619965988 2.195052558004425
1.1539157983215067 2.2416045204701156
1.1332755053708905 2.1814618980400584
1.1392262997589127 2.1108120281446983
1.1585882863798043 2.2490528766358002
1.1395002635680291 2.207228486490693
1.1591171821256845 2.0774520623671036
1.1399395520524593 2.2079212802467385
1.13541931094542 2.1885008181339463
1.1391284667384478 2.205746305090337
1.180351327163811 2.1308483449681974
1.1414075116290687 2.2114550806987396
1.1805932279013696 2.159992200402769
1.1318610989395885 2.153667842521309
1.1804715966442259 2.1655277985418593
1.1805026695932401 2.143387992921763
1.1799575810466316 2.178136052246637
1.161250642489899 2.2511308271177874
1.180388079934595 2.165668238560873
1.1641310353316328 2.2547388440724845
1.1661129970608606 2.0705968236922487
1.1416841255297374 2.209110839663204
1.137682626518406 2.121245855177663
1.13332357670948 2.1493014864281093
1.1804897889464978 2.1535446235932976
1.1599939732726157 2.2483939613151587
1.133730138584944 2.1474799310134594
1.164967280161181 2.2546985834937727
1.155805339264963 2.2401944941256526
1.1553688611817072 2.239309142317804
1.1354371057642407 2.1812934913106665
1.1651393780484636 2.254114130279239
1.1430228493419001 2.209575758889168
1.1506324011807876 2.092203077213462
1.1565646080703471 2.084093908564425
1.1353842477010399 2.1405344495494028
1.134265863119091 2.159442478392597
1.1604780542850166 2.2459948124223432
1.1660235409932287 2.073811875423101
1.1560821017855583 2.085045028827432
1.161423264350582 2.246952658391189
1.1699506664120873 2.2537056378427196
1.138351574121983 2.190172679773773
1.1400544619862998 2.11790277045618
1.147351811105472 2.100581941298328
1.1411120088785833 2.201715757960887
1.1353179876169044 2.1465316747856527
1.1590913777936882 2.0810347014280115
1.1718999462685915 2.0738765608871983
1.176772145100938 2.2219976509568067
1.1357401804537917 2.1467828011980745
1.1628417121048318 2.077585175817414
1.1774720878567808 2.2140582445027253
1.148973991715217 2.2200806937766475
1.1485775623420185 2.0992571413403787
1.1658648139217367 2.075158984518274
1.1384707318172955 2.126793908092497
1.1495478881352719 2.2206051453029634
1.152427225194378 2.092298493558891
1.1528626909484911 2.0913184259957145
1.1357213859247204 2.158840562652467
1.1358921707118745 2.151090717641356
1.1631829363394393 2.2464132595510997
1.1482076631413793 2.101177760259188
1.1495620738568442 2.220053974219615
1.1798263913028972 2.1391247073035267
1.1363344738608716 2.1686667602154923
1.1391966384045222 2.186647805146426
1.1562439000803995 2.233724800637687
1.1702686987760182 2.0740923192728107
1.1693678640783909 2.074167794858015
1.176241075287707 2.223784193624417
1.13640188213978 2.168624950568266
1.1672499388093505 2.2502864728069243
1.1366971772636267 2.1701338582617504
1.139134457778369 2.126824079808699
1.142898310656748 2.1151261694961367
1.1536609390994417 2.2276209136430265
1.136437597331311 2.16418237605391
1.145305799275729 2.2076520423106603
1.1398052727975234 2.1871921743974068
1.1369195643228815 2.170426811718334
1.1483343208251293 2.2155688250234977
1.1667295567124034 2.249045540791448
1.1367779072203015 2.149496059215431
1.1367873453283561 2.150426221769191
1.1366805399620497 2.1587706532285775
1.1667882026856942 2.248640081719368
1.1728431463702798 2.242254146927035
1.1764996505705014 2.219447127006744
1.1719683444479285 2.244781489720819
1.1698615373961938 2.0752167093220644
1.137872920100276 2.1439959035314136
1.1517349501726173 2.2215552033345656
1.1430675674790853 2.198270634800617
1.1475301015512445 2.105083140774249
1.171864256422734 2.076071578510474
1.1489681401781078 2.2143848173102354
1.1371881964655193 2.162970248491858
1.1370711414835146 2.1549898902029745
1.1452279262886491 2.1109868568947054
1.1401478128276767 2.1826043443169696
1.16113418482108 2.2381165946331607
1.176352516864309 2.0908158749501458
1.1377409120030675 2.1618797795430638
1.1795363200675741 2.164690331246361
1.1409066827756962 2.184283248020523
1.1708742411850652 2.0769633302785406
1.1490444307362808 2.1034669014390923
1.1493509396934947 2.1030275118531003
1.138640752766381 2.1463338276551776
1.177815688781031 2.2015153579265525
1.176195464659206 2.0914695479629266
1.1434311012660703 2.192567288744746
1.1401721432713217 2.1761684578517158
1.1794720812950814 2.1613825946525353
1.1425706199621484 2.123865015130039
1.145813611018765 2.1133406485460493
1.1385339837149406 2.1564717212453424
1.1521233455017934 2.099593556823714
1.1788284588704923 2.180852391295567
1.1410606031358996 2.179716559565214
1.1740835726081036 2.2317142453123533
1.1784693004076456 2.1874769362151194
1.1778630990829215 2.1980952684457513
1.1639691297403516 2.2388588026853564
1.1440024763247858 2.191891377080003
1.160630664969725 2.086013643517839
1.1785992064333506 2.1169769505164178
1.1493927544120086 2.209392732599078
1.1645189044255764 2.081246160221869
1.1472858088715936 2.2030245711094825
1.1393412216323724 2.1617303424894176
1.1474982863168322 2.111521265131924
1.1613211513357862 2.0861586336426923
1.158682136283521 2.089305499213667
1.1405384207737836 2.1719827949186588
1.1550311642289257 2.0954111643020994
1.143775108096897 2.1248860518126715
1.177035504917281 2.205648335151405
1.1724022501800775 2.2361006024905796
1.1401760090492243 2.163196573569306
1.1508466088074836 2.2101107353744545
1.1746567153842942 2.0873623313531047
1.1589001487293786 2.2273757894079966
1.1538725715469125 2.2171029114158722
1.1644698074503936 2.236707907162812
1.1488036793323524 2.2039673065440324
1.157829686266287 2.224563809095671
1.1564715532507122 2.094189269978769
1.1415686267377059 2.1447497616318376
1.14358282575635 2.181895301801358
1.1533752764706184 2.2142247073749477
1.1416106687467602 2.146878644847905
1.1474446896914001 2.117309535453945
1.155132987182103 2.0981864320994927
1.1633412103898557 2.233124787679666
1.1538232133569064 2.2138422234057566
1.1442459888138834 2.127361633867755
1.1747062078636443 2.221572106806373
1.1709454984277095 2.2359329564486634
1.1732105544644764 2.0853318699111574
1.1632349593674152 2.2319156409649223
1.1750672388665109 2.090958648891874
1.1440166135285308 2.1337851519087647
1.1608039727346726 2.2274097012627463
1.1500168185530635 2.1102950404598895
1.1437002727297596 2.1753722043167896
1.1786635320519583 2.1320824704932533
1.1572391520920196 2.0952900295058816
1.1776449666894893 2.189764836957833
1.1764026169441517 2.2061368759595537
1.1420385338075452 2.159622008517151
1.1421107538945132 2.1626307553977755
1.1623406350065593 2.0880771624454333
1.146760161375985 2.1884238497624517
1.162600705884458 2.2292344224422735
1.1780000743179804 2.1186957204850065
1.1624269590164564 2.228326712797398
1.1472688079165516 2.1223710622229515
1.1769609006589643 2.1983501250355557
1.1603479721564436 2.091207470481581
1.1428805187143027 2.1671586069655238
1.1437597888363202 2.172881449932074
1.145725672763967 2.1300003988006457
1.1450273707227638 2.1343320365857994
1.168150556026123 2.0829643141114604
1.1711207052003412 2.0841818307774895
1.1428575757020796 2.1581936418385723
1.1783795140069653 2.128712336572895
1.145257842834588 2.131964531579942
1.1477889976402254 2.1219370230110113
1.1523349014879756 2.107827220323291
1.1568008445081883 2.216584995237268
1.1546080965097643 2.1028262843165897
1.1476040128184801 2.1878734466293257
1.1514756895704858 2.109739145760759
1.1739922602796151 2.089400543062269
1.1641186101948118 2.228921441614973
1.1549598580156841 2.2111482754967287
1.1671633827310646 2.2328920962464855
1.159435763542026 2.094363992865597
1.1661392609405754 2.2315195462967234
1.1571099626607693 2.2156565137865125
1.1616511996678889 2.0914339573732694
1.1681339284406165 2.233148583640586
1.1443342520288562 2.170173099980322
1.1480646467084812 2.187800867973637
1.177593650155027 2.1838182767364414
1.1442397059295175 2.146915552067079
1.1750791823154476 2.09492677465112
1.1461132745068257 2.176864151304639
1.143970086045666 2.1581926735720285
1.1521994394128747 2.110209934847509
1.1450580918325342 2.1428405340669716
1.1454400499288093 2.139399781253431
1.1765552220429836 2.1983402324436323
1.1475845471596358 2.1256763350493344
1.177788043316091 2.1779629047141285
1.1442348109958653 2.164920689568674
1.1568190344363825 2.2129525400522114
1.1770256028798174 2.11088457563671
1.1520918869439147 2.1110101868960465
1.1733746733474573 2.088818307052323
1.1765704423849472 2.106422046974516
1.1745486767468214 2.093443817320122
1.1458331623806968 2.1371103795319626
1.1445743123883982 2.166977191421157
1.144247224389408 2.1551208311158243
1.1608338920004735 2.2208009067825714
1.177583253573602 2.181387452025742
1.1506493280760286 2.116468604329539
1.168489653169574 2.2307975290399713
1.1629994928280356 2.224665988463954
1.1721561732284007 2.2261983596741746
1.1647845044245284 2.088403381483682
1.1573726203092298 2.2129676661983937
1.1583971898740768 2.2149070793361942
1.1627931353128593 2.0910878924287823
1.1448909799652596 2.163851538374221
1.1775683052181463 2.1805067724475498
1.1711414295934224 2.2278587758336412
1.1605658234379927 2.0948201978086525
1.144868590659311 2.1649556868105675
1.1743247115104236 2.0932415763874905
1.1674984405714524 2.0865881464329186
1.1587670694960621 2.098852052935946
1.1466661520305712 2.1360460088968436
1.1495951366218171 2.189027091661679
1.146564842732549 2.1735115111418164
1.1762158199741506 2.1994221472312
1.1452964353615867 2.1500259380849904
1.1472819993280046 2.1345896487636145
1.145268721966025 2.1637835267948593
1.1663721091629335 2.2285212112434136
1.1642413613157627 2.2249480949170266
1.1462804051781117 2.1425093613791026
1.1462457382514992 2.1711038150973714
1.1739090723426477 2.217628734929864
1.166661114362621 2.087151683345356
1.1656915845011022 2.226901039366932
1.156185084337304 2.2083147200675834
1.1651864964193397 2.0892239432420823
1.172620535257968 2.0889111575891555
1.1686673177349223 2.086899905814489
1.1612738547533559 2.095070082185239
1.1738168258483301 2.2172636519560522
1.1750149348741579 2.098570516720396
1.1611995602513685 2.095188080657529
1.1687031919802737 2.2281923769600107
1.1780682569885732 2.164865831425164
1.1711689806275034 2.087622195954254
1.1690051895214038 2.227939522051221
1.1455352383077093 2.153274523803763
1.1528080267119467 2.114286997306159
1.1468730776357465 2.171075309253658
1.1664526816722287 2.226656153292156
1.17669233751035 2.1896398800381762
1.1726231770797324 2.2215805482874686
1.159160722403111 2.100684228729211
1.1641720556980082 2.091266032192236
1.1743740352472785 2.212636236650317
1.1464299420808846 2.161890676505519
1.172393557730449 2.089905241492584
1.1702467521758564 2.225923114751052
1.1779465442442816 2.1642278635417416
1.1532016869461694 2.1972049300596916
1.1463117036028845 2.156745472516626
1.1709651057746273 2.224691597260877
1.1611273047243693 2.216702040198244
1.1619609017365902 2.0959237389102814
1.1467321822584933 2.166004480456099
1.173855617972668 2.214251276076402
1.1523997775637964 2.1935469298089965
1.1662453749387038 2.089701705453646
1.1528957673116875 2.116762142002596
1.1524241618991087 2.193117116300129
1.1715766692293539 2.222662203757061
1.1581148895438562 2.1032741211928787
1.1754242535125197 2.202753171964459
1.173959946768953 2.2128938176650865
1.1580055429422855 2.1037889664162712
1.1561623327043675 2.204047404052482
1.1516737399394816 2.187918152236169
1.162667946741111 2.095811649078685
1.1490396783817949 2.1747274955033324
1.1684698045187158 2.0889694833266153
1.1482483871926563 2.1411454872564906
1.1684579875435583 2.224564936012673
1.1522370963216166 2.1205348567571995
1.1672845686425395 2.2240369680736976
1.153056351887841 2.119034285076686
1.1478007842106115 2.14915966919473
1.155644785073252 2.110068792935723
1.1740414910504415 2.0970932253096466
1.1759830938468716 2.1939857596338097
1.1488026396946351 2.1376757565360545
1.1497279079677247 2.1337585710064078
1.1543302910810898 2.195819881215655
1.1680536898327347 2.2237045212214803
1.1551367194411633 2.198836422055798
1.1651543281571048 2.2204409279768127
1.1535052889699133 2.1179970997753728
1.1522015641705143 2.122462341799965
1.1741286149713157 2.2094411995903487
1.1624184731380796 2.0977000983544256
1.1480276332868422 2.1653690819567224
1.1734667982880476 2.095696246192446
1.1641739265099849 2.0949455449598693
1.1489430015053528 2.1443815249883884
1.165006672960499 2.2191205410238086
1.1574970308617547 2.1075222062939507
1.1594903942341808 2.1030537090834565
1.1479034443418292 2.153196430837276
1.1752606590011871 2.105066839605119
1.1496864961018802 2.1735327111449863
1.1503198260671819 2.1763834960750965
1.1730445894657118 2.094762528086676
1.1491134334530204 2.1440951696037573
1.172666704283897 2.0939183492616897
1.152780648466694 2.1223118876417613
1.1642239017817668 2.09522737626384
1.1492035872548962 2.143750487113383
1.1754808399829222 2.1971586766715983
1.170596189060491 2.0910015989995223
1.1531254429205862 2.187387355975195
1.1605462114054281 2.2098300072737045
1.1684557666066353 2.090979128061661
1.1758200357011614 2.1101836165886936
1.148970831508002 2.1670619134315308
1.1485791470170095 2.1516693055487393
1.1488162982839025 2.159411395831607
1.1512815610970277 2.1797611626183007
1.1530295777471748 2.1857506936144775
1.15481892192388 2.193388916458779
1.1487849669522148 2.1608217842355115
1.1770943462958496 2.13137459301608
1.1596383836443767 2.104337879863377
1.1727350613245948 2.095027734527606
1.1522421762392423 2.125333000047412
1.164001453411153 2.0970646700747997
1.1581395975902935 2.1084977838446415
1.164204079077834 2.2153332227325944
1.163304115412437 2.2136168304105976
1.1711500166230184 2.093032530239917
1.1713963925404245 2.0934737415846634
1.176765976926271 2.174020812323292
1.1521101525221384 2.1267593968745686
1.1492101864462516 2.1608459366516892
1.1495925167830254 2.1675249125024663
1.1588422450294837 2.107983383395945
1.1516204091395128 2.132547751081951
1.1588202555185256 2.1083177215550735
1.1592638895146272 2.2045419917591307
1.1609279976968043 2.103472473889017
1.1647378906572206 2.2153726730247607
1.1709197800222424 2.2172798227492576
1.1500585979329063 2.146600219610714
1.1538578365823977 2.1857750027905123
1.1505005316191603 2.1706842946833484
1.17512497476935 2.1078657887697196
1.1563791366927219 2.1950410833235026
1.1772939251758272 2.1565490034456873
1.1771781361087275 2.161869006462732
1.1538480689605162 2.1847479685755236
1.1628740897987373 2.2114565618808606
1.1533322310826841 2.125254592511989
1.175230139686311 2.1946531682040873
1.1526862621579035 2.128076470359203
1.149641286207179 2.1561500586764653
1.1500825742614211 2.1645174158473393
1.15492613891916 2.1210335745214945
1.1515435439923007 2.173588122596247
1.1571886659877428 2.113609332741796
1.1523185123086503 2.1325371219983165
1.1771110379433003 2.1457584337942306
1.1745664500239206 2.1999758870659925
1.1544598854859467 2.1228917364247533
1.1503124318383313 2.1620298885874667
1.1553537206993334 2.1890509617429
1.164519544154797 2.2126316581686836
1.164779139691809 2.2128631278817483
1.1614615284697192 2.1042396616864503
1.1524697097367091 2.175818958418071
1.1735548627959997 2.1016021481617124
1.1753705008983077 2.111822726349089
1.1722522159606248 2.2115304046749014
1.1694975127604688 2.216191970096629
1.17518665152338 2.191617221473517
1.150418078938556 2.151834941958847
1.152245319519229 2.1358239502621066
1.175835676549966 2.1178987105393356
1.1665615187511464 2.21535870343601
1.1558348536324727 2.119895045536507
1.1519955482354762 2.1382023856545236
1.151635065648905 2.142415615160689
1.1724971447035826 2.098962164689416
1.162506063346145 2.2076805155838217
1.153200581814088 2.133402804229572
1.152323597831621 2.1363379621898364
1.1560756083938475 2.1887376727570995
1.1512047303715107 2.148356167977594
1.1742315571785467 2.1057158297752707
1.1676232119795509 2.2154232342113933
1.174767985537481 2.1090628058395806
1.1643669797100802 2.1010125831819675
1.1604941135451015 2.1075908016631097
1.165131483826165 2.099578238694247
1.1508441629105564 2.1600995647604595
1.1632941752055932 2.208495990622824
1.1755532459425369 2.186197247068904
1.1596217651668865 2.2000570761291938
1.1522337582675475 2.1405590460662847
1.1668675427370803 2.213724609166312
1.1521927683364916 2.1698698231836135
1.1600333130283191 2.200401397899822
1.1544881770555828 2.179482121695707
1.1766411219047086 2.1636348636679488
1.1740538096499122 2.1998851726554287
1.1517134269130112 2.163160778808651
1.173949910578787 2.2002583136226166
1.1574398534359067 2.11834369197722
1.168215985986056 2.2135189845168615
1.1686124913364395 2.2133605181364686
1.1545276873542174 2.1278620256482013
1.1527616976410326 2.1705695151188134
1.1765499488401223 2.139637196539465
1.1635121642985058 2.1032247554804
1.17675477344302 2.155248976587692
1.153684647355773 2.1357400078322195
1.1735849828088702 2.202198687003384
1.1521968000589293 2.1504238253049186
1.155085851670218 2.178647156255777
1.1554101836021562 2.1254037873047
1.1543070225138825 2.1350639767021433
1.1748431298562394 2.1892229232987495
1.1631358908828495 2.1053275483804166
1.1519826802150297 2.1542691757934493
1.1525522597691604 2.166689037716259
1.1633017969490158 2.2054797085878715
1.1521979607927342 2.151835017803311
1.16444399339245 2.102729691723854
1.1685412654580811 2.2119223690419774
1.1592683944204167 2.1149948734950508
1.1580174896130377 2.1892829369469853
1.1572959008483572 2.121171038108838
1.1616621190384517 2.2003167897202998
1.1716914533667429 2.208022594538363
1.1670627935029805 2.100382079244131
1.155346201576001 2.12801805575607
1.1526888461645104 2.161765016258623
1.1572126603069195 2.186416371631652
1.158008205705604 2.1195690424455904
1.152518890667376 2.160635558304418
1.1571184107483412 2.185412730085399
1.1715452098761745 2.2080729311225906
1.1732533618832686 2.201481496550742
1.165702829457841 2.2084602574074514
1.1536055936695044 2.1691312486162606
1.1752925434938886 2.119475644231282
1.166188886989711 2.208982465589475
1.160199785898231 2.1954500962811814
1.1535533387597627 2.147687550059523
1.1578744605119593 2.1210782930408394
1.1541884714118638 2.1375436496891984
1.1605309313377827 2.1960103175931547
1.1759472756956146 2.1302849747501043
1.158322283663904 2.1875509155932393
1.1611231906935682 2.111603702877491
1.1765147899405266 2.1526936823929392
1.158945910419798 2.1189747549195843
1.1693075563542354 2.1007441688682125
1.1743810624028024 2.111777951629513
1.170027636959444 2.1008102160818165
1.169685700300838 2.2093223762422904
1.1621071479837983 2.1993069259735627
1.1616518363599007 2.1107185846986694
1.1748252702370903 2.117480751941638
1.1724617482591342 2.1034304374682367
1.165752942017879 2.207141245576703
1.1762910346186275 2.160879174983078
1.1557024054777374 2.132879890041364
1.1605772563528867 2.11345985990317
1.1542354042753344 2.1685355737792165
1.1663328178537204 2.2077212867667315
1.17608060869715 2.1362866646850835
1.15408038058523 2.1462482554542652
1.1546284245088114 2.142048347042952
1.1596068959678618 2.1177910219813603
1.1632431911540952 2.2013338905988675
1.1567621838042348 2.178278106742133
1.1706314171651968 2.207241574298038
1.157499007508797 2.124935119379886
1.1551828097383594 2.172114487605699
1.160340112692586 2.1916805186024977
1.1582347450898824 2.1228653004852527
1.1593512390645535 2.188535643433295
1.1604168726220783 2.192954424883352
1.1542776409708437 2.1634224076805197
1.1561548492826659 2.1316847841340456
1.1660167995926338 2.103501964182002
1.174253185812816 2.1892174806662466
1.1636155763094893 2.2010165073428904
1.153814650185861 2.1525791094874354
1.174980470562522 2.1816076380905414
1.1545449346898895 2.166940915852386
1.1662842808556166 2.103214470197744
1.1760373561616921 2.163026301813006
1.161674975919224 2.194752439159964
1.1757031620228113 2.1342057364385667
1.164881561099443 2.1063380864979373
1.1632189321463016 2.1996069998422105
1.156414929218569 2.1321534079931457
1.1550642281696755 2.1686460774244707
1.1583277150446982 2.182133853190393
1.1567839083207558 2.1755420441136555
1.1547811431957096 2.1649683664863923
1.175912589367802 2.164147458448443
1.154908451039394 2.1648764513758634
1.1545611834313587 2.156903875760479
1.1547005675267659 2.151250242415128
1.162343131335549 2.195260953858921
1.1598189915664505 2.119668939043944
1.1607378828048374 2.190249624164451
1.1615320017402215 2.1154791745003196
1.1758952539699534 2.1440442193876748
1.1603395460840518 2.1885302413673706
1.1606198581224518 2.118012321605838
1.1563619919638517 2.1362498577270306
1.1605508249224432 2.1884778842073143
1.160505747355235 2.1192191521960826
1.1557626472742584 2.1692970793544304
1.1734502153122763 2.192517391186355
1.1554723690561344 2.1469845031513994
1.160718796124538 2.188783989077834
1.1582995760412969 2.1779113777263035
1.158485055839966 2.180611095978538
1.1664780544003814 2.2038082651090027
1.173861709569 2.188078318383633
1.1628402283614796 2.1123521113331245
1.1588464120473478 2.1815817752005127
1.1713866679237872 2.105934357148191
1.1564853865327112 2.138372817362046
1.1689737165917409 2.204756274827452
1.1711745216368683 2.2018087882211104
1.1620986134842297 2.191191900496914
1.1759085106515068 2.1527263908782293
1.1637040085520227 2.1111255546482455
1.1602106522290516 2.1853489357031917
1.1733690414362763 2.1117150333857264
1.175845252419704 2.1576163752478132
1.158334754421112 2.1273968056797803
1.1711819513704453 2.200883899470362
1.1568718965483389 2.136722480417984
1.1588366015028106 2.179431602762664
1.1584174416588056 2.13015205405935
1.1594106905188217 2.1819380701303817
1.169170520418518 2.104473994523254
1.1695077955917048 2.1044453702319945
1.1629668415241037 2.113669867502049
1.158140297177587 2.1326809553660446
1.175584077780278 2.1447782357032437
1.157084659944144 2.1383629250277134
1.165409629051704 2.10891141980332
1.1757758831403942 2.1526378742094616
1.1578781558217703 2.173227027916557
1.1569042935706635 2.1690819215436217
1.1629325456655426 2.192114568758125
1.1629986214716181 2.1917624617874685
1.1570632041647564 2.141827573108633
1.155898907848739 2.156695710017245
1.1592898568391599 2.1256538145683916
1.1557418025052677 2.154432073145691
1.1564415872982505 2.1634371699485317
1.1754743747953618 2.143674200301452
1.1617716365441897 2.1872255355080457
1.1693621786597959 2.2020558780888018
1.160944051651049 2.1218616519075657
1.1572821628802263 2.1697615895383517
1.1564663665750303 2.161879185222999
1.1572433508786555 2.141958778851121
1.1637483470143795 2.1134243629553495
1.161446172709149 2.186131100074127
1.1598830956066446 2.125012931345351
1.1590404521411202 2.1754085286278033
1.17223268469014 2.109616330293926
1.1573897933085884 2.1688923670448386
1.1578063763379427 2.1381749804809416
1.1590904092575236 2.1748191613942214
1.1574094329867792 2.14510264062001
1.17310733123377 2.1136465245643015
1.165166843276746 2.110718910106353
1.160269997928533 2.1251161159241856
1.1652790204977466 2.1108496594415675
1.1574018462786135 2.1454629977656774
1.1641203608542123 2.1923590058158755
1.1594236875713504 2.1757687114722226
1.1677381302002314 2.199802476889594
1.166428343170801 2.198141289861294
1.172252248303813 2.110537282671856
1.161672204743462 2.1838950235140504
1.1618740673550094 2.1843600446147655
1.1641837726438211 2.1914131299116084
1.1616159378332795 2.1834215644449895
1.1584331469237847 2.138476008840104
1.1710327550392592 2.196407982361649
1.1611732552743494 2.1818019547856657
1.1589631076914917 2.135606844690572
1.1576959426150126 2.148445819099347
1.1593545046593876 2.131844745922134
1.1575650118338257 2.1652371215729995
1.1717292605880165 2.1101281601634727
1.1570036299806177 2.1547636403043176
1.1680070844533301 2.19901570375952
1.157560476861752 2.1622734225314013
1.1648276893489982 2.1145940805190935
1.1733588201322713 2.118672529021506
1.1661844785999582 2.1958822963696267
1.1705934221131313 2.1968418206591913
1.1607656428075945 2.125445132182049
1.1659178747661423 2.1946025984618265
1.1700214485167826 2.1972433385856456
1.1574143395062872 2.156038320143898
1.1635919828330774 2.1190899610390996
1.1682589801875376 2.197645787772668
1.1646578778226575 2.190051231186692
1.160975480776591 2.177320449895448
1.169381282917783 2.19729602039435
1.1675856383737457 2.1972170529628796
1.1581419078292945 2.162582343135205
1.172974205234365 2.1175336823795456
1.16982778006663 2.196113836382308
1.1737383646657125 2.1785599748860456
1.1602908867128159 2.1311722114957212
1.1667100415259404 2.1115570804255994
1.1749097540555458 2.158947971194312
1.157816253895699 2.1542145432764714
1.1623768916629884 2.1823454692734066
1.1583488698682929 2.1587553388479885
1.159025078653051 2.144784728440015
1.1738659119830168 2.1764789832912848
1.160986086432635 2.176254966344466
1.1693252959897982 2.195366289584247
1.1585359468715097 2.1659500443946085
1.1613319240086042 2.1262237344804684
1.1590661133676292 2.143062856672904
1.1747587206148709 2.1639694695489498
1.1583632501840895 2.1568980527304715
1.1656162863307475 2.115108072174776
1.1623040528566682 2.1245264837830797
1.1748517236711025 2.1590965734579184
1.171300459340678 2.1127498513328913
1.1587689674824608 2.165360571447546
1.1651634521676693 2.1159890075590995
1.1589368669796898 2.146316402641342
1.1589212469668215 2.1658165265958473
1.1622022326119004 2.1789099237628857
1.1693565250956681 2.1945300838970248
1.173619373383131 2.176855551089967
1.1646836419678657 2.118707038066379
1.1595054826767572 2.1422834139715485
1.1598977348596302 2.170803304840086
1.1607725413489134 2.1336959984500456
1.15843647780704 2.154198467503485
1.1666383476604174 2.192326796909578
1.1641404079243902 2.185054914658867
1.1740742852909043 2.129781202265696
1.1608716614993346 2.1736198490634058
1.1713305409112118 2.189683245818076
1.1598925971140448 2.137010900453573
1.1593625391512523 2.145656460325905
1.1608709209639283 2.1343263390320595
1.1715373745658115 2.1890986674446093
1.167336154984965 2.112083608253216
1.1592397012708082 2.165058088271643
1.1598356348541026 2.1689840048826707
1.1644221177256049 2.1199006769743938
1.1611602646104033 2.173563640492284
1.1612522924326396 2.133761108229974
1.167151008412122 2.112950257517209
1.1723114639460364 2.1851683547178316
1.170324384249695 2.112358343239777
1.173588782256869 2.1758741466505507
1.1670721393788048 2.1146159847566555
1.1670981522741926 2.1134462782074124
1.1649242162179343 2.186887845260576
1.1734779443000503 2.1247005724609487
1.1595644369765943 2.1646918585729744
1.173305308821141 2.177267986665257
1.167758217848669 2.113134697763055
1.1648195856665264 2.1861348940078296
1.1676513042611978 2.114317331034031
1.1608851061512406 2.1718297238287665
1.1723071819035216 2.1840036371472924
1.1594220081945763 2.1596717780833097
1.167722520218505 2.1910400675702397
1.1660165193895562 2.188080112658624
1.1739745588550998 2.130955984182343
1.1601815001205007 2.144161358026878
1.1603063827410474 2.1425647476575307
1.1742620987903 2.16765333726657
1.1720706061425443 2.184035860791749
1.1664001680155076 2.117362386205864
1.1743620908849328 2.145170019149243
1.1736789008248996 2.1293355576177175
1.1601318212440666 2.147886482222926
1.1614850895187239 2.135713313386673
1.1610716648151285 2.1705879754367308
1.1710314501727348 2.1874553831599917
1.1735656429554244 2.1265572287420467
1.1708302056607511 2.116011043254592
1.1625773583023817 2.1291544019635165
1.1602112317210955 2.1661220958756067
1.1607209103448022 2.141665191954758
1.1662363364358326 2.1185111135734354
1.1625878923936603 2.12953542708322
1.163310408423996 2.177297648529534
1.1743447758789904 2.148657819869176
1.1610838610307188 2.140609976536169
1.1640056337653053 2.1810443323377173
1.1663412355323381 2.1187415165127708
1.1665048317334414 2.11846161692056
1.1613445929866368 2.1694615476918537
1.15990805930169 2.157143617455765
1.1699705487636611 2.1882192343585047
1.1700051998684338 2.1879634252003464
1.1713812288988192 2.1191212102922177
1.1607046338510947 2.1461360533840477
1.171727525077301 2.1833787149518153
1.1600870613887677 2.155988016910623
1.1700986033583376 2.1173656111371795
1.1699763240888483 2.117505391134995
1.1608967124665643 2.1637917865510645
1.1735215628537001 2.1331907979642524
1.1732027460076053 2.126450623792472
1.159935606231773 2.1537226818005952
1.168075701738975 2.1877749000279225
1.1616744753032637 2.1688489351028495
1.1743447770675801 2.153197070038304
1.1610672115118637 2.146690781764462
1.1698236000742774 2.187200122911878
1.1623779427483178 2.1721859449045526
1.160054898721209 2.1538800174655113
1.1641298717597948 2.176706286610434
1.1664538634690407 2.1208125030144696
1.1726421530901043 2.176154347391673
1.1644902401455424 2.1773616389405905
1.1638201591436048 2.174641321590409
1.1650648220732647 2.1810992663419593
1.1650768911314888 2.1242506284622777
1.1608139171675558 2.156976539077099
1.1606657122435289 2.156253740388663
1.1733044549047777 2.1313371129024477
1.1685034024696024 2.118479359444078
1.1620085665006634 2.1417593905705217
1.1666880488034157 2.120883444511466
1.1695961405485988 2.186219941353599
1.1739421777424708 2.145788131703504
1.165843851176727 2.18204428259209
1.1718208579471239 2.180857124645545
1.1607630710710166 2.153197646134718
1.1722048332898107 2.1242015452416885
1.172492349386237 2.17593652431178
1.1739086340593867 2.158297982099039
1.1620632461405294 2.1681477505634925
1.1649735616587682 2.1780585014674068
1.1609457815070305 2.1547100847438907
1.1631004156091758 2.172415814549305
1.1705087024025034 2.1837570297314817
1.1613525712239565 2.1514486309385443
1.1703795193892361 2.1196594088862764
1.1613622566703383 2.1574402373102637
1.1731731197160613 2.133600585490634
1.1636079457172528 2.131878557379337
1.1626466010642 2.169742237096538
1.1639426096864989 2.1735405698253487
1.1665950583244231 2.183133957939022
1.1706455975157564 2.1827666949003324
1.1657404262457716 2.1236828993429664
1.1629690986513403 2.1364627004839907
1.161767477797715 2.1606159837124777
1.1640728819315473 2.134248612839404
1.1734252638296185 2.137887193739299
1.1641050919964444 2.1325028491029956
1.172944744934 2.132690238209257
1.1626269339712216 2.1416426272057567
1.1727088095075373 2.1303528600432133
1.164914095878572 2.126688336622376
1.1725898145401157 2.13019640968338
1.1661170161224705 2.123744163768592
1.1641256502404456 2.1346273369272293
1.1660882251797016 2.124449233245672
1.1678809906066445 2.121446344667647
1.1707047365521857 2.122506043959121
1.1623461696341755 2.162019514082805
1.1619457404536777 2.1516426900676393
1.1702892362277582 2.122072019947421
1.1678744966550814 2.1221650718458007
1.1629052917325426 2.167983744599835
1.167297333813421 2.12275860680762
1.1687075531970712 2.1223442887432045
1.1721578580526169 2.126679747009585
1.1719783292803172 2.1256690436726
1.1621793196181327 2.1515768480500475
1.1634305361308617 2.138362737550975
1.1709526261534158 2.12329563549872
1.162341871684948 2.1597794843894516
1.1716750730654906 2.1758569421616607
1.1697771111694986 2.1224650236002343
1.1655169097165965 2.1748917410610957
1.1646207348346171 2.1346012766771207
1.166569506659102 2.1783746068047853
1.1733076942076115 2.145570949545343
1.1621969904403198 2.1534932463561787
1.1658771744674725 2.175137171606745
1.1669726548610615 2.1792736968892177
1.1689285030444967 2.1813437801493833
1.1734608533362962 2.1577925732060503
1.1650554358761998 2.1306581175751993
1.1648573413129122 2.1319593986672745
1.1698428757895298 2.1805613063354206
1.1651240465615502 2.131399118423138
1.1702306115112937 2.123254017398678
1.1640403217262294 2.169073605051868
1.17334438975804 2.1496388924366854
1.1721563409162234 2.1723202814483162
1.1729632391167621 2.1382539934886444
1.173387224112117 2.1564206352083017
1.1708526224473659 2.176474029127382
1.1721556391885217 2.130817171568933
1.1638969381306052 2.144941381938942
1.1637040109323553 2.167089840591675
1.1733488169276671 2.156063447505007
1.1681275903871289 2.124180700062542
1.166040478650193 2.1298741571195063
1.165979877489972 2.1271673888010816
1.1662389240685613 2.126640990756153
1.1635516446922674 2.1636183796171973
1.1696483221031695 2.177583353613452
1.1648770987843158 2.1713410811727987
1.163672044599276 2.1479539543877024
1.1641643105788464 2.1683720659382
1.166666082109662 2.126106184270129
1.1648758775123103 2.170899141694125
1.172867224568813 2.142378897800855
1.168891834475629 2.1771203571163995
1.171362151412831 2.1283413909373308
1.163407527618668 2.149265603900707
1.163483711505794 2.159000021849751
1.1725709519602558 2.1680381413710488
1.1659095273985325 2.1312890969791707
1.1640203407142582 2.145729888999592
1.163318852192225 2.1510980698493194
1.162790564782503 2.153708536323011
1.1658419764246968 2.1731668557326937
1.1629802324200433 2.154477867597781
1.1726361329840058 2.1379170764768425
1.1706861463915499 2.125390485356596
1.1655461113267835 2.1349239771953337
1.1685113196843815 2.1249746721277796
1.1639884143176467 2.1654751978179343
1.1670316560268552 2.1748356010835206
1.1726684885292853 2.1426860422413254
1.1632878316145487 2.1561998059274243
1.1653729137580882 2.1709212145839296
1.169954496884099 2.1749693383513327
1.1721632802131907 2.135834695565009
1.1642335166555764 2.1639410942470434
1.1642332744734205 2.166077131869522
1.1727317813082108 2.161964804305231
1.1698479354145568 2.174899503456329
1.1644960016670063 2.1452439258443885
1.164990707459284 2.1369726724488745
1.1705743626115523 2.17419848980954
1.1644478809696202 2.1456064048137207
1.1727783099085978 2.149007274598338
1.1666630003527885 2.1306200225368523
1.1699195428028502 2.1264009613873567
1.1645718388000597 2.1638478020382026
1.163872554364376 2.1556484511611433
1.1725729408632246 2.148461368272592
1.1723012204116667 2.1431563938008424
1.165393798327202 2.1381986462020492
1.1713709804186312 2.1700192962014953
1.1698117385146434 2.1279996979995333
1.1658370517281822 2.1696056470200613
1.16437279271956 2.1504785998841074
1.1720110030783815 2.1670047984275405
1.1657007679973015 2.137003435191176
1.1688926594652949 2.129459545655018
1.172442173963552 2.16018382260492
1.1644520199385755 2.1579590575545873
1.1658975529929083 2.169259714260013
1.1702005090586363 2.172819474874175
1.1707578098393647 2.135261130333462
1.1717978708206556 2.138821618761757
1.1646796330930194 2.1509257972712166
1.1647810145675812 2.1591539144302043
1.171026978729646 2.135733951407465
1.1727588149505221 2.1538088949322187
1.1693108978688735 2.1329962673147476
1.1652997606929507 2.1480125193888675
1.1665736570542762 2.135660984673523
1.1675766809279202 2.133803009256233
1.1697641685885594 2.132521875962489
1.1680517450873689 2.131517029576174
1.1715150839983832 2.1407342699033745
1.1653581536423574 2.163271268511826
1.1662736854903435 2.13725342721908
1.1711835551594836 2.1372385855677463
1.1707275180641337 2.1357266278719
1.168739394262351 2.1721154249844314
1.1689303320434148 2.134620679459282
1.1718618283699131 2.162495231295949
1.165486163288712 2.146437297758961
1.1646899214410946 2.1525811105708694
1.1715067288657801 2.143968594867015
1.1669539830440985 2.1698811053286047
1.1715126854537665 2.166779523621025
1.1706376008552863 2.1695016929699587
1.1654685175514328 2.161082725755085
1.164820265036525 2.152139080976293
1.1703468576487257 2.169663135644771
1.1647885084839258 2.152279256192753
1.1720166398052791 2.150415774047679
1.1672782754737037 2.169672908080685
1.171601254778511 2.1485007288833873
1.169771937904145 2.170018951832128
1.166754753309508 2.1386514523277897
1.1650252539599866 2.1525593583540816
1.165628930090758 2.1500755191205907
1.1664458446605248 2.1443575124032153
1.1670611587805877 2.1685051186316313
1.1691191823042506 2.1697982297758136
1.1701603779563703 2.1358840992489587
1.165190556949234 2.1520292837500827
1.1692303195971492 2.1694946877044545
1.1675062006518806 2.1693383687832117
1.1697001218673067 2.1690451013773373
1.1686379004426082 2.169486101289405
1.1684631323078878 2.169617337877802
1.1674926404427781 2.168866833182992
1.1663990832211562 2.147853051807709
1.171124052181591 2.145662108655258
1.1690445838846277 2.1693602231809113
1.1672718005819243 2.1388977241555933
1.1703147347901746 2.1382636872770995
1.1717524997526048 2.156412247471029
1.1674872683082533 2.138282745085509
1.166380523448845 2.163240809141519
1.1663085632606132 2.1468876820284564
1.1684689395632444 2.1688805321083504
1.1666518731138171 2.164610935137884
1.1696686662824622 2.1366270530529583
1.1671622174111127 2.1431272333618097
1.1702603910631326 2.1404917191056443
1.1708135781020703 2.1624887699944377
1.1694889791243939 2.1402067701706815
1.1681242794533242 2.138213544265648
1.1707395641743177 2.1626122837524844
1.1686803927644673 2.140185907504383
1.1674908220625047 2.14400860867512
1.1706987547815833 2.162549390521187
1.1692074866239712 2.1678307191526196
1.1662151650990085 2.156950463221891
1.169299484007752 2.1675903099190306
1.1706204702714 2.1473682270738568
1.1680181101947227 2.168177538316048
1.168737943449985 2.143978176323139
1.1665977422509195 2.158804928526334
1.1714908005325533 2.152094229408333
1.1689418668663079 2.1439455209956657
1.169486074671615 2.1430908534506043
1.1684279724871098 2.1431712049306006
1.1689054378487185 2.1429739403178694
1.1685110859789163 2.144876869442042
1.1706276504366562 2.1483078805828115
1.16795542878919 2.1433704859081955
1.1706665440513464 2.1588737892820493
1.1668026871721782 2.1500173781567105
1.169688974420626 2.166162161742115
1.1701500185952134 2.1457198173960856
1.168061458628105 2.1664355011863323
1.1694101242349353 2.164990966611224
1.167781597624624 2.1463979283320613
1.1711792085773802 2.154132720523724
1.1700131409003487 2.1618202484769817
1.1688843024023763 2.147636582092944
1.1701195321911932 2.146740189828959
1.166319189043185 2.1530365310726465
1.1675236170542147 2.1626428737185712
1.1676881335247633 2.1482034071592775
1.1703330133833885 2.1603246097388045
1.1688983060243066 2.147187992992526
1.1705400461098177 2.149824218850026
1.1681006795090514 2.164513882978263
1.169921121132728 2.1613919256453977
1.1679723756827198 2.1627243645784358
1.1693175696995124 2.161941675607066
1.1689360431690976 2.1619254460719937
1.167993435312594 2.1618806150687457
1.168280635910478 2.1617866613050447
1.1687935505426201 2.161292662359261
1.1679492249395245 2.1614347973501156
1.1702514986297654 2.1599600011572417
1.16889237836498 2.1588209715074234
1.1678697226565868 2.1493574559924804
1.1693617235860545 2.1592399196409153
1.1680144944336392 2.1587944838901336
1.169437544568992 2.160387426714791
1.1691787275339118 2.150183819036841
1.1704209019659055 2.155419029603756
1.1691050967395622 2.1599838139221204
1.1680630880480438 2.158706452751002
1.1679451424075027 2.1511992463390053
1.1699195610322002 2.1573900727296484
1.1674472182553364 2.151825287969938
1.1695805099212242 2.1576796747898364
1.1674400667983589 2.154647909620258
1.16790623183061 2.1570021025374317
1.1686280882368598 2.156072436607356
1.1688283300206308 2.1528318515517855
1.1690043545038986 2.1530844415959702
