mu sigma nu tau
1.3555422391829208 0.2836752726516683 5.013116224459821 19.258240437858277
1.4073656640930752 0.2670703469964455 4.338980739985818 2.4942003927535628
1.4807181531918934 0.25102753586804766 2.0709322332326607 3.6914791672804004
1.3672621898903752 0.3471745577322813 4.26406345368985 3.6419290237937796
1.3613414093235365 0.281845374000131 7.9140218228249335 17.88703472579254
1.342396984260791 0.25408637621854013 6.213315380474313 16.617440997716514
1.3256198194952808 0.2237561497153572 3.4544518568800844 7.2314594480073495
1.4525808908452935 0.3286838457679485 1.8506133605624409 10.96237745739524
1.336494595953262 0.21968952815131532 1.5672103637602777 5.826367663401266
1.4557471545291056 0.3446756901856008 6.5406138229775586 11.72565417634897
1.5233334090626085 0.36365755001145483 7.030988102299126 13.859670020089
1.501682233981067 0.39623686652800816 6.907323450991647 5.780100505463524
1.6175124531329295 0.6115684749568322 6.855300279097776 2.7921173867274924
1.601790045440978 0.5841019847477982 6.840438269659331 2.693622816161087
1.4643969059268005 0.3877393265791219 3.6530711495579826 4.662304566994532
1.4730309309795167 0.3414220818094345 4.291710643305949 13.581743851952282
1.4057389057732745 0.3019703253960309 5.40879511397237 15.903911329696367
1.4023578522775852 0.2503204059557206 7.0301000529216084 2.6682312724021306
1.3497825210980507 0.2308832034818845 1.6505790746546563 8.407825166660182
1.382831844156422 0.27746972258610153 1.4940690375406724 6.3583368004067555
1.431330296253599 0.17655676677717125 2.9954130940833563 18.483042721522313
1.4375163484661204 0.32692209427210017 4.326209402366335 10.244129399195813
1.574954221754747 0.3964496436667957 5.365196488598963 4.413087134588253
1.547099734742174 0.3522510799847641 4.833951962480672 12.600872990937509
1.4263906924983076 0.1771047221656284 2.2980276798022734 15.591989002172657
1.5328762428511284 0.3437291513190735 3.1379773502346326 13.473408486685749
1.5064374910869294 0.24650277854321956 2.29425191469617 12.059374109295709
1.4143190086202921 0.3093825210078526 6.402267179294303 10.785581759817255
1.3426912062521799 0.21994043151190779 4.196976320332629 12.949129999509447
1.5290324529170778 0.2733512777446921 2.5272080966143533 19.459762079196228
1.4780586817669552 0.4743302037020015 5.446609807428111 3.15454554479888
1.5081996517028595 0.3535905167737795 5.573743607755091 10.036960719304453
1.3958103048649262 0.272259354861912 1.8673091868901004 15.5947769400152
1.3466402526301282 0.223245823869554 5.445969623559099 13.144095626781464
1.3606034057991319 0.24750009595374953 6.6691481377145765 15.413510043092167
1.458379755219243 0.33134574734587635 5.724528148974995 10.203773653807344
1.3626532674812952 0.24555499351794088 3.9423083037746656 16.715296038040112
1.4529385059970217 0.3621696877088177 4.14673934521699 4.933172401379908
1.5592398842303639 0.46385094028620194 3.0067610746339333 3.0007296630563136
1.4820539749034054 0.3567814259125899 6.376737778386195 6.84037442013144
1.3982156606067384 0.4394010415846848 7.202419414492705 2.6942194967969693
1.4816195511313737 0.3217583940475667 3.1692239690038475 18.796058774263493
1.4612144293333234 0.2072118114135511 4.393424098937691 10.961504354254926
1.554208206857231 0.4451087416951279 7.9380548222332745 3.8423052561367763
1.3660038070022456 0.20211555649947663 1.7928132244780208 14.750399559604654
1.484979513034829 0.34362699654826895 4.4531585365151205 8.381787744821358
1.367619980825736 0.1697917246474521 5.568195040824341 18.525328576255507
1.4256083515367877 0.2150535773459544 1.4973579041134775 11.171416155235253
1.4830301112152824 0.22298399637668706 4.010776995917759 17.21103785995567
1.3636825580210836 0.16878477256601884 5.232301960966927 11.61522924983771
1.5063136708588112 0.4574765022329222 3.8607624627370565 3.3434278654147143
1.6051925180769113 1.0391291262017721 5.282165735816486 2.208281221325767
1.3860805447227333 0.26857342247627647 2.283676756151613 9.507965097848526
1.3424765563218868 0.18365849817668012 5.8644061373314385 6.389495640301282
1.3642646012157664 0.24872154716024228 7.862529325277815 10.925467108333804
1.4904086192070514 0.32703710190394275 6.706412215020093 17.928779152281148
1.4981153976720436 0.28648001754283664 1.9404168707126281 10.44006250560625
1.345820717597959 0.19204769836524704 7.950187780237959 9.546269009779229
1.5282544950766381 0.2842975145632589 3.540423648457212 16.765855515170998
1.4951211280649872 0.5363400472769214 5.416674094146004 2.779582451533543
1.4167089883720978 0.4357319843926009 5.352836661937996 2.8240518809806523
1.3594928529511865 0.24477970950304187 7.5122032716628055 7.947443046509758
1.4888052323771577 0.24506655884331588 5.051490297456144 7.591949198094014
1.4665098985511702 0.3204230887014672 2.712457330278475 9.25997338131528
1.5217003845088521 0.4051217200207314 2.6314612679859253 3.7076657162986453
1.5098002153809191 0.27209388908793697 2.3312106248989632 12.653039482966884
1.5241028340925171 0.3226566336523348 3.7423275854112896 13.68992841424107
1.5406401128093172 0.3374982308862433 4.595143538245619 6.6078787940997294
1.4627399523137012 0.26532003258380876 1.6569500740263057 6.841548996503411
1.4911119115003184 0.25949648792536156 1.921560533877496 17.562275906506283
1.4693022059007443 0.5138237031647591 2.751778365393181 2.2522170485061785
1.4077189610131122 0.2993846686665218 7.84921550941978 7.146527490670657
1.3656834515042142 0.2199002674699029 1.6991830801167698 4.874304959816494
1.5380257886368027 0.3309915322691816 6.017591303110286 8.13492785961819
1.486323261964893 0.35647411808488266 4.227856279519145 5.691301742476078
1.4614692255119004 0.47165939152420255 5.787527039276598 2.9096542443725033
1.4422766081868346 0.3010867647881015 5.1951983848602055 18.325383792066138
1.5168594489860932 0.31957072538150094 3.436721331257284 12.889087350272469
1.4910945961234372 0.31936977631144164 7.02563501554371 19.492269555971255
1.4912249333003365 0.34982863554438653 6.596001600477995 6.652742889137899
1.429553067094591 0.22663893005614083 1.5616897845562887 9.60154618177273
1.5089532975801605 0.32117598236146444 7.933480648864272 19.810425472358354
1.5261950154594617 0.28647013600541726 5.265526797321968 19.60131240493147
1.4341184154493782 0.3060222343546782 7.388852925796097 2.6826386646866114
1.4151864463779944 0.18412138029168604 6.759581667912863 8.236365240114656
1.3755442279220698 0.17740499434201853 2.628558930163643 7.743421022481336
1.3564252877846057 0.19329213087147537 5.879929959349941 14.685402551842449
1.4679284324606248 0.42151567943704393 3.225236753456982 3.252115934525052
1.355482421917364 0.2124470500588514 7.619347415533789 11.831152448064131
1.4524648689791189 0.20832222256414318 7.37405561500181 9.729613626233244
1.3642654489585981 0.23018205584519297 6.76822817735656 14.799945958693522
1.5136314413134846 0.27676858207715627 3.9140205798383727 9.591589134169011
1.5331997514423115 0.34953744899423156 3.9024332043226493 5.030753140646121
1.3703411675421435 0.27205410297375376 7.960849097676384 4.713428466972703
1.503920718036151 0.29544372666048646 2.492675610918399 16.43114817692597
1.5274113489095793 0.3007771101375687 5.270371166044772 16.73853782820463
1.4984312581699362 0.3295248354681122 7.949390559142334 10.374762057523212
1.517361465051755 0.27356004279281776 5.9822889620547075 17.835172751952335
1.358382324568709 0.19181883052228288 7.177493367467245 15.133733817153631
1.4308514970122315 0.18863313551267907 3.2073803786923256 18.916428438910888
1.39487201147869 0.26849924267833364 4.131736918770821 11.805932549478245
1.3701442895687819 0.180468440826861 4.759954361131353 19.715305711030492
1.5143706602612612 0.27064858589485136 5.250284863299198 16.382394202570502
1.4409571495157467 0.31247422038292405 4.991170454317513 7.9154128564504695
1.4518927198296825 0.2997426628920389 4.681017041918641 19.7720484197957
1.429497898514285 0.2913857992655871 3.1023715847970212 11.586253147623337
1.5181054228174324 0.29955167848654213 3.4577449634005877 17.38160014274182
1.4641030398254942 0.30114282859591107 2.687282343125545 13.738416764878977
1.4903546531817913 0.33001806093710667 2.947066342081368 3.171441835807392
1.5117940560042755 0.3213259193287155 5.413438358619462 4.0873319489474
1.427065992332334 0.36118918707347125 7.260048687153905 3.7211748667224467
1.5282619279426966 0.35223124696813835 6.179892792293273 4.045647998058987
1.3525299441697256 0.23192075934777867 6.490604059333744 2.9320743343291022
1.433688426770316 0.3139823507384763 3.7493558190974907 6.283606874861661
1.547373589672333 0.44763538764745847 6.128503176202974 3.171693865300697
1.3628213853201006 0.18494251125093783 6.020444406463701 13.85284390984362
1.3634287466935944 0.2171987150213354 3.6488982348393493 13.62976318789549
1.532802735668998 0.3473643908121822 6.665390946410276 5.2907742823750645
1.5233932401550991 0.2928758989922193 6.841319255439737 17.53337577581328
1.432163561481688 0.29439585310239813 4.175908990357191 11.472748207734103
1.5124400290616253 0.2920564382407365 3.1015345605875337 19.319142641376263
1.4458003107175086 0.28288791944300884 2.190543409921479 16.47117446823446
1.517977915628351 0.2889141756072444 3.8016265713812816 18.100101709559457
1.4833224045886895 0.4725705296077119 3.2499364904572667 2.8859855557391945
1.3788715883063518 0.25056934996871233 7.9244071386723 11.207760529808978
1.405235601606492 0.27339349341521213 2.999377851810454 10.255050917527265
1.4493631122068154 0.22325032357148974 3.1283325355438087 5.380893670370584
1.3692422137115237 0.2578605382015555 7.55705434713567 5.282972826573736
1.3820300828832461 0.2563558583801793 3.5312961651106605 8.233398451455232
1.515142854486869 0.4510349436617926 3.7212518242638084 2.643057322111958
1.4264837519585796 0.6941512575138516 5.792290044826865 2.234863945243362
1.5240616280723849 0.3103554306779322 5.799528329582981 8.91004933461919
1.5354031069306497 0.37997508916670886 7.280934583667418 4.210379766898544
1.4053837796162707 0.26883057086971573 4.859090893078724 18.91711119267646
1.5017978632507643 0.2709926385168221 2.5446233767732367 15.774093690769693
1.4010545573626216 0.276468834437681 2.2906276746834715 6.218914324310269
1.4568730182748855 0.21569757503451972 6.965097803993865 9.420831548292934
1.4869848935822698 0.27172658909153474 3.470064841185838 4.858669371464914
1.3563326425005586 0.2046857035615382 2.6916591274597272 4.779104312034377
1.4852901152603954 0.2562089048269236 7.347001153267844 6.360931260354995
1.433246497612084 0.298824428280113 1.939018953034641 5.102179116305196
1.4079134924646297 0.27793292547267306 6.24671256894907 10.916981540820041
1.3687208201338659 0.18522716692239877 7.4064711887005155 18.090410244811206
1.3700204360494292 0.6264498382004788 5.830533918290204 2.1398159932055694
1.5069752956440878 0.3034082018763295 3.7897918596682936 16.969221033449344
1.382721995694085 0.2639637405753709 4.079198160893451 6.370682022543626
1.4266913732888984 0.2912644267707297 7.128827070843812 11.0588073335963
1.3781148372924226 0.21088702349085292 2.154412941422472 15.791439397128869
1.4034741739140755 0.3543622369860289 4.694666989805945 3.219202708893876
1.484185312849204 0.2740845588843993 2.154343102851114 16.67176405998127
1.53225406536711 0.3816044352342447 5.35965581767445 3.8841477132242304
1.5460422900058721 0.8074445349836549 7.766885269755423 2.218640773487383
1.3676842639665783 0.2897959989984015 6.3545931857997315 3.3350097153369234
1.4135956399292566 0.19219627279999893 2.450026833098328 7.431622483114433
1.365493270779099 0.21283450749177435 7.799380073541364 17.039568547519238
1.3676484062646934 0.22487359095928597 4.7043351327822105 11.362309240181359
1.4100136764344442 0.3374321779500389 3.9610526926000404 3.60992836667108
1.4032002935885401 0.27776869016916433 7.2367057116548175 8.410424961648863
1.4314101203285623 0.2938276662193062 6.146985523038076 10.252939094470179
1.4668183792959526 0.35156209066204475 5.551749665925401 4.771200616018741
1.4570570939395815 0.2853631861984726 2.28072783445269 13.4745241202101
1.410557785101695 0.20999466564843813 5.79542068399741 4.080596029792417
1.4996909938093181 0.28446917998472054 7.580201717830053 5.536215891383762
1.4968049864191308 0.2613526699775552 2.7063280738859032 16.313031929943552
1.4443913428191086 0.3583698380256731 7.902641520077739 4.017541732356807
1.5076331194801567 0.30435637942117216 5.856538516366849 18.52813792638115
1.391304352765128 0.2322387421386213 1.733204103894348 5.295143133839471
1.4039422097270073 0.27763473563757435 7.436693796003921 8.426843359445257
1.5131538777533011 0.3083341587508587 4.635711889469821 10.744559531730998
1.498377069663102 0.3304246727709535 3.8521465786958875 6.675927502242203
1.5047577675606991 0.27167811643261863 3.4504725763555397 13.665032139263973
1.4727306815200496 0.31215260639453213 6.3540764991302625 10.462052199733774
1.5114589590446394 0.3076623693989992 7.532588167890002 14.049243050055658
1.4010669667534836 0.2615865276735132 4.433296554024942 15.99688659031097
1.4857469968666284 0.31275729952887005 2.905327568635386 7.803895136541923
1.4441812878514786 0.21884870028801687 3.130615747309503 5.7978511058440265
1.4120295576521618 0.183952450669469 6.917858982478329 18.601631106091094
1.4184482435283345 0.1895761216154822 7.890377342886569 9.772855977374086
1.408848863577005 0.19318009366254277 2.2199954917168023 9.26699488716001
1.4882403197690377 0.26009731301800904 2.3497635016184826 16.850170554468892
1.4983513838172047 0.26667191185398187 5.0823542648342475 8.79126297415527
1.3763039592392872 0.23285863419653255 2.599303139207823 8.695754263059689
1.4604880095329897 0.29990080956277254 3.784862027273411 12.169063968108679
1.3636362522843397 0.22698224545491152 7.226622824396058 6.904716718517957
1.3640478881996887 0.2256150109466858 2.817197092479917 5.404716695141159
1.5056650427785945 0.30330018055472996 7.557674303891618 17.91493999384194
1.44854888105978 0.33369538381907166 6.019552941069588 5.007617004262377
1.3611087923785616 0.2011650526655409 4.183343095246562 7.362485860075495
1.4807906753846405 0.3356058651797877 6.831943831369856 6.1202703799536256
1.4264130418114145 0.4923531651579262 1.9001347822480072 2.2257678309704203
1.4644947078573534 0.22335114116149427 2.619523680294579 14.108556247996262
1.4037914864888892 0.18640412234849674 2.880718206101338 19.15203245492402
1.4501382919055315 0.22698207389145364 1.9958376498665098 9.347308167866956
1.456176588626989 0.2347274486812583 1.9188151330563947 16.779144083118265
1.3673343735573174 0.21128001876270885 4.190791994773146 11.169997235274506
1.5324191819491797 0.6021343447017825 4.539161720490862 2.3973325198680824
1.508739136124621 0.3129189782365521 5.041136889768508 4.8208499918677035
1.413659697508689 0.27031016603350244 2.8247562948863374 10.509717880937878
1.4669696162092354 0.23274852605111518 3.977286004765407 7.937934746849626
1.4051735744940341 0.2615361780580818 1.9911856697787407 6.273723223298898
1.5115012247986805 0.3360558526332941 4.434535543902858 4.0596125502271265
1.3818858685948894 0.2847259006027379 7.163955199173742 4.046880230684728
1.4250961177763766 0.27817443802595004 7.424926744351028 16.815733480757608
1.5045568943575907 0.30626592387500473 7.984171468928672 13.05383673534618
1.4622513071624201 0.3095468226759943 3.7767497786642257 7.825406727296754
1.4944450149213062 0.28774677861639075 2.697575720436091 9.030764580097246
1.4207358276986919 0.4260372161911266 4.708239003026682 2.735976670517494
1.3962494875363303 0.3135437814847946 3.119895065612681 3.531327337541631
1.4825484626786163 0.25066196388653517 5.883020482744367 8.113179944035943
1.4884599452065226 0.26500808205581206 2.5062541394562103 17.904655418360036
1.5094447628845313 0.30568887030289654 4.158992019761521 6.386195442527251
1.379295868337096 0.2286083377629315 3.926123084848023 17.052556633303798
1.3847359432601678 0.21396816996209922 2.047607242812169 8.618938018160096
1.5287774086250565 0.4214331263863955 7.293399080659249 3.2926060467691194
1.4755387908708868 0.2315901566624458 6.398553427218242 17.034508085092867
1.381830688852022 0.18495072350612077 6.079501646897525 17.744464260940838
1.5142169563611017 0.34652256996015013 4.540791058299483 4.7551237681642755
1.434791516638819 0.4445092059577516 3.9422594568304286 2.7227646885621635
1.4964619064819429 0.30601004653070674 6.217366648901518 12.412535683546183
1.4241028355173855 0.4365190857431456 2.7309959597678173 2.6305683469053087
1.407839023693077 0.2984298970285595 7.709561191583679 4.970958126455704
1.3631135522179385 0.23847610749188328 3.052339225405534 3.7988106704321525
1.4233060738375336 0.2860386434664249 7.252272399920933 8.954929829868332
1.484989892437543 0.26587469150968285 5.6733162387219505 5.939832448105305
1.3918893476028562 0.25655814825665363 4.63090472647338 8.914744486335184
1.4857939988314341 0.2914284810350837 2.852656927495813 12.00051171558718
1.498252638708796 0.2683245532687627 4.756383818746172 10.491611246807294
1.4138908899060985 0.188094940315826 5.9235516148404805 14.529912341214935
1.4962726181910324 0.2929871392950656 3.320261564692167 12.166159309015768
1.4412487681167163 0.20512421886981813 7.264076419003462 11.843769892650059
1.4390158554686416 0.20173467386613358 3.1495329533015 19.272273292807196
1.377251996052156 0.243226968788225 4.451215243253037 6.825065311105183
1.4074602994717877 0.412403721623338 5.995578376128945 2.691388335916537
1.3933175244379012 0.2465545003310719 4.9718647916439735 18.901317318181704
1.3724363493936096 0.19778932598436114 5.343897623468591 15.863323462927111
1.374612146603344 0.23823511761683822 7.42721285108756 7.385431554483816
1.5064518518262968 0.29900742487335585 4.696158946593727 6.719799760486993
1.3687204224478142 0.20897533195706666 4.363286564685849 9.599656981208657
1.3844120064639118 0.5033496439417114 2.4050412740592755 2.2250321779496494
1.4759531004114823 0.30980820510457063 6.329468757289277 9.157535532200203
1.4816063454154853 0.30758059480552985 7.784034322786738 10.581451071218375
1.4098693315314081 0.18883460077510555 3.452778217793997 15.024806512816097
1.504763628806937 0.29285293486111835 6.044543257686533 15.301121801392929
1.4735828846270216 0.33172044343571633 5.04527531684753 5.550328969365703
1.401141568841262 0.2564348100045505 2.9570020005660913 10.138696743196892
1.4787835620526046 0.3107610911268298 6.5150638903452265 8.954881636644437
1.4146140749967928 0.19479831332549125 2.535342644215089 17.7158255957897
1.4804484672867506 0.24196576194271954 5.165943069047092 13.130082106143531
1.5083385923446468 0.305470212741501 5.7373756999782834 6.8808628206013775
1.3980962205038114 0.20444383116633463 2.198435481495593 19.604766249901214
1.4119814472081096 0.1933989789111035 6.776445873968639 7.550666176078074
1.4706431495242656 0.23311709409302298 4.504334476134208 11.445391836943903
1.4462230518969976 0.2838518025125592 3.2947589649403977 13.145304341692718
1.4976051485057906 0.33534123914527314 2.9042430306935847 3.8842899789455396
1.511943104172536 0.4112819219533045 4.796267479458495 3.402214361307638
1.4843021542367958 0.26003960064152676 3.5596067905656565 7.390914353457809
1.449128737750553 0.29295878179956597 6.757561797729043 11.563290703073228
1.4660778359647706 0.3031747245892634 3.049350263685574 3.2559508396881798
1.425688081803926 0.26915136235056253 3.535540702088034 18.802466937685974
1.3756860611504278 0.1916860276176157 5.06585742873153 5.298739171003264
1.4767196175910007 0.29240087168065576 3.5888492841206463 14.528740927970922
1.431375221570038 0.2779972167150785 7.271269829261039 16.311741299508803
1.422400227041746 0.2391244595932298 1.8345687950299387 6.282672415065301
1.4562963449757025 0.3307927713526337 3.2661171052289495 2.807503688568238
1.384879127316281 0.24332423041597703 5.678778484080754 9.579376765768584
1.4009639476983695 0.1860271415887266 6.013213310449139 17.016941453803703
1.4543117540169226 0.22309623871022563 2.261468056252722 19.986066148513547
1.4118358283927117 0.19048762926103902 4.508592238210576 11.33683567456186
1.4223331547924534 0.2670001323230761 2.5972169064102593 11.089760807371317
1.3856963524875767 0.25073796132478765 5.097238635051223 7.268910281129438
1.3770455137540134 0.24903770828461244 4.64675746051779 5.3424437563229255
1.47228001488838 0.32797903445787363 7.943144119800263 5.843733833399243
1.463281419652892 0.3608543395054804 6.118079203236229 2.707589772372332
1.440444829988683 0.27904464978384363 3.514838977374131 15.007603823395003
1.4717230954189258 0.4000980399882099 2.946974773896315 3.1763606346287228
1.4535886246882734 0.285376539941216 4.360023890862479 17.176632831508353
1.426230556705905 0.20188030076425845 5.608806313038401 7.897842579760701
1.3677930281000523 0.22504592202071197 5.572707160797774 5.9799414650096985
1.417332802761576 0.2625595086503769 3.7927322413085776 19.898322039808644
1.4418749504445418 0.20599351741346203 4.400077527934961 14.593826238488164
1.4280068138459545 0.4553282970123874 3.808631710397458 2.60121808752622
1.4828922913928402 0.29275650502297945 3.836566227431764 14.259883851149514
1.4217032390174578 0.3374840845194952 1.8816793792495101 2.7108668039407235
1.3731843661417957 0.23527269929343014 7.049580662288447 6.471742852713991
1.444255869517499 0.3004753409544696 6.662233720683156 7.58625886867458
1.4672594668023233 0.2973152573426349 7.430035906241689 12.366445464551013
1.3855453615421212 0.19038876097753904 6.201816352877568 5.839237754207753
1.526689532505943 0.804177879228828 3.756807913606764 2.2017710010784612
1.3815540982604295 0.228186647808328 5.257266880873551 14.950094668720252
1.4130347002270565 0.2583059660914258 2.3904995205952 9.701967159128028
1.4602685503512707 0.2867941120672756 5.247887537843615 19.609170862495723
1.5082757569670244 0.32887100658248836 7.157208712801392 4.595122887298716
1.4749140981931688 0.3139647428073206 4.958552410369311 7.0868245970900485
1.4259747542291543 0.1975716142257503 3.103760526170863 18.48465989791903
1.4308751649402924 0.2793927483625849 3.4551516718702224 9.849284835217478
1.3994887822754543 0.25182933883862296 4.405221146237889 13.16075485392382
1.49662781091139 0.2775482731381472 4.041447415529461 9.793457676588856
1.4623314657197435 0.298785776146543 7.068082553200881 10.258008760083305
1.387606852710137 0.2381335605093149 3.9209399102945857 11.614760974326376
1.4122500238589049 0.28397435601439736 3.080552685020854 5.438042503464498
1.450017214364148 0.2116803591660251 3.7015895344294236 19.781484788008434
1.4444449149587497 0.2838423865888947 7.659510178024023 15.117416588917527
1.3851471151342092 0.6272313754405553 3.9994904535621907 2.111811232226976
1.4977566391260386 0.2771974937400527 7.106148327910989 9.373751274336275
1.4560450307186605 0.22863372333172827 2.5108297349609625 9.919056779403874
1.4548014048605982 0.33082893846257744 3.6341067267072247 4.5477536009055886
1.4311609603108932 0.2770020732004633 6.25091515717459 13.47809900280967
1.3853519655226587 0.19033013439361832 7.297576753446479 19.019050992039418
1.422818043125253 0.19477809774135024 4.560957882168802 19.768309271907913
1.3680876453242652 0.23469665061530828 5.124897363033805 4.594167790064582
1.3769765097530473 0.3122934175979123 2.6966145796848973 2.569480464052929
1.4552719000038667 0.3984210563004485 3.841239865808415 2.4912544736852547
1.4242072616329202 0.4140205757848767 7.499570395240348 2.335435389127204
1.3888944260678637 0.18766542438324843 5.7841280788827065 9.8089365431675
1.4972242140439533 0.4268670813544729 7.776700801389538 2.7006381553306786
1.4465074303420127 0.30948524160081464 6.4976358694230525 6.055300164925759
1.3788726302754228 0.2335959877061653 6.223095511709856 8.211485518290846
1.3931913824798987 0.24114961335485408 7.073605385854226 18.3542581360003
1.4118395248809716 0.19560344135860824 5.440132126132514 7.7795861212076325
1.4270341622577232 0.2736406314993782 4.628220318313975 12.485706118780556
1.4305607435058094 0.9239533194681058 4.21367330460118 2.111532529884343
1.4376399029881775 0.32123715937134034 2.8880214489435767 4.203371763902187
1.3904168797094956 0.2377426113116391 2.687066143327914 8.784043095547007
1.4721051569486017 0.2517511998212192 3.8511382768927342 6.519795333501097
1.4189218588660242 0.1997683744024453 2.677686327414796 11.406675128960575
1.4923214398920366 0.4283654221385963 7.022318423311697 2.65114352672851
1.4972989048559793 0.2827868739848146 6.238818034550823 19.139505988494182
1.4009597166553283 0.2635000201699847 4.562830871562132 7.385690807776285
1.4112014036345402 0.19571004083848456 2.810090025536868 18.685226328833217
1.3778635104012908 0.20474433213306675 7.976846285414915 18.27851252256774
1.4041643710822704 0.27865337811152785 7.692242474450408 5.741978912755123
1.3975017241428396 0.1915000453370424 4.25269318474397 7.590241403432751
1.4927501384282038 0.28842680367440093 7.550642418525436 5.571235991684724
1.3993384810813159 0.24848968606769986 5.019504156223532 14.533086299894167
1.4428276251939054 0.2811257522240758 5.311756499347655 14.021644060479531
1.4885524063703417 0.2843613635276128 3.201975215253373 6.204702373340066
1.3902364814178105 0.31544121444617745 6.6956066549422655 2.505737951273414
1.4359705742935225 0.2034515381214955 5.005373049579021 15.894101469413393
1.4682024365029702 0.26540469378899767 2.3563670027783608 10.039985157750616
1.3861597985484333 0.19220408196683825 5.782971743475195 6.125261482755315
1.4259680690314247 0.20268366868169232 7.726948382902613 8.48367627142654
1.3743511193791935 0.3656669746934818 5.547287251056253 2.419177810914849
1.492039646055943 0.3750870837979214 2.9340017785824433 3.0897925328483473
1.4840689915779712 0.292983949903918 7.636896255812316 14.579441065082817
1.3907283882680839 0.24677264044608285 5.850435411261229 9.047289931096856
1.3915624026041804 0.25609848238099275 6.721431320802274 6.833207655307175
1.440318446140855 0.2059053570322268 7.071768943965063 17.862191687837317
1.40049424560999 0.2073977967636541 5.235426643238678 4.455275970865549
1.443453903667704 0.27279658800069795 2.4775650766431423 3.4321760407264765
1.3865709318664656 0.2931850929206469 3.168296746945047 3.3689382369666374
1.3779447899356587 0.25165445360055416 5.240778096522553 4.722635192688647
1.4452244469338194 0.33176065644029945 5.36985003660612 4.357617654601096
1.4469406814338013 0.2523920619887482 5.929297632509798 4.084728814226807
1.4686984375115835 0.25686835656939805 5.764285346759913 5.4273217570796115
1.4287700230284133 0.3499210240193587 3.5397586440974003 3.3830080019291344
1.4496807673956495 0.21940067724946183 7.470029838902246 9.614178491227639
1.3705365721829939 0.21021269084879327 7.99574011560115 7.407228994456428
1.446742196177199 0.28372668076143914 6.886288084498602 13.175303239970058
1.472947990789359 0.23615619214808115 4.193518949052744 18.191978921915997
1.3818855623394042 0.22177714040537452 6.634361581477688 14.825367459264234
1.4206980400919575 0.33183492553136895 2.0792097490193107 3.0174381075749537
1.3871478417261636 0.33028859365612245 4.274097745386407 2.457586463436146
1.4590923871587642 0.2837851691236488 7.044579705682969 18.27006630574724
1.4469376401645453 0.345784996464549 5.135121136164089 3.897013118967137
1.4149386033738969 0.274312774650898 4.199853853097004 2.913456382714842
1.4027850397800348 0.260399111628885 7.987316479299166 8.792586654936343
1.3741678953362153 0.2365390575061563 4.5523194867290835 5.057173116016779
1.4683199398967843 0.23158453466613305 7.019862398909242 16.67870948177399
1.4446232839084554 0.34390865238075163 3.5646948954225826 2.6586172037079536
1.4736285567532557 0.32446487995745565 4.421674221074779 5.3196570756726365
1.4983818481613058 0.3506404134876471 4.090893914640952 4.071879440421933
1.4583991257077709 0.30404402514523676 3.500937121286193 6.3235500458619445
1.4085610932276151 0.29330339326991695 3.909516803794377 4.445884210724476
1.473405413187141 0.28357832521160503 3.625656861527628 14.559709831311366
1.3724830252516098 0.2614139948776313 7.479971348484013 3.6228110179837665
1.5010819414703769 0.36684704306264404 7.489002688894803 3.989512866316193
1.4187244536043795 0.1972379963638409 3.310887953376916 18.850005774947224
1.3736822221901275 0.2280467068626417 4.8811167078835025 5.783507115262706
1.4588191511289823 0.24635511322298576 2.2758364466867596 19.121326884559647
1.486098379860986 0.37079425218426665 5.511366245466586 2.9470752182376816
1.3691491157879812 0.22208466257997034 4.42422699298822 3.955871679322031
1.4336663617273315 0.2178452056128804 2.207997116289735 16.17082620960514
1.386652699274026 0.22296744969963597 4.656214986766139 18.181059517913067
1.4080983668015197 0.20106292314703014 2.580979880996811 16.854917276993675
1.4230353253519439 0.22821408849777053 7.610244468113044 4.2014525763538515
1.4769377075580894 0.30750749757779305 2.872573409722511 5.325078408184945
1.493388660511457 0.27165738891191304 6.310512218717474 17.850398553911074
1.4764231303501694 0.24800199690764904 4.706200100042407 10.347456917475887
1.4395444738628944 0.2882125876234722 2.8465826267562258 6.389352368099113
1.4907945809867713 0.2655676351784116 7.477981630343823 13.293372566933622
1.4104489211377595 0.2647732060744159 7.248220343584353 9.370127427636888
1.461989331304344 0.23328165467769763 3.336943524526756 10.144092139030715
1.3718971182872 0.20650564360479573 5.080549764973723 6.044635164630289
1.3951280711413647 0.2647951455019857 6.816527682442077 5.701681447334632
1.5150412466737535 0.9965786871236493 3.578118862618884 2.1185727180038474
1.4463582188767243 0.23692359712325028 2.15813812472249 17.36505861662969
1.3824028436094469 0.314190694868699 5.918963962109384 2.9709002762953185
1.3921739631588537 0.19394715561395495 3.8156880360405165 11.908757889791376
1.422553527813979 0.27221300540115767 3.1599153818701167 7.819437362353094
1.5027567314661092 0.4031365460072809 4.921184450580189 2.9898090219068543
1.4388646877947715 0.272964832965477 3.356829429175546 12.46802332694337
1.3987323195995405 0.434193795600068 6.026290323055405 2.4693254216349776
1.4790221336708056 0.2834449254529705 4.861573782465291 17.731292202149767
1.4963414232666317 0.2959504911145892 7.826043075228775 6.523329964852724
1.4472665481949027 0.27812460796939553 7.436286474552345 17.23775102269072
1.479097699734103 0.2737723118517293 2.897999741214053 8.532122049696445
1.4689413759705237 0.23483516169564997 7.158042215094186 14.574274188410989
1.4192925508851948 0.280362231652521 4.5707701370095695 6.528296496631269
1.4033135894105553 0.21133456254308075 3.959214705869356 4.470481693030051
1.4446692840898527 1.159947787609414 2.4169989407439703 2.0622527694739032
1.4564897608721266 0.2242537040646217 5.4497291970462065 12.199720416692427
1.5170160789672766 0.56807417236545 6.293923046718068 2.4518152961328514
1.4012855357285565 0.2444317058199209 5.30077159101959 16.683418104576294
1.4560338760641214 0.2669152199976884 2.357864959787437 8.808070906093363
1.495559807269356 0.323622724934515 7.022414159329437 4.137612620930835
1.4203687734483377 0.23391105321679512 2.1247750631621645 13.36374561839492
1.3935755282976385 0.24051224893444992 5.333626095129654 11.365453481270384
1.3848516968330107 0.2281121875325988 3.953605764907321 9.3451782554322
1.4621693681355437 0.28332851867517606 3.1412167084063602 9.903653238308198
1.422265122409136 0.1988641236772431 7.719768330223099 13.402889334460523
1.382241792061968 0.21199842595851315 7.435940174014867 15.707924145465181
1.4275097928838754 0.3493185936244358 5.143472945283211 3.3904547448964415
1.4732641209346586 0.32317947993556273 4.2591020359789855 5.13939476508069
1.4917059541853368 0.3251079549568066 4.600834674830053 5.030350717136576
1.39207674735775 0.2504702466869426 7.36271164582855 7.169153871154828
1.5010370334210692 0.598520618555146 3.2901025360379355 2.3845212536147495
1.492558713527929 0.2912370040751636 5.442762649083439 7.990132043927446
1.4738804434150894 0.29233049756911295 3.815820978657526 8.790422907354955
1.4870574524109337 0.34024774185725914 3.165777985752209 3.8120360989959687
1.4911896703128737 0.36277262210423855 5.586903997921508 3.927250068575324
1.4447006970960596 0.24565741753442083 2.5242986790368658 4.809967766158144
1.4155571889862777 0.2691793941111121 5.776891352883711 8.323212893952606
1.4109386693422692 0.2207175620959418 2.1505722446208013 7.580655217050216
1.399788283065151 0.2725855480035241 7.649457618885822 5.240279999014871
1.5297693138029484 1.862080903742498 5.659287318817748 2.041457491615376
1.405547618295921 0.19277313593808842 7.94678658909796 16.331783054969424
1.4791880039142398 0.2884055201281449 4.935133046607447 11.359965661807452
1.4749322323821996 0.2484330911059001 3.2995233734302203 15.98413266572596
1.4659856566204525 0.28461790293909534 6.565347226203687 14.25637308777237
1.4521284756264743 0.32915201939391014 2.540289989597741 2.909558786147394
1.3860890935177896 0.20661570458415515 5.331347963140127 19.994598553569762
1.3919089052116427 0.2607185030188757 4.811109582698005 5.175565287521604
1.4150635955281237 0.32769034222200977 5.14552839652195 3.506819644850131
1.4715982587260543 0.275657712767962 3.5783721657894363 17.25559814505675
1.386638912624989 0.21763644969382479 2.5529416388533823 5.749407984034574
1.4456886553483326 0.40357533306335125 6.422162923210478 2.4626829002500368
1.3916350247410358 0.1978257718420129 4.178776947491396 16.324793090947402
1.3819068414471753 0.22607017763167198 4.775482620727997 8.000089299047657
1.4808605689921772 0.2820717031204419 7.765627405036562 18.71160719405652
1.489521680095172 0.27630017002590257 5.820910860830466 11.896702342469997
1.391135623301739 0.2103761894110799 3.6442066357050624 4.414890177445638
1.393856808567202 0.7491100048930232 6.248789867190556 2.1047667280849782
1.4856235934041244 0.2896422265462539 3.719897916899885 6.7788259349154245
1.3985386441092071 0.2244216393679776 2.4611575829562033 10.363550603111758
1.474683313688798 0.3024657457224515 5.889584298032118 7.418646505581778
1.3943622394483348 0.2309729706541774 5.946470570627521 19.780798567976664
1.4051205175682897 0.24543623738694548 7.3424976517105005 19.01119845678344
1.3921135151028963 0.19586697482588325 5.905907409105948 17.302244202948785
1.455589434884001 0.27790649612415613 7.859467973609852 18.473187700232554
1.4407790220858432 0.27743109001125216 7.464666954026983 12.020822542197234
1.4530588649124123 0.291649654220499 2.9503098001737023 6.290571662323732
1.434438787358912 0.2617080909329851 3.3630179440234116 19.67921814449902
1.4791718170584587 0.28100307752511755 6.121183935793576 17.575611454346507
1.3851627318257127 0.27641957155381325 6.457253445018468 3.7361720515653922
1.4843961284459266 0.2863246795714728 4.2833047651349725 9.213254953628203
1.4596546849330148 0.2548455660363142 7.12384757266861 5.057863919435686
1.5240903122052527 0.929558701909907 7.940517278697536 2.158139097907598
1.3969108162893749 0.23472248150727834 2.2897016318032293 4.019537703211863
1.4573383292903443 0.22945991796047904 5.815009684875001 10.390699054832973
1.4727238679995636 0.26537832427908414 6.013234440374265 5.6556504430882715
1.415388901393435 0.3215889034492498 7.482129157340194 3.6661530398745388
1.38164708611609 0.21935455010276894 6.82855171619681 9.636571490423988
1.390594872555543 0.21991259698146992 3.480970344455409 3.901397464665692
1.3997387253483866 0.22949485032988595 2.312448515420162 7.040980542569809
1.388029139631356 0.4973042729039592 6.516523983712076 2.2207432989446914
1.4694506505989717 0.23627649201189774 5.406070079355107 19.199465915902607
1.4798855216125721 0.25079814219309954 5.178572723286048 19.062234139238722
1.4471822744805802 0.5563597285225033 2.318407423394211 2.2436250825508672
1.467053679529989 0.28511799902544216 3.614686118355557 9.54940777092017
1.44097502342896 0.6335173702184242 2.886207501340041 2.2426135650541195
1.48209977383214 0.25423674123954454 7.8432958014415375 16.754381718946924
1.3831755922772189 0.21074478404498942 5.275464207481567 11.859399136324985
1.4062169773288975 0.26809652441936427 2.2891473089284586 4.176606673293218
1.455146678338466 0.23718892220488114 2.48738840063063 18.70114357387464
1.3920877888679004 0.20653549379420866 3.677734600526736 19.249323043252915
1.4852878482414513 0.28389679141496665 6.957584108405232 12.531546359485466
1.4523331332614884 0.22671429630285952 2.8575629833659835 14.201054337118102
1.4663329415749888 0.2931596547665306 7.1536496606390285 8.97258737505759
1.4832147594257132 0.25691556069308696 6.303918188721049 19.142232527938795
1.3818926472338164 0.2383209571363282 5.606177296596053 5.6457530331086545
1.4602201593735562 0.2877884331962092 4.7233056838053855 9.293609112111728
1.3811037602981313 0.2281383401358208 7.977010642432646 7.1425023177782005
1.4070798027977314 1.4439817060090838 3.5923842022244887 2.0239859630050447
1.4658434312491946 0.236759357253052 4.3853372686319885 13.149786140669521
1.399991404886061 0.24560627609024185 2.3889053698858227 5.453192435089306
1.495992547065954 0.3904941983234049 7.914957189521743 3.4152977292935214
1.3953694636389788 0.23023133245246744 3.8445612093892123 14.291341045478225
1.4807100492334522 0.28429677305613454 4.366949116142392 5.239603449900407
1.4011181807610873 0.2549913770124819 6.9044195470332275 7.708229693807844
1.4891710370060665 0.2892156790577926 7.733833925775149 6.654671340725063
1.4844764241691613 0.5417234159174215 5.9640785676858785 2.524391985815725
1.3892239993369808 0.23517198570319928 5.845665790908309 8.56197708256723
1.4841231429973227 0.3098100475868306 6.817162205792374 4.0978535435175125
1.378299870108815 0.22314065104367997 4.255230367340102 3.9391465571544213
1.4614835646707474 0.29490240438696236 3.8550941698862626 6.920587941195826
1.4338276162701504 0.33360476091882063 3.569637171334259 3.6156213656905214
1.4210129088759453 0.25681451638649305 7.601205358890157 19.37877302479275
1.4410064373159126 0.24321514059765595 2.371598819211814 5.632453532782025
1.4756929668628591 0.25744578677353464 3.6479691705198753 10.681517440048395
1.4179386378298124 0.22087457345149472 2.3349129117850826 16.112824364931292
1.3978401798723192 0.23312299000112136 6.713478666554441 19.5015783493535
1.3935216603178073 0.20280959892536368 6.323042087084271 5.501714027172694
1.3934889062037004 0.23989349731439003 3.6544301119454405 7.5723636003060815
1.432137771685814 0.24979845112788618 2.5603531265412998 16.79598347166782
1.4512678557607601 0.2847440264217782 3.3470719802069615 7.501513683362765
1.4053276255519571 0.24689921301689846 7.065144860907288 13.280769235392507
1.393920767348828 0.20913943342225558 3.1446373803610728 12.891076754427253
1.4184088532452621 0.2646991656043388 4.896538501937166 8.890561689250296
1.398467546872591 0.24039208460930747 4.035761040518296 9.977582855311276
1.392106943435131 0.23005766732626176 6.077970550729706 12.411928578914736
1.3876840637444479 0.21338534464141315 5.258797683118646 14.460709701674478
1.4816381231621139 0.2580359972390704 6.734652828568991 16.2648535942324
1.3893090060485824 0.1991525966880875 6.100669515337647 11.915017689904172
1.465081398333008 0.2993069802248799 4.696915758100785 6.706163097197219
1.422333483538175 0.432631165174715 2.351622758148331 2.4367266003246217
1.391408139484093 0.21292747840120224 2.9113746980859885 8.506560012945407
1.4755879505866565 0.3120483868462947 6.365686276887116 5.831836102477277
1.4582665465981646 0.30986294841900913 5.845325863292695 5.5149584010366945
1.4645772347901622 0.2437092653516246 6.202627714095998 8.325422666351242
1.4805850153618567 0.28473320734158325 6.198114624351312 10.88078748582735
1.4386234283191819 0.21055533456850273 4.47300961974232 19.906325687033455
1.4091496226929068 0.2890305632791707 4.968496888001779 4.3849692478000195
1.4463554933432339 0.2392096578113226 5.151907271093214 5.345633193864074
1.4226347872152956 0.20184477779921856 7.210518409233676 14.548194542471347
1.4270198177619418 0.21869198069276172 4.440163642061506 5.814415018601804
1.388254037343899 0.24231769475159562 2.7370483196407185 4.493063762529483
1.384819673737102 0.2109022599231581 3.7491740497469817 4.870639166300142
1.4206721934341207 0.26756474026128857 7.740036876895249 8.989039899342753
1.4609754584627919 0.2743892113332619 2.602132113842134 5.20633354271281
1.4130254262453334 0.2551859970336127 4.801785617589501 10.79167838398764
1.4006269390924106 0.19648542770344904 7.144475072398263 18.55205843139493
1.4639007877769248 0.2345389388078732 7.358304087878238 14.33444358261348
1.4277175430510953 1.423458605271246 3.13201542168744 2.0375507521456506
1.4775528678234862 0.25561761846062564 4.1961019263727515 18.44169896108356
1.4741455612428058 0.27919406484407217 3.2537054371173584 7.333687584893287
1.4501659282163133 0.26927545916643036 4.4282738995966415 18.68196289104715
1.4698531851454142 0.24493406757023709 6.450375190735343 11.176395809388465
1.5083091012962404 0.6225317712217164 7.534138486164807 2.3428654158312843
1.4584799373169974 0.2726831210780296 3.3164430296694256 11.924543484382895
1.4532681023248566 0.6850690340484461 5.228199495707951 2.243249466053507
1.4257358462667606 0.21021924260949504 2.813989632773008 15.35875794863906
1.4814234028810533 0.2674838834136207 4.991280746544082 10.418365234860204
1.432116770591462 0.207810620562502 4.202866910663515 16.900182971612335
1.4655215933703867 0.2938320187129707 3.1920685500041133 6.00796597992696
1.3864087537298806 0.2530868247978985 5.102408653738862 3.1060268546845586
1.3996105116309485 0.19702907488019297 7.416010651577154 18.317287235504317
1.4566244427652195 0.34579198667458 4.6112208899556215 2.825088546316286
1.4278299746149616 0.2645452632284938 7.725210628258811 13.108970929161393
1.4244349144729147 0.28044267450232285 3.2141392043935744 5.513516935929183
1.384137978795803 0.20500360378363638 6.530746500450108 9.649216220216438
1.4567718993212226 0.22591689393637668 7.893404783071161 17.78260455510655
1.3869701185234133 0.21469435834912903 4.702566685862351 10.802005681037222
1.4273162172143592 0.2562898244995561 7.937034414165931 3.540574669270537
1.4686906420912988 0.2789755733346638 5.79357265679771 13.73327427622345
1.466113363831147 0.28389794228187865 7.284431878428858 11.108113616377242
1.4116577078041104 0.20629594376010485 2.9591887020233782 18.7252642298128
1.4654035266391188 0.2806271736327096 4.390602663635452 10.792861193596522
1.4039264123144257 0.25190368208815067 4.633452552758783 7.941448997261148
1.434412155606342 0.2816766634024451 5.957998745832196 7.257626071335334
1.422154106855864 0.3751239279392146 2.3229334515973905 2.6098982235298864
1.4607800424381299 0.23609036327487376 4.742696526425226 10.879422820788875
1.4315462834107178 0.2105269309237651 3.2635877996315728 16.343054804436758
1.4040898337233352 0.3439962401907687 6.850562344854595 2.9754754034454565
1.387788356170637 0.2185764721974386 3.398530666432739 4.371503272096438
1.4078539988630436 0.23535325654618414 2.9334753604973045 13.904093099583136
1.4814429354206744 0.30470103984975255 7.180099115662765 4.2642527770119
1.419920101286375 0.3554991919895453 4.3724146691328105 3.0546328093706068
1.3911973635575339 0.22416613552756737 6.414415614057961 12.764291247076695
1.4554496074192196 0.2775635816566745 7.673523879620261 13.045398603769943
1.4289301835728094 0.2289916180796183 4.759361376060879 4.895407246768803
1.4694166052611237 0.2773803629284494 6.809601342071755 15.305226153011247
1.43812102335872 0.21338092086639254 3.889174284271084 15.616663272723665
1.4611672356255312 0.23271383972245838 6.474063021887062 14.878248026902288
1.4332990278276128 0.2448771288993327 6.284631242250359 4.146431755497886
1.4733418486156222 0.2832688718451283 5.238956729940807 10.122317024302282
1.4474622395463572 0.51342693914984 4.364448013459572 2.274517623306496
1.4757345000745654 0.25232812686084943 7.861100715062843 13.900536002390794
1.3925162352373965 0.22240883100814998 3.0699118335254263 8.0477179922927
1.4188329043351808 0.2567957036215943 2.290662494888449 4.986984465380139
1.4461326220886517 0.22090285170186508 3.4623502269777746 15.926683920967784
1.4135511761487178 0.2465954098073363 5.489862602795406 18.206968478973387
1.3867755182236863 0.20739513992699182 4.574489128730906 5.644109103652539
1.425111249964888 0.28044701554293555 5.622823283965884 6.1703249354126175
1.4741945070776752 0.2517923422223192 4.347357934940494 19.78083789986135
1.5048753673351225 1.6711049834709577 7.341200136690955 2.0391556095371963
1.3856988492810476 0.21104204535903742 6.703511939400452 10.370328442841648
1.480098718085547 0.26580961408888215 6.762341502282019 17.99997142506305
1.4790527617336904 0.2580188994882195 7.947044432532714 17.048316115281995
1.422805047998943 0.27072825923181376 5.7744055255872695 7.562251817806558
1.4002134976630103 0.2080037910192462 4.585802950049991 5.505244555633208
1.4033721011549098 0.19830863270109417 7.491688234795252 16.499063130952113
1.4363626893061048 0.2262610454650297 7.293992725311919 6.1207223148240075
1.4801759175845017 0.31665955367475845 3.9197141939388223 4.451762992160094
1.4647791665340488 0.24206377362247988 3.725772766452039 13.342973890770269
1.45452941651635 0.4207188540332084 3.8982982090484537 2.8123126045416127
1.3888015177807027 0.2458862088869962 6.997833664558363 5.500694477840272
1.4407021272747145 0.2963018352687773 4.6402871105116 3.1097029685564204
1.4810792125413235 0.28571596345273087 5.660618466525067 5.870627619352174
1.4328696936978618 0.2830180242514819 6.29164646321689 3.170576829009291
1.4188284917543346 0.2045009902937392 3.7115007112115066 16.328443832287117
1.3799259584428645 0.2316119105789444 5.200004602468289 4.753860970090601
1.392678590140003 0.2721456291500567 2.8429200276113473 3.4590129450489515
1.4064963017380525 0.19937863815108875 5.835284351479517 17.965989866772546
1.4084479725172827 0.24441774532150265 7.5303297475508595 15.03810162483455
1.4071133168523642 0.41596924490943993 3.829058954592116 2.330920670940662
1.433098271445975 0.21495599404344173 3.0063390674518113 15.195319640356706
1.4757591433730797 0.2747241299173804 7.120091735944323 15.282735980527102
1.4693169708716316 0.25098010588925607 3.992122802274878 11.066659170050874
1.477679964101136 0.2631669611270258 5.4880886630547865 17.715138452718058
1.3916434179554225 0.23217326569309193 5.231038770413257 8.264132298090416
1.4163006965959148 0.2102524388740174 4.400547859462236 6.727818190350575
1.3824752138599814 0.21036394611529136 6.658538179811882 6.121297707878771
1.473167316187117 0.29168408880738483 6.346906764641467 7.737057308226552
1.4182920081796517 0.2774391024249237 2.75308210593327 4.6002370706458615
1.458635727840424 0.2514802872022902 6.722000902113929 5.873658466020579
1.3926436079996463 0.2139822321954615 7.462891638392385 17.677264919871096
1.4601832499609053 0.3057580266259911 3.2242925314779898 4.713440914297447
1.4570763048831972 0.38465574801411945 3.058204372163259 2.9744325871751043
1.474184981608123 0.26041264835231526 4.339296363764007 13.34097266078521
1.4668444180663993 0.2870069739105647 5.183617803007154 8.175372798443973
1.419479300896855 0.4444850276618117 7.364396801606279 2.310018027282089
1.4590171609040563 0.23365764102130135 4.40845930118575 14.673770201232584
1.478489715464538 0.2947310531235385 6.340741903121364 6.766496969406715
1.4016518760104533 0.37902441575084794 5.85537928733687 2.411228930326677
1.4312855281588142 0.3431690660643435 4.244470499198754 3.339481301135863
1.4789015166685586 0.32574070337142863 6.36672140383396 4.573162142655757
1.477480407502121 0.2673417204517181 6.305990658818786 14.059030879382874
1.3802826921598566 0.23718145993638096 5.766496202246808 3.852078558199772
1.4745424620415746 0.2651336837021257 4.505248484786567 12.302097024115161
1.4440995248474413 0.2675036223294631 7.4317860223117735 15.506125166305058
1.438459777554694 0.21551715238788735 7.510293275566426 12.812680088531156
1.3861126876702745 0.21255451824241173 6.3299423631943625 8.498134838187966
1.4745816470924276 0.2604119288521794 5.1435652933382645 19.927984650593825
1.4491030912232632 0.27005641189530677 7.700632656779406 14.859919577483556
1.4523271261377588 0.29670066721345423 6.8495109857393235 6.082850737421159
1.4226641769655624 0.23814389904746014 2.590843032944968 12.393909305195264
1.4301088992937407 0.22253760172208 7.507909890573664 6.1302461677931515
1.397135203427745 0.23400866700033504 7.042444860130871 10.570999106099551
1.4893570069537105 0.42804066057825063 5.964699955426573 2.909018711147902
1.4461502888238833 0.22425964654728628 3.3029428194206085 16.104989946471132
1.471990928972792 0.25216572205103654 4.825815654445116 16.169880059313506
1.4495672735411125 0.23676923784525036 2.802580552020635 12.085824436570501
1.4827301821417007 0.36289212880427135 6.258743739361819 3.158031112511254
1.3844059518606533 0.2793998099200403 6.738874840839735 3.2194921107140333
1.4314143334963951 0.2670797313128732 5.54031801579613 9.705762634680026
1.4275943690304604 0.2460621559055399 3.0668060687324687 18.067146368676717
1.38625243214278 0.21102410707875077 5.606818829421711 5.615678697368065
1.4728801946843544 0.2533966894285292 6.368158541958628 13.707122145288613
1.3981534895564387 0.23445679654272158 4.483989540210681 9.418942158221945
1.4595351688871179 0.28185928987983044 2.864358929417687 5.123490626056414
1.3950517298835003 0.2366905759902488 4.130521634270297 7.191420557965948
1.4068903955799423 0.20119381274544154 6.396267794578801 17.304643268765787
1.4500130759628571 0.27215162644350105 7.789812282039037 12.845434528257012
1.4552925238748482 0.22872670215982066 7.943980004530574 15.764977466107686
1.3958348498161377 0.24944480653760975 5.9964181565571035 5.877208357477677
1.4885084045759842 0.6525327946914721 4.7019544717888575 2.252673960607515
1.4740918132664194 0.28017674852030694 7.793765649441289 5.294326441798205
1.4053718999949918 0.2025654695091244 6.875282322442302 8.679903901775392
1.3940397249302925 0.2058994298013325 6.2878377341361436 13.341158556829818
1.4204644433782354 0.26978572077385 7.928668074871486 6.991667926759028
1.4136181606148475 0.24749665495702497 7.053693980753446 13.92405337338572
1.4345709180055963 0.23062646301494485 2.5802415303809996 9.298162154264805
1.3931907877770406 0.2526181145816838 2.9151381214440897 3.954713836008206
1.4119491855264297 0.2593941102415181 4.685218994917904 7.000103196933582
1.466918427183108 0.2735288003209569 6.856056352709003 14.133244264922931
1.4310676186905025 0.6407734806668671 4.240564863985627 2.2203812960515643
1.4673617433361854 0.4041222246302864 3.364075706964331 2.8871806026324993
1.4629906677179996 0.23780825548249998 5.046439567602818 17.993712696409123
1.4804010564847077 0.3009329955323021 6.347215324579349 4.924773845662228
1.4291908721476567 0.26463057127696893 7.065827898758215 10.39254718585779
1.4733058341884844 0.26045171548602136 5.373101613384925 19.852753647980176
1.426868386997846 0.25597542984255467 3.298032353832261 10.211594146338642
1.4758329669437982 0.5584755300684126 4.297607984288899 2.313145015782219
1.432578461363309 0.25837663435614405 6.437378038733752 17.434520360582944
1.413645992323454 0.2961280613045851 7.472612132275914 4.098615466534175
1.3867782456249576 0.2688021452129823 4.703468012870047 3.4936604203359822
1.4805461376022544 0.32186058956651814 5.176294050505237 3.983032286838294
1.4075687033818811 0.39841733495798226 5.014777938186245 2.5791784477124837
1.4177699758363818 0.2158888746291532 2.8800529093893914 18.402232092016888
1.4702368172242097 0.26108023935312663 6.179278836131334 7.446413036595269
1.468983785922083 0.26742409447073173 5.922709335497015 18.106306183990927
1.4344254330717088 0.27518540034543343 5.262841700713952 7.437186632432683
1.427699958432858 0.25437920251954205 5.4473240430782095 16.734600622331307
1.4673760846823751 0.2514605279120436 4.296293120288248 11.384763029627129
1.4449808397752277 0.25575982651961743 2.737677889891458 9.199683666758308
1.4208093841428027 0.2047488620460775 7.709363317393159 16.6170048623061
1.4219452336696765 0.2095915220530967 3.887824528813474 11.284417782384166
1.3882505961798126 0.2127190649301087 7.553509130841268 9.05043196873179
1.466606310845111 0.29323229468717915 6.212415562077705 6.734236847362151
1.4614095411883978 0.23675277807741155 7.242919235656612 15.597648750799141
1.435840043306583 0.2185017978726469 3.2033217332172708 18.28634504549242
1.4738527634536278 0.2591656940301151 7.23129747100677 17.885525577495564
1.4688057986016552 0.24656121391340943 7.081493802494627 17.201589630269112
1.4065650725114556 0.20244203406989306 6.65138469597962 14.072678604704405
1.3897497860533778 0.22283137068437642 5.242054264054662 7.745497600198178
1.4155048483634198 0.23665654990793547 2.8374837314091743 4.3179331118692215
1.473300448434527 0.2570840485637771 7.71110588630781 18.82913085055281
1.4494316508309222 0.2735808261822471 4.963209851178489 9.766394909781921
1.4338991938679866 0.2153023853968552 5.6802320258580945 11.32611221220115
1.4175067429146515 0.2177033732872734 2.9138133536283637 19.23213236680821
1.408863902977835 0.20503711996695675 4.48971184066126 17.46393553655199
1.4583067431911108 0.3209706615379718 4.216922286678061 3.1701134821864
1.4800233382161845 0.3424904730272279 6.6321613463661375 3.862223184343553
1.4680552809876584 0.36792537166980627 5.297590188876944 3.3809966228011885
1.4144005230201375 0.21629720841844763 2.9353042741287583 14.707050467726226
1.4448459891052385 0.27532318988787535 7.224720037088634 9.100913978409437
1.3933564510801184 0.2067024701987836 7.87475950612499 11.017451548653687
1.4151049418602282 0.2039551837514384 6.451171004847806 16.094047838354047
1.3912146308483473 0.31410621165396735 4.467206943472048 2.7875329801923225
1.4107726724743164 0.4703794610744482 7.1773133569217205 2.381767673034021
1.3873316378158902 0.23837903738549587 4.6917842633180005 3.697778014483274
1.4012499498297122 0.21115052202785556 6.195249696790969 5.590218443968672
1.403013639428563 0.2303506705871384 3.9235175168419336 11.932977094987201
1.4388429887556522 0.270360451083064 3.7034786162234665 7.9338179117949075
1.4225317427530562 0.2201002349745302 2.8264931695403397 8.70221240443288
1.4015012588434013 0.22711258402186976 6.434167535517356 16.73763136169547
1.472896705072729 0.2827164072413571 5.890563887117727 7.729846450896231
1.40444843860419 0.2530593459038273 3.6467738243550754 5.827435426219934
1.4501600210986603 0.26510619268189634 7.648421542509783 17.981409952508436
1.4554156937307785 0.23149959069814957 7.729026250217046 14.458011524837577
1.4706055036694585 0.28724908839714713 4.6681162127277 6.552851713402275
1.4686326359941964 0.3034140622520431 6.032655470535779 5.518613166971718
1.460484926649198 0.28013624658839403 3.12142062868921 4.904436689373901
1.4471551282848152 0.24340904569386437 2.806444561647112 10.384500734215885
1.4224452776142207 0.22273718855356545 7.322364685871808 5.53030114449969
1.4609040656933683 0.26576265458242415 5.514192998942091 17.544784724320255
1.4720738515708582 0.3452961361568853 5.4733895617767265 3.7660040657532363
1.4252984369314285 0.2551041647309211 5.876625968221633 12.82403893488886
1.4824538120416784 0.9530652576091767 7.021393181226934 2.1062216977261214
1.4717334829878124 0.27867285913850653 7.774442781625551 9.273048306328862
1.4355441674668676 0.22598980406800803 7.770038300113718 6.808050858495104
1.4317517434744822 0.3443154683596652 5.500530723233358 3.310127699482313
1.4066998643750026 0.20739368431150632 4.472079742273466 18.409655543127666
1.4196100143992605 0.25560285429007196 5.51220978635979 9.613695035308316
1.4537056836656137 0.29244937711523317 5.741514160677887 3.5618489842539747
1.470051327049732 0.2688919469070209 5.992341034705434 12.261836121038192
1.462770264737875 0.2423825050523514 6.354362701578615 12.944303870602077
1.467668576731215 0.2651756312320725 7.61022260868617 19.592695494764655
1.4643097502968638 0.24323143455794027 7.8053174787467645 14.241764019336303
1.4724004766886039 0.2821294389997106 7.503227348014699 8.046646179404979
1.409686440844288 0.38861530238468445 4.075841750427519 2.423374758878836
1.4500116586807799 0.3001499963723017 5.187831872082453 5.17115496953928
1.464254892018533 0.24960258735758617 4.72993441997817 10.489531093485246
1.3992895229191147 0.24469665773914606 2.929570330700544 3.8502831975738134
1.4838693345337957 0.43271602484368704 7.220386595896189 2.7079004416462187
1.4454418282100894 0.263134623261174 6.318946743637381 15.737069396831256
1.4535841458667715 0.304622939116745 4.510633762497177 4.86777253484426
1.3958379997946708 0.21074423423007724 7.016460107493199 13.43334249079486
1.4162828126217937 0.24025405733541214 3.593692235464716 13.671970749653417
1.4301804873698876 0.2538289385018724 6.592540808162537 17.590536929538608
1.4056072564783797 0.2508547312619234 5.356067634122532 6.859900730192873
1.4679349598840723 0.26601919908620303 4.326134968162518 9.246863461221585
1.4298618317526857 0.21051818406547457 7.023682680990316 19.786921755957426
1.4703687589775614 0.2635190239131878 7.564522645830006 16.059981005902944
1.460125844929878 0.27015206709102724 7.680845100332054 13.352038791906843
1.4864124593301797 1.3791122439650356 7.295228992973227 2.0612421483838914
1.4552341641889712 0.28095100954832997 3.0945566902757773 5.368052669238733
1.3999508329003012 0.2121841853252785 4.312708996244365 6.152977352411984
1.4662603214753092 0.2522279897571202 4.74612685047071 15.178088539536748
1.399788597493231 0.22170543571672094 5.589379825337763 14.30343605595671
1.4426370976306218 0.22365143656788106 4.027568602590456 14.094968187464096
1.4036304797033652 0.24891085732224044 2.7704854601841555 4.452686355925048
1.4377341832483181 0.2216749631619026 3.486835308269767 14.59881794608251
1.4355841793687287 0.2646343446474765 6.555848708100106 3.7368004900047467
1.4486820807248466 0.24001503236677074 3.483217635400061 7.711570581520302
1.4248352718077322 0.24795453205454857 3.799228694129442 13.519818412184781
1.4741736827091778 0.28621847308882037 7.255768576991948 5.815528657738769
1.4123919508909786 0.23569634760734615 4.5491965028914905 16.926541803182413
1.4102666047093577 0.2092667934196168 3.988788245126747 12.374918899141043
1.4563206865024472 0.27567690077411316 3.337833245982389 6.338488582217643
1.4067077686751286 0.21796667644024398 3.85462927738108 17.453646582397177
1.420214401276362 0.3380620379584233 5.358674845359393 3.1756389360025055
1.4620103751412223 0.2645652695557581 3.8181834955184524 9.269820043998198
1.4097428539392474 0.23282554781516132 4.962717178573137 17.101494013594515
1.4163823740326498 0.3550955865773357 7.928252695580138 2.955257165298594
1.4743509204417138 0.3662544568528902 5.792218819505572 3.356232320692364
1.4368076740165572 0.2915113746559892 5.070406395909275 5.112103406972804
1.4222021490776902 0.25554592610718596 6.863256618959753 10.230199843989237
1.4465798713319424 0.24360843903717536 4.8325153869263895 5.8716390275754495
1.4429341670231768 0.22490555594974398 3.6726639591520494 17.6865779118371
1.4360779601885967 0.269515164367558 4.950460474201138 8.001719806216522
1.4173364006716378 0.24581870336384007 5.584506473361967 13.000056658686246
1.4479027050870716 0.2400951238808759 3.133113310028306 18.75442440269561
1.4092424779021173 0.2766177185638255 4.814740504573631 4.433496356190705
1.429544404774814 0.2851417253534728 4.504882352096759 5.0907766355876
1.3953739110854775 0.2588522779928021 7.545710034332913 4.523282907972552
1.429252402513237 0.3090229050669184 2.8224059987895327 3.4679338545617204
1.4099875759304372 0.2344866275584334 7.226567864113877 18.064312452635956
1.3911046920916148 0.26298076858789055 7.096736870117724 3.909657908125585
1.4102497358627155 0.2341316080059426 4.5397022162587986 14.688788857969412
1.4642010233338816 0.25179351725077403 4.773879946337144 18.568761180958788
1.4665768825850383 0.26801104119275826 5.722671236473436 6.237236414447365
1.4004493080544127 0.365487837119983 5.007054803889732 2.513838375760624
1.3904035526022505 0.21791757987532476 6.2060540033136755 5.4504635567163024
1.4272143738136147 0.24983779330344352 7.471297942656702 18.44291283935101
1.4445514096937948 0.2602006191824813 7.382250896900064 17.151958609364755
1.4155935565356508 0.24278607895418325 3.7192435810104882 10.423599859535534
1.3990226313967429 0.26998805778002966 7.897648788631816 4.199739832060211
1.3875328581638955 0.23344155841324937 6.293554854791498 4.651659261066689
1.4443961290848113 0.25614364561524644 4.487165237265306 17.53057595345594
1.3977455963704415 0.2095151857652766 6.931657845338678 9.351985307116509
1.4581035488556473 0.28760659887640494 4.4392011659807356 3.9793944418561065
1.387356934087243 0.2377441868554711 6.770995299370525 4.210777868666367
1.4001095081799368 0.20894368627141088 5.866692410522516 8.779192399855702
1.3903546482763662 0.28250710539830987 7.674989241676726 3.1350111638450358
1.4170542890850641 0.457273589697588 7.271724435185753 2.4297783410572356
1.4476101139203639 0.27461668797224625 6.7608526302037895 8.414867887400806
1.436043611477003 0.24348364113604679 3.329253665722926 19.90441078576396
1.4117465657064507 0.25772797615660764 2.9837666470781996 4.945591207603454
1.4677364742645063 0.2625201831866987 7.6277756666031715 12.947249481449356
1.408716945497281 0.21155944320101935 4.612693661916417 7.541819494628863
1.3962766650311913 0.22981662706851294 5.6266433611822695 7.70375346772237
1.4122676249789379 0.2079960229297304 5.6161314072723805 12.799753074214514
1.4125792580660697 0.32775854982201585 6.724713416957235 2.676666662745338
1.442296220852655 0.22960325313182683 7.465454245020233 8.272958723130428
1.4560477985101938 0.2968186263762288 4.994190785523788 5.2895532537688075
1.4154079409700064 0.2376087795682193 6.663774873940753 4.159290966833126
1.432612110697772 0.2391803947286602 3.262067628847185 5.342005639896238
1.4635268764798743 0.32748591303393815 5.134013290579179 3.985613291261836
1.41233138926441 0.26400051277216 4.847574928838104 5.504464250788583
1.408942821210976 0.23824617534213746 2.829100931563385 4.951060995775636
1.454173278841957 0.27131861357084874 6.064358937325414 9.757500173855531
1.463958447693023 0.25656636147644574 5.996349990021396 18.726557286963555
1.4504101237507137 0.23212294670791778 6.077641148675664 12.291735268163535
1.3941052235184384 0.2594810399168025 5.167485571899198 3.308784270308861
1.4425121774505718 0.24911390753233348 3.429675052488159 5.275362299463903
1.427251155046652 0.25570217686914226 3.9510380066606228 9.07419408457533
1.4240124690852876 0.22593963202892153 3.235929370108257 6.6436254211174095
1.44661514543755 0.2534943392347611 4.098606412960528 18.01500883773524
1.463048916559412 0.4513110380096545 7.571693752699415 2.683050356913045
1.4602623682497335 0.30565596392163674 3.474941186191404 3.920395608887773
1.430197770030019 0.2510804677797719 7.145596645207504 17.04670117754958
1.4514321841702917 0.24131395297688363 7.613802663412077 7.597000715473934
1.44122462007866 0.25542329934406055 3.2744886215824223 4.733748201527398
1.40807883377418 0.24268093484607606 5.331839122645675 8.5571176387886
1.3932313139317392 0.21568604863990326 7.285985134592163 7.190181401675948
1.4350283178236363 0.24397236356116173 3.275653305744486 15.252275597011701
1.4012941390881042 0.2910965574614978 5.597948592413255 3.476929396005896
1.4469997488270683 0.32986756827632824 4.788722352505828 2.952135626414464
1.4567726783156205 0.24229776996187136 5.642085950537557 10.49747487098174
1.4169192659222931 0.20829590521044553 7.6880341852753915 17.818876817504357
1.4484216699369938 0.2861954759555837 4.751894585534007 5.859058630100842
1.3993754529371027 0.2243669562716401 5.0082846705399655 9.46327084510372
1.452569006881253 0.2786644559737067 6.619644550553701 4.031110013093586
1.465977517946048 0.2829492159732956 5.741360418621276 6.526456338060912
1.4395628979808381 0.22522270485934504 4.55903611163586 10.843163272427454
1.4123307460819219 0.20926477755036285 6.694201345137406 10.14251316848331
1.465656172594092 0.5071403951508906 7.283591271402608 2.379139264078088
1.41673735679371 0.2101677023499196 5.280898701290491 19.308383214099816
1.465576711700215 0.42853196565162066 7.928007778051887 2.5801533269966734
1.4383771933310068 0.25429881020007106 6.290767149473735 17.7378193046605
1.417383245363171 0.49357184904151247 5.210610698047681 2.2735272371695454
1.458922528471358 0.2612266987038008 4.700697493275818 12.162677034819868
1.4588979847139494 0.29053793156774765 7.407778343075621 6.109990998142978
1.4282922813683956 0.21745078058757344 4.241764745123403 11.457729795005465
1.4549294087131055 0.238424984030009 7.230063175451382 11.46662515275794
1.4528949185475535 0.2817197647230913 7.918637529617506 7.113279686139453
1.4479183096346735 0.37129526087639686 3.2960169681758504 2.9270013243301043
1.4120435303073335 0.22036098723824116 3.4940165128543006 12.90429344270956
1.439737681860617 0.3262688234582996 6.968379704090836 3.7305519867238006
1.4419647926743795 0.2729882117716063 4.4357231462849205 7.058105738564388
1.4577042910815177 0.25839601060357026 5.823216219757916 18.136412232537086
1.4024073228462546 0.21732152550466388 4.230605967645789 9.565080349434448
1.4484269626810111 0.24471324709330214 4.197188049191064 6.720372361875874
1.4400148989383637 0.22925144862146096 3.5778124356340113 11.356765252038922
1.4581484072051585 0.26221645917413283 5.045939988800291 5.756623837871523
1.425532371649616 0.24702291635613724 5.776066431938072 15.182886200620544
1.3937267465589613 0.250405465599754 4.26096485059128 3.8259847836524665
1.4508853605239809 0.2815196912951115 6.42268635089939 6.760752371239638
1.4394615386546372 0.22303439490950744 4.729830943638176 15.521523111805173
1.4282706125754876 0.2738012960639044 6.248144306757334 6.020135923089542
1.4754148586029263 0.392049386251151 6.257008318331042 2.952814229911319
1.4296151003558766 0.24956212875057868 6.928520258453778 16.30003633249191
1.465975689723709 0.2751497956001722 5.957406747370273 6.072887408562156
1.4404661940798347 0.22197654938881753 7.200252999618525 16.386584701852104
1.4234516253642 0.25263794906982384 7.905033837694892 10.519049264887212
1.4690670940284745 0.49109355325943904 4.101881193363099 2.4684151950286477
1.4502274074690735 0.2548953877781172 5.6197225372467585 5.397826648625795
1.4608728996272773 0.2573418709543695 5.403082755851555 12.924996246039818
1.3929929771155778 0.26908494586846654 6.245545349335355 3.3569690137897985
1.4114536182063713 0.23626486007458425 4.736669191056029 11.104509686016634
1.4534433323296128 0.24602980186370474 4.061966214398802 17.051028469826306
1.4611061241628867 0.25751184700299096 5.972972866858196 13.752117840956412
1.4245792114079507 0.21294393169021558 6.372401017240708 17.959177873062295
1.4298629251716215 0.2435189619594741 3.242359614268309 10.684575009670075
1.4377006975204911 0.9307329386570665 4.355629748965892 2.0839635943846946
1.413664320663059 0.2359906382152864 3.556080638354592 9.32960291543948
1.4638013890976982 0.26621210965733155 7.043083191417385 6.797548993406801
1.4633277438739023 0.3144325047252674 7.753119638602151 3.56670771609449
1.3946542121577143 0.2249856655350179 6.382481269674155 6.636191329725538
1.4585238187360055 0.28155008186922187 5.109264728921995 4.420909518865774
1.4620316371472786 0.2555021872590997 6.4894841330604 11.739633422917361
1.402438126822053 0.21746531369093478 5.819170132341212 5.972185406234193
1.4039033997231152 0.3049366329109922 4.780254021910819 3.149692076920976
1.4013520538020419 0.32505331687446226 6.4937157572898805 2.7349833662836307
1.4606018058610537 0.25919060741783406 7.409949508395268 13.864040660425765
1.4608294167519573 0.2511741404728345 7.3378387801599985 14.623529942691158
1.4421108800031979 0.23758039315623228 3.421292491564458 10.829951520807974
1.4579267308761028 0.24524228209466575 6.484291602547979 13.295576110658164
1.406426119313452 0.2188024215775976 5.201124274748234 13.378255458634479
1.425893710919187 0.27980350304134655 3.090841960139419 4.199964598459403
1.4504014552746427 0.27904300120315084 6.95951937530879 6.8855316882904845
1.4088110040979134 0.21890157746570435 7.085222247293643 5.801933629317526
1.4333142918261648 0.46766618454820846 7.854281979663375 2.3458979437232688
1.4442660630309203 0.26083549083162155 5.280062369356662 10.81495184366481
1.4464609055206328 0.25328799984508665 4.03885475603696 12.5411248208224
1.436896002900811 0.22677858240009383 3.765847505185515 15.378734503687246
1.439061645384223 0.31642064829663574 4.550753803398249 3.01640260141456
1.4533171284353998 0.24076959447510546 5.3826980328201435 11.846481801181945
1.453339769442894 0.25680138128150365 4.50458613503708 11.701933686177131
1.437148222823068 0.44383804479939165 7.750489070223786 2.4030624146249275
1.426739590716184 0.248666506691922 6.008783599534199 12.709078978450849
1.4579259956299286 0.2683742847811025 5.270468387160396 8.319546647437688
1.4579461075537028 0.24898460173871428 6.80450419515102 9.815546573125076
1.4429906671843598 0.2287304494592619 5.465894778971848 12.374161176384545
1.4564125776242451 0.3483968963552333 3.8457399170262474 3.2284086392338907
1.4205687854163669 0.22503933035055843 3.7092996150895265 17.043387001241975
1.4249038433153185 0.24422931655071775 6.91666889093811 15.908993920897906
1.4234833873987052 0.2176736481576338 4.219761974352802 16.20503541589577
1.4050032729955935 0.25422893977311617 3.540765242251177 3.718092489490673
1.464328287565856 0.27862652117351333 6.617458225604493 5.920163085210211
1.4097050112676406 0.25389866345055756 3.093189493123634 4.155111233991811
1.4543043211825515 0.28742325144345693 3.652436455306112 4.408190950115861
1.434340754082194 0.22721319446913532 4.563975202401612 8.553365570514577
1.4102113520962831 0.2768467605578411 6.738374058048382 4.292675034312794
1.4581900953225646 0.2483503382708659 6.793745513995694 19.043528081476392
1.4165602927545171 0.23186084831654996 5.347562977840551 18.246387651185678
1.456609642480624 0.24344530662502598 6.680073192103551 19.361147571042004
1.4038956819976778 0.2381630659606725 4.504228474888783 6.573706058971251
1.3998374353559504 0.2968253274866993 5.700221955593229 3.106667663001212
1.4462457397111057 0.2799501037363009 7.097979718564926 6.39376990739731
1.3982106563233516 0.2515039758722025 7.473788832352886 4.766511391901542
1.4334036432316823 0.23964041893402752 3.381549324513827 6.136113436375689
1.4656310681015556 0.32189639626784317 5.554094539422348 3.6620544302897517
1.4421392256003387 0.24298018123902315 3.8615895677707655 17.26564223927852
1.4131302884299446 0.23898673990116864 3.7755085298883326 4.414192328208287
1.4317036284931406 0.23501495806629039 6.190274335101419 5.714724464095168
1.4519065364224275 0.2850839626813407 4.844218832279051 5.549750193173384
1.4432683305808958 0.228804161163243 5.225619835202835 15.99726587100019
1.409196755293514 0.2307593399566904 5.99647093581536 11.699462839344742
1.4194994464094692 0.2174515326061422 5.004850938192627 9.083720124083673
1.4202480294612494 0.28915006718074393 5.050838545541335 3.112333476938276
1.417194345869639 0.21956516331960008 5.853764258404962 6.976583697903315
1.4544971380600347 0.2418878379973903 6.403879924077035 16.057426518465512
1.4403044032169317 0.24550565706863317 6.559459065688994 5.461960098145013
1.4301288404573116 0.22318366017222113 4.795303781105317 9.679946735320232
1.425573457820201 0.24230327587638556 4.925272922610676 14.208534290415862
1.464091682712231 0.2916892935020369 7.66847308748134 4.669018930097384
1.4598500661098255 0.2845054607393438 7.63495610353849 5.989850771105572
1.4186340558421624 0.32624177521162806 5.10595209089897 2.769113609046208
1.4382281809860964 0.22348029993927232 6.629658214107982 17.988648023839765
1.4249705340163603 0.21818881049695243 6.831047293470232 10.175174601057963
1.452333861556017 0.2628062736264794 6.29854291545994 10.266345131881096
1.420427622247833 0.21473794932079399 6.8055257906908535 14.23383834283151
1.4106343949145486 0.2194144983650007 5.771605541616301 6.470619617877226
1.4356550569259192 0.2232260454974982 7.339664862135881 12.987606615015135
1.460689725100317 0.2764359791613651 6.29680607764385 5.462553616628374
1.4309212096576562 0.2907000336352334 7.640328622601356 4.591242777536126
1.4341273511337913 0.2558249753569923 3.1403100334768492 5.180971678233635
1.4199788208639554 0.21463993491647293 7.519071253377941 15.290936378408512
1.4070220144185677 0.21558045367180698 7.548794968104898 9.652428740802211
1.444696711377587 0.24849594281570464 5.662246164889493 19.85702047327152
1.4356189539537643 0.22619209703675963 4.40717210917909 15.542361044465554
1.4294189821007084 0.21980917818378284 5.876337741445149 14.063779956617223
1.4158175376510185 0.2474990015032359 3.6709415061283224 6.328541119604827
1.4571967550637406 0.25404363872606395 7.229546871202693 11.040213444818804
1.4474365263019797 0.2458071415431207 4.445423754022056 14.801175454653725
1.4414020346032927 0.26091374583242494 7.979172178416087 9.976565766198457
1.4349045369228282 0.23163965358555927 4.697747125810649 7.7103788081419395
1.4147638021175253 0.23720082349159607 4.227822874246874 4.635391827401447
1.4180110476926049 0.33105876192549516 7.377822165055479 2.746545528739727
1.4536618685378453 0.2479408063162009 6.258473218642408 15.925229955163285
1.4468753508059313 0.24583052344858428 5.51542477540522 6.922299816074428
1.4421741013384715 0.2830270015280531 6.408202176853808 5.511527961573541
1.409297474014259 0.2260606615214561 5.9563398330892 11.719443483504294
1.453588122250503 0.3175283960789301 4.3463548769455045 3.736104123222697
1.4472835130351314 0.3053099018959677 6.864317863322768 4.340619415482008
1.4028230587125 0.24446218736416991 7.6087669636102095 5.79125623449861
1.4192245103930383 0.23977614851273718 5.546815420421509 11.550366600049639
1.4400971842112185 0.2503126254064373 3.627462469183414 8.326630671885603
1.4341665985838552 0.23127555451092424 4.079833351115058 18.972567032090417
1.4448799593623414 0.2308859610977808 7.845395370388647 16.878909499187905
1.434899620106934 0.22329383491245564 6.137327706150223 17.260846300661637
1.460053601523811 0.6365977363292403 5.350802440598021 2.2397851153736537
1.4477620035223961 0.5661861019866515 4.398203488141002 2.2814154747421784
1.4415203103124006 0.2610685986883847 4.679496312952016 8.169930794461417
1.4625772096550111 0.3494972039580484 5.6535425556183725 3.1783739716991883
1.4202206284520824 0.25758514781210246 3.1594654179177093 4.46553550031796
1.4555598640916998 0.26663987755504265 6.714916237931675 8.007822073379147
1.4533326459207534 0.24549612247564292 7.988663501424536 10.896096082084457
1.4151289339540054 0.22226275579712884 4.431464252536808 11.141090886223576
1.4291000964296352 0.2380566764713732 4.293569730149206 15.028398554316842
1.4581367642904934 0.35194813179705137 7.402536725654046 3.3108028573205175
1.4557152946830678 0.2643087595383216 5.5597843128512965 7.286927057391084
1.4230812643582662 0.2197114253033494 7.305099352590246 9.371551200040336
1.438670604738431 0.2773446862065453 7.924629435605648 3.733261068598585
1.449138204940041 0.2409434288828435 5.465983688785217 13.93773663293047
1.4531201694610019 0.2879624188896002 6.2481707307827055 5.266323283219788
1.4096391872988532 0.2176385288232052 6.940038042678777 9.006208607530093
1.4521717700953192 0.24835474496327217 7.27344165107308 8.629596068031029
1.4552677294505931 0.26104140002132137 6.186188378939075 7.992607508756548
1.4096994476768148 0.2562237005145077 7.99660148273967 5.449983708597539
1.4098693865528522 0.22212322320419473 5.438930151653389 6.605947155152972
1.4060673771300483 0.22429658842894637 5.456551139562163 8.065057415660473
1.4063178404740517 0.22217594446656982 5.546426293045396 7.341148120084108
1.4446957228917732 0.2384966804597048 4.75049286916118 13.856693220864958
1.4344720339218462 0.36496732412409943 3.5998954392745266 2.7628886140439888
1.403536423573229 0.23623459467070454 6.345464858278523 6.491516997039511
1.430312909210731 0.24024997597149977 4.317706003755116 12.955256877933119
1.4140282785104357 0.3668267015795995 6.188368663733357 2.6016924691632446
1.4001462573518249 0.2537319069100725 6.902550486889635 4.336664951171631
1.4374309259023903 0.24066945024713185 3.8726648459358195 10.573293241473676
1.4337808675941268 0.2328519813809825 4.49535858123382 19.5075128245066
1.4072806264695719 0.22061891865159547 6.495556663141441 8.000159419870588
1.4508718692792208 0.24930263534129488 5.4819073801032925 9.570528603955356
1.406448903794719 0.29238142648352444 5.7707099281485315 3.0734152620310677
1.4139848766256924 0.2374826697839455 7.069784171627976 4.534696487716495
1.4206926586662212 0.23949767467961636 4.366297274093168 9.4675408029479
1.4028107925589137 0.2500831155442522 6.265828381027204 4.8345722357057
1.4154330826739425 0.2523396841634312 6.833742330333963 6.543970639306705
1.4170209712030228 0.21922560981417652 6.984283145732656 14.290259728415444
1.447914737155029 0.23931171831344974 7.0143499046579025 13.399439189755569
1.4323643239730552 0.23571619938694596 3.8354724437159398 9.571852773322343
1.4323752352322554 0.29998774378710724 5.244418237143656 3.981264145019045
1.4365887423615205 0.22948346038242454 5.433814171727023 11.789906104910317
1.4377405271190309 0.24897751298609946 7.59462159873423 14.34172088480543
1.437509241184744 0.2735376691993332 6.26435961762937 5.916511807290943
1.4214613300761971 0.2629030975006555 4.480981594988002 5.353916529671123
1.4454543559479807 0.2511906318405765 5.29348783190238 10.969374795050898
1.4365126465137816 0.2570497578063731 3.8351536391329626 6.575606453776604
1.4055562840079487 0.23184330095359712 5.791051077132168 5.066308602409574
1.4229082592540339 0.2663515487850727 7.202050589387414 5.619472854501068
1.455750121005698 0.3696233136067844 5.459331619054268 2.9884693263206263
1.4443668521663584 0.2374712789450923 6.095549659065914 17.14044954775603
1.4343086887289331 0.23999829453511545 7.496043234001339 5.865745321392798
1.4562228935038277 0.27630959999773697 7.886113871384162 5.319074178930307
1.4368036566457507 0.2375287253165336 5.167313349982077 18.220687743451613
1.4069356139551634 0.24651311405097476 5.283518373470752 5.34414532149032
1.418682216733407 0.2525165678498125 6.358927426351698 6.776206073156258
1.4346594048475656 0.22754773676599668 6.525262241133239 12.526983414609662
1.4386407875374498 0.24022185647448113 5.830457634040695 19.135865478550983
1.4421259565439464 0.258368053642259 7.771285070224848 9.463724188716553
1.4241286394287669 0.242199275974241 3.8667871443135593 7.604433293137914
1.42346554697374 0.2214896811657137 7.735900484810989 16.87969620314468
1.4424442251895326 0.23619651533248825 6.2533132242245575 16.14835153522728
1.431324637252769 0.23610094150164465 4.822850642173068 6.664058232852726
1.428359116932192 0.2648943086951011 4.8339790669351075 3.9088913042107563
1.4327209745573637 0.23975836983816456 5.156314629790668 13.686227263632958
1.4291757531634044 0.2403721543155424 3.865534683622021 7.653880910744249
1.4124572069923338 0.25597821217304856 7.473699214356675 5.440753552423431
1.4316989163052676 0.22686501339391515 7.9065738268584855 10.759834920509151
1.4190941026660373 0.36157130798171694 7.398652841151928 2.7341979948332114
1.4457896144414866 0.2923025136520677 5.210349713919556 4.413284001403348
1.4193510776278853 0.23545398065459125 4.855269284419764 9.196737190909847
1.4294057772158988 0.23320924124903902 5.831257355196082 16.930668328434436
1.4229091202571782 0.2269831575729161 5.298343163646789 8.509186070382476
1.440652097631441 0.23805521478028505 6.568940239085477 16.356870751952535
1.4219212327044202 0.23200810965771598 6.148099535871325 6.029730704997716
1.4246765456962691 0.24566333308834903 6.7253400863989325 9.350391445208567
1.4135866899944416 0.26689153166357427 6.095760858957003 3.5522470768282637
1.410311361262573 0.23436398216887866 5.886213813691832 7.255666229102081
1.4453327540942658 0.24889561023415588 6.340565719066505 10.368932828778343
1.4438764002777507 0.24787318814120282 7.9202423804564 12.648808631662796
1.4170089711866278 0.22935960867344587 5.308119178106231 8.938274981613796
1.417135026773733 0.24600576678402322 7.53911407898673 7.3717086974103
1.447648297876846 0.3220578564254647 7.531017136132614 3.2252133698475776
1.4166981923139765 0.25704576367102494 7.830078824038001 5.681637451357236
1.42874750707223 0.2305282186202365 7.762963476950913 19.95358759536695
1.4149474691960724 0.2686482596903935 5.956263568290565 4.439641333450325
1.4316058216667764 0.3595768141510532 4.684707082417442 2.767577645496762
1.4236428914481964 0.31278527331412237 5.143822254400569 3.016540881233725
1.4324727869048672 0.23065947776494122 7.120295794694214 16.000293145283706
1.4373597104998712 0.25155131224592875 5.263959863343635 5.4135971491241115
1.4466658777196302 0.2831804468074364 5.15741587343752 4.606335596679875
1.4321839709487316 0.3039821749282543 5.573636401732616 3.7164964974909545
1.433995130291765 0.2393181752286123 7.340851783585768 15.466202898255979
1.4389802013446333 0.2365471583175918 7.791681645235916 14.134338462266635
1.4070214891629171 0.24366649763332537 6.243953500267506 4.638112850584632
1.4255162142338844 0.2879972235497331 5.413213338177126 4.008838687472839
1.4388088295522006 0.24786461139958724 7.907700064246155 11.519040912502184
1.4490942737753718 0.2963095132770611 5.744438936377109 3.9959337860975133
1.4083581649842034 0.2612542934077659 6.36943073216762 4.151970341708449
1.4201746729305271 0.29607306745022155 6.5479959740927836 3.159156104797118
1.4136027199167698 0.23126612617900713 6.954956034389819 8.528017047350119
1.4270288284846062 0.24931415885602262 5.119789772117311 7.404233675678247
1.4294848206328012 0.25172723000776237 5.11622828214619 4.763697189288257
1.4378173109458317 0.2467199357323825 6.435371195747163 10.659511668172254
1.4201562073814054 0.2261877304880287 7.45810885932289 8.613894392150826
1.446836293062737 0.269699709884828 6.243488224496731 5.045921097402372
1.4255274210187805 0.2355438865250827 7.154936351268275 12.605051871312309
1.4455923082166504 0.2642823918650731 6.795583491303385 6.419651540928861
1.4252893779576499 0.22953265957872068 7.344972120531349 13.138727641272956
1.4489723527259093 0.3373318874081768 7.32020910346208 3.2692785484926294
1.4329692160702783 0.27465529421433815 7.445331153920461 5.184551292127852
1.427044126627516 0.2498387978886096 6.726039147288196 7.9204903519749195
1.4420414099842307 0.2616298493149314 5.060968141360336 5.468036899592287
1.4368462387259324 0.23840350621088655 6.386333546637236 8.90371359977954
1.4118350078407662 0.23149126292603603 7.35365825989269 6.120345358929551
1.4402338217962904 0.2504424387968859 6.925103883442006 9.32998239099656
1.431806346434231 0.30436553384221116 4.265495147014493 3.404910808223998
1.4430448731412895 0.4001855226064037 7.935379751431453 2.649122832570792
1.4140348289836648 0.26445294912189304 5.711750093732295 4.3817610192563805
1.4399687746959886 0.29699687889989934 6.599524924102804 4.095325635104598
1.4246429219998746 0.23181981676556215 7.695194379210564 12.876379087007876
1.4228023792751292 0.28499675210825587 7.971312829668324 4.101708212766529
1.4324972986453393 0.2934012928307682 5.284147392392948 3.936854038011502
1.4128537911315637 0.29517346226818897 7.5305856915049025 3.273872839919551
1.4464859399062766 0.3481023005962168 6.945636453157603 3.0935950908759997
1.428298380924807 0.23303944789729028 6.985663268885397 7.752589093353771
1.4436229901327242 0.2908171076530701 5.431809269453662 3.884182454180508
1.4345389002226359 0.23715617678312192 7.247779499583923 8.224362631273978
1.432892422517611 0.29299805060799233 6.981571298147925 4.090693635803264
1.4262472219597897 0.2988239186674686 5.162073592146206 3.5647307963493833
1.4417435127616145 0.29354010029976463 6.5832307344934815 4.1837057658992185
1.4286732517763854 0.2431344868707845 6.344876869061204 5.648319976180267
1.4367617435318993 0.285418201597958 6.180445048399743 4.4002403389420675
1.4373478447233587 0.25144940249758846 6.194680278588766 7.105231257636069
1.4364478574997803 0.26914529008598503 6.464644480566541 4.333056528683622
1.4257152982612242 0.25586426781820937 4.851661171225835 5.176032208465754
1.4191277259861712 0.2783447147879722 7.242920082120244 3.574672199016444
1.4303280192955263 0.31289419747906544 6.012530970089824 3.246940535628684
1.435015403233379 0.2543064009525754 5.994213443449082 5.726663369971472
1.4176022445548313 0.24306213247695418 7.742482052907065 5.205156076537422
1.4272721469898382 0.26060435280305155 6.800642551882177 5.4781808729719605
1.4230584567719862 0.23939894563061978 7.56194033561418 6.997906561848355
1.4293858104076929 0.2945500975831655 7.726755889896012 3.7300786068003866
1.435874882996265 0.2957415993772879 6.371064468257411 3.678447399035174
1.4267202822454836 0.2928592314961441 6.710422830007632 3.5282004765546553
1.431321203488892 0.2719589508587876 7.8214402734603885 4.128278327330202
1.4277570667036639 0.2517081870981315 7.336980866483468 5.338357840558084
