1.270000000000000018e+00 1.000000000000000021e-02 1.020000000000000018e+00 3.938978340200000039e-01
1.379999999999999893e+00 7.000000000000000666e-02 1.260000000000000009e+00 1.066371071565000106e+00
1.580000000000000071e+00 3.400000000000000244e-01 1.000000000000000000e+01 9.262759049700000080e-01
1.020000000000000018e+00 1.700000000000000122e-01 1.600000000000000000e+01 5.267999999999999545e+02
1.209999999999999964e+00 1.199999999999999956e-01 1.800000000000000000e+01 7.099999999999999645e-01
1.409999999999999920e+00 2.399999999999999911e-01 2.100000000000000000e+01 3.606999999999999886e+02
1.570000000000000062e+00 1.600000000000000033e-01 2.400000000000000000e+01 4.799999999999999822e+00
1.570000000000000062e+00 1.100000000000000006e-01 1.800000000000000000e+01 1.350000000000000000e+01
1.570000000000000062e+00 2.500000000000000000e-01 2.200000000000000000e+01 1.395999999999999943e+02
1.739999999999999991e+00 2.999999999999999889e-01 1.750000000000000000e+01 3.729999999999999716e+01
1.909999999999999920e+00 4.500000000000000111e-01 1.800000000000000000e+01 4.139000000000000057e+01
2.120000000000000107e+00 1.600000000000000033e-01 2.600000000000000000e+01 2.831999999999999886e+02
1.689999999999999947e+00 1.300000000000000044e-01 4.600000000000000200e-01 5.899999999999999689e-01
1.219999999999999973e+00 2.600000000000000089e-01 3.599999999999999867e-01 1.855732795727999896e-03
1.300000000000000044e+00 1.000000000000000056e-01 2.000000000000000111e-01 2.650907106064900008e-03
1.639999999999999902e+00 2.700000000000000178e-01 3.499999999999999778e-01 2.884226741547299844e-03
1.709999999999999964e+00 1.600000000000000033e-01 2.399999999999999911e-01 1.687987470221100073e-03
1.739999999999999991e+00 1.799999999999999933e-01 4.400000000000000022e-01 7.620000000000000037e-03
2.279999999999999805e+00 1.000000000000000056e-01 2.500000000000000000e-01 2.609619723446099989e-03
1.669999999999999929e+00 7.000000000000000666e-02 5.999999999999999778e-02 1.787501766969259954e-03
1.739999999999999991e+00 2.000000000000000111e-01 3.500000000000000333e-02 1.840000000000000056e-03
2.129999999999999893e+00 4.000000000000000083e-02 6.500000000000000222e-02 1.660000000000000017e-03
2.169999999999999929e+00 2.099999999999999922e-01 1.400000000000000029e-02 1.967682024705699837e-03
2.180000000000000160e+00 8.999999999999999667e-02 3.300000000000000155e-02 1.607401684806319996e-03
2.350000000000000089e+00 1.700000000000000122e-01 3.200000000000000067e-02 1.410000000000000012e-03
1.570000000000000062e+00 2.999999999999999889e-01 nan 1.610000000000000103e-03
1.610000000000000098e+00 3.699999999999999956e-01 nan 1.910000000000000022e-03
1.290999999999999925e+00 1.099999999999999936e-02 1.322000000000000064e+00 1.440999999999999943e+02
1.580000000000000071e+00 3.400000000000000244e-01 1.000000000000000000e+01 9.262999999999999545e+02
1.270000000000000018e+00 1.000000000000000021e-02 1.010000000000000009e+00 3.938999999999999773e+02
