6.963359950569760315e+00
7.646445822446708007e-01
4.120620455657984849e+00
-4.186083571267090520e+00
-6.431197095731576496e+00
1.608724717305776153e-01
8.087348317949810905e+00
2.544840375608416139e+00
2.030465124891620832e+01
1.163140215710452452e+01
2.054075499116360959e+01
-2.633157341081663105e+00
-3.635465189581040590e+00
5.496058788623706448e+00
1.982433653335320400e-01
-1.220999124443196138e+00
7.300247770531733238e+00
3.074381083208550081e+00
-2.436195499968050626e+00
1.051776726783494098e+01
1.093187861560259933e+00
1.948936904879470688e+01
-5.107805031495757930e-01
-4.002730541489952998e+00
1.593385274109223104e+01
-4.854037647088247809e+00
6.882250998388030894e+00
-4.166258928247195570e+00
5.083462232402219172e+00
1.417537008815796185e+01
9.680391947592866586e+00
3.449749396373029242e+00
-2.384841715015966201e-01
-1.112457852290923199e+00
4.021112465667073366e+00
7.281497154834781327e+00
8.389794688691459612e+00
-3.049070209979959145e+00
3.119800169834412884e+00
6.748569991208619001e+00
8.596813803250256569e+00
7.341575282495149679e+00
5.797700871882426554e+00
8.243623418840982708e+00
-2.897949590969972178e+00
7.790565675311412974e+00
-3.485403253905872134e-02
-5.273570628137633776e-01
1.867586190950682123e+00
-3.230844459219412101e+00
-1.449057404666774573e+00
6.021153893820901715e+00
6.692880002239469661e+00
2.030172099111330652e+01
4.900932037556124499e+00
1.021676013294435847e+01
1.820687001085097734e+00
2.640501174003254903e+00
3.844246799044540808e+00
1.732195501778591051e+01
-8.047550747045733033e-01
-1.362708088001618023e+00
3.491604854739868813e+00
-1.938991723276274115e+00
1.725064708482593545e+01
1.389745821040577312e+00
3.222682801491146165e+00
-3.993328325189786199e+00
7.782240682693377209e+00
5.705380941139196693e+00
-6.264194413572283793e-01
2.920560637183051256e+00
1.062404001018376931e+01
-3.286925365928837550e+00
7.239894871257277487e+00
-6.633053946866681372e+00
1.127896313613708656e+01
1.273754223266615782e+01
-2.418796166741699949e+00
6.130942516562654987e+00
-5.251544189645315441e+00
-3.417970727610693871e+00
-7.689977082210347703e+00
3.591414063777953913e+00
1.109228155017405015e+00
1.863829537177847584e+01
1.641106320615381264e+01
3.708232028494151677e+00
-4.180992362104092308e+00
1.391619407944992304e+01
1.322314160488957668e+00
4.161362820162004539e+00
2.227460583459333776e+01
-1.287882914861150141e+00
8.305233301297505477e-01
1.583140950745674758e+01
2.999404816873152413e-01
1.227397124170830978e+01
9.058276510435590012e+00
2.100873913379487590e+00
2.667400131287855913e+00
1.004662100964480942e+01
1.512415003917317335e+01
1.646971064145481733e+01
2.054016095956865939e+01
7.138825739469936593e+00
-3.615427282500114359e+00
5.927654616031269086e+00
-1.195825574877758868e+00
-5.574430501322282794e-01
-5.573467478675226516e+00
3.046815197786798990e+00
-1.700569195555736712e+00
1.432096800274382531e+01
6.956416462783131749e+00
6.757148407931325096e+00
-3.667602989823414816e+00
5.004599244752228060e-02
1.068473619114398332e+01
6.904097123923229162e+00
7.878441029733316725e+00
2.804534163944609304e+00
3.591174871410331093e+00
-5.554232818157771590e+00
4.536870686445411138e+00
6.900276491709043114e+00
2.286823575394201669e+00
3.434937098989706783e+00
1.150490413840096693e+01
5.989770259651301387e+00
7.588846846903436472e-01
2.299222783429243577e+00
-1.756631882401784139e+00
3.773701058539060682e-01
2.906065826098625848e+00
4.572411520768511650e+00
1.479329478809258092e+01
1.030688443873945914e+01
3.653484166740668115e+00
1.432672427329730169e+01
1.228116909366104181e+01
3.837995830325354518e+00
1.102560723753071414e+01
7.148795121165960609e+00
-3.576814103314660542e-01
-4.243695334699474131e+00
1.140113060615446017e+01
4.896008438146424169e-01
9.973741620706569222e+00
4.179342953493822677e+00
3.840040006569559239e+00
3.306223693949746689e+00
1.460686137074478808e+01
9.557739782744860690e-01
1.438503762762231020e+00
5.515803234515750830e+00
2.290703347361016995e+00
2.515938328995630968e+00
1.999673906250843203e+01
3.293161517682278827e+00
3.668260396013074853e+00
1.642126952768001047e+01
-2.996282733020017019e+00
3.375466213464811460e+00
-2.279432604856879152e-02
3.357438450358877446e+00
4.351086666922263646e+00
7.888670099559107030e+00
3.153380385291136179e+00
1.414825513890090036e+01
4.901438545857388362e-01
3.346770202122179683e+00
-2.021861055401132035e+00
4.178302461267712431e+00
-1.191831131377767861e+00
-3.368490172197830645e+00
-6.021057203386156687e+00
6.858942323036735900e+00
7.996101623694428895e+00
5.423303368553050063e+00
6.865626968870628843e+00
9.892058921066109178e+00
-3.974518261686071696e+00
4.883716574151335976e+00
-2.610208631040521254e+00
1.072835447613804405e+01
2.072020001169955350e+01
2.390414426413222770e+00
-7.119402113928870790e+00
5.779491372723377651e+00
8.263323900247726783e+00
6.363431734378650617e+00
-1.786512198075953961e+00
-3.623849384687460429e+00
1.041284824643565088e+01
-3.168245789738890039e+00
4.708476713858729568e+00
1.083826854684502905e+00
7.709369582077741256e+00
6.318482055086732885e+00
