8.959003212995469024e-04
5.674291952464804653e-03
5.773341591584338350e-03
2.921254541662166374e-03
1.034138673263988034e-02
1.980201767315524931e-03
4.895903417157873409e-03
2.383533654732174906e-03
6.465662159889308449e-04
6.200846312302135850e-03
1.023331041789893141e-02
5.806780860602630059e-03
2.709708122544206028e-03
6.174848466032393374e-03
1.674586464731377122e-03
6.271517447470978130e-04
2.745978692765436643e-03
9.498200893867278201e-04
6.955416039063513998e-04
3.881918150264148716e-04
2.472699793485140952e-03
4.811927045355931382e-04
1.253571320462772837e-03
1.259519229132030366e-03
3.362134957936551826e-04
8.953355396857798224e-04
2.849795499411748845e-04
1.154949751539915102e-03
6.769584812983162709e-04
1.320996340380913405e-04
1.123580620725502140e-03
7.109206567829538456e-04
3.951314836080382269e-04
1.898028137492806808e-03
5.903581123030414608e-04
8.541279587594596823e-03
5.259121079916645632e-04
3.252807957549135715e-04
1.036145731625588923e-03
