3.628811987165977884e-03
3.207803581805367815e-02
2.894097660129958324e-02
1.804496598206090097e-02
6.020336833169859236e-02
1.827581526147321195e-02
2.095466062960367123e-02
2.659951735784531895e-02
3.164253408287200173e-03
4.908585721399304214e-02
3.114601869768019934e-02
1.880606745471503916e-02
8.695416704070622199e-03
2.258217319462795664e-02
5.195875827522403005e-03
2.341256681955032701e-03
9.058784827345489274e-03
3.162497119231741892e-03
2.528770419087403732e-03
1.780649120490662837e-03
8.967763104232213262e-03
1.999041333231369160e-03
3.944485686107028141e-03
4.010561934135641396e-03
2.410896778018119593e-03
3.004128666769994259e-03
2.173861633311073745e-03
3.679143869640485228e-03
2.473305391597645665e-03
1.779205944014583800e-03
3.622728603190705689e-03
2.546036423948026210e-03
2.540489049558608027e-03
2.963287133536861642e-02
2.249422011647206256e-03
2.686082988097931654e-02
2.085110143293425564e-03
1.642414790810744606e-03
3.344336433986665452e-03
