mu sigma mlo
1.5114307104509779 0.2532650823815545 0.9611815139200651
1.181548815382771 0.4624263879652492 1.0137957229870342
1.3430156550461536 0.4486902750159706 1.0678946624335501
1.278326271881426 0.4018306441465474 1.0015298200302156
1.2722680624153968 0.36932589249225717 0.9865050745676041
1.1079862576645632 0.5537217377501069 1.0644403231628001
1.2927749407222788 0.4558587756711899 1.0610844287874655
1.4676914155349634 0.3439202744363029 1.1217005157021624
1.3788266154864168 0.2682736663787333 0.9006870457409439
1.187084935492705 0.2615953611398906 1.0472361408301736
1.1578562109563575 0.46280850873313417 1.0333716005621274
1.2231153321812234 0.5467096878670435 1.127842969350698
1.343986064913127 0.10487569266551233 1.1248265534208595
1.4154543421909427 0.3983511615170007 1.131571280217107
1.3191820321532224 0.11919841566199084 1.103304751064464
1.2172333763321888 0.5373985407733877 1.1214306069330373
1.2065974763243172 0.46629199594575393 1.0558464986186793
1.2431724932116084 0.19532450970429335 1.08309467999784
1.1648307454142928 0.5590854325918158 1.1169125483245967
1.4550128756713434 0.29073546661842786 1.0715087229908409
1.3280217238569112 0.22502033272191724 0.9616641580884131
1.4704910568446525 0.3093667668454879 1.1636845597005647
1.4673304351358212 0.22789366141740963 1.0966853324213073
1.4206963585207855 0.382844122651911 1.1421530243265443
1.3689411559844147 0.1344688411393153 0.9122861908327791
1.3499713553512132 0.22052635498662768 0.9471677535617626
1.3312339917062763 0.3462127625931642 1.0268213802194168
1.1920217868720222 0.4473820613800534 1.0556496098693466
1.3082148763546275 0.2934455872929362 1.0044037005812332
1.399065021511825 0.15355716342436088 1.037877606711845
1.3962456999372916 0.23695296505826835 0.9570709284913703
1.347419341252644 0.21672805823820315 0.9645927715626452
1.31310559493614 0.40631053192203953 1.0700770288311472
1.3115610702426863 0.44215829678441093 1.1037650318723389
1.4278737118169054 0.2760402393500074 1.0404139907667789
1.1680978876084818 0.3032198449211616 1.0506037674796362
1.4018609800630828 0.23576819430304158 0.9713451560264655
1.145728761236139 0.5435867663189103 1.1125095798662819
1.343344051895861 0.21373624689941598 0.9799015482320655
1.3760965232612523 0.3546968440369399 1.0691463495898326
1.2884166873742493 0.18625307733547913 1.0676630128291464
1.3839865950508554 0.40898463614449293 1.159549970406431
1.2587384921841953 0.36822395336493935 1.0360486771353354
1.060958824406728 0.45814099865452157 1.0512581145680138
1.3470525596636742 0.17308039982832746 0.9950037972772344
1.3797632090272298 0.1441284659959157 1.0566967335594935
1.115567589085875 0.4956852479233009 1.0710943559227257
1.3844988548096344 0.18665635517475354 0.9258763323647261
1.2280797240294294 0.3855575391457819 1.0428385050410938
1.309112454396389 0.3330199017959343 1.0309287492903323
1.2693755300805476 0.30554107044109935 1.0256636310864853
1.36174232131002 0.1608506519694843 1.001247014029899
1.2281235395535348 0.47291781938117355 1.0962111095465377
1.4603630390047058 0.23989208361286582 1.1284575483213877
1.4087200744562876 0.16226815651210957 1.0928286847819113
1.1448313403251116 0.4387031547701864 1.056277445210584
1.4557142858809269 0.2563419716954942 1.1194006173764341
1.387943289454021 0.22415825923637406 0.9917287780311971
1.340012493270408 0.3190121468619055 1.0371703089825708
1.3822122168616713 0.17748382413536828 0.9958399645169105
1.4157781653170263 0.29857613560147794 1.1765795547286177
1.4190540310756372 0.17165708594463325 1.124988175224931
1.2565275829809632 0.3587011396655156 1.0463033897045997
1.3201194108027388 0.2626911389745752 1.022837976108915
1.3216445034066775 0.27262437419888236 1.0236265523142445
1.1697054796852728 0.4467579137273465 1.0702361230864226
1.292221155232164 0.30807187726996826 1.0343277930763215
1.1067949129946069 0.34887477959097857 1.0610987940914869
1.4390745659898694 0.31649248340993635 1.1573453887047462
1.3727223927607972 0.17708670818430766 1.0241945668173604
1.4179676957803555 0.30418714219192444 1.094606899998344
1.425247767904887 0.33554040320951767 1.166737337997309
1.3562380854288842 0.3600149457390271 1.0858208105835219
1.2603315081412645 0.37600352260969105 1.0581918864253101
1.2631336967386622 0.3567689940418349 1.0509756564481456
1.2795562761622608 0.2761127291384968 1.0391598554147348
1.3531238940145538 0.14966305708228578 1.0871053145370155
1.3700183643513064 0.26947708572099066 1.033161786981521
1.208798397401547 0.1642023322344448 1.165062939293374
1.3115181950773507 0.1386661591283586 1.1345767082180298
1.4238596151621181 0.20775685434524185 1.0818719583199476
1.36763442221456 0.39320692221287445 1.167790293165463
1.3857697210617586 0.33565934941836684 1.099031270149572
1.2655097665977442 0.4669630585941418 1.144774939219576
1.384931110630771 0.32375871816067747 1.0881335389706066
1.2469281691070113 0.18554369502925527 1.121117923030589
1.4232557551739191 0.2061491467305558 1.093498330165734
1.2784664851941723 0.426873745015781 1.1078736354452883
1.3708861165313242 0.3470877640046014 1.0985534891351663
1.3625876651303268 0.32278869878015937 1.0730713358645652
1.3787203149241085 0.34236163856852125 1.1021788549458043
1.2677815554866232 0.359112683916458 1.0613914445717605
1.2087021251906263 0.38247769380875196 1.062699709836172
1.069345456952445 0.42562281111375916 1.0667662047589472
1.3491516896076345 0.15640927014359873 1.0967292351103026
1.3339000613339311 0.3884604497992625 1.1129650773388176
1.2179228027848537 0.4480215225858011 1.100368128644544
1.371053010216777 0.2485127738576367 1.0432610431939187
1.3129150465637305 0.20467555535421073 1.0658454290577788
1.316431696439265 0.29815280968593266 1.0506949536868055
1.1935538662101721 0.40636533530825575 1.1810948832481136
1.4276034559195403 0.24935712024833478 1.1054839480164897
1.2477322786388823 0.38129521740699324 1.0717368752590997
1.2363925506522457 0.43196652068238084 1.0987726508290685
1.4363334150556275 0.2625357257822655 1.1320085038151304
1.4060224417033154 0.2904808709769308 1.0994204025668364
1.2713052056617056 0.2602262475152239 1.0617950951443211
1.2867686791112138 0.17668713817407372 1.1145308235739877
1.2301813199502858 0.4570768919126911 1.1199625351967708
1.2295455995279758 0.183521430076529 1.1397206567898484
1.3775204523625126 0.14909951955571255 1.1621318696165444
1.0772854912187837 0.376516735057806 1.0728306234001452
1.3350270023751534 0.17580762037268502 1.0884818706818578
1.435684875610384 0.23157666247782452 1.147668302042689
1.3174600107513816 0.24885684267414346 1.0540059837762334
1.186950910475432 0.5071001055597432 1.1653176419328632
1.1100717828278581 0.31897343919918814 1.0839114554069573
1.1944860824742933 0.2843793801233602 1.0782865076268942
1.3989503793354863 0.1717799707362798 1.1701955811581093
1.198643353747171 0.42721517470604076 1.0909042191068725
1.1361678837793079 0.4224139722409421 1.0780402446507378
1.3974440386253275 0.2935475243935552 1.1035546750970524
1.113795578288543 0.4340579790773202 1.0804474731192713
1.348840740559016 0.16381674386999584 1.1076746814235365
1.3791457548761463 0.2830905988497944 1.080669368944001
1.2619895283717415 0.4482543431231437 1.1439751598935506
1.4008524625182988 0.22676657399122432 1.083497702202893
1.3534642042059035 0.37750353092519734 1.1418555970511444
1.165146449328769 0.43760400231114255 1.090351773963395
1.1885272884144342 0.3657921287829917 1.1822904145757442
1.2186851325538381 0.4611339945014544 1.1267115348755032
1.3892521808886766 0.22968564653899487 1.1775468670527998
1.3951866876559804 0.2215621618714372 1.0810017722973595
1.406932144585039 0.3048650334037443 1.1295111053713012
1.214641072375613 0.20798525358060965 1.1257128473058873
1.2823516950252172 0.2933758031118017 1.0635710201728257
1.345734966917214 0.36309104065417586 1.1180590385925524
1.4218105840371669 0.2480979071441082 1.1213145390396717
1.29958818021243 0.20089895470401375 1.0923039812107247
1.2884380296393414 0.43285207610127624 1.1571825448423707
1.2973489054658711 0.427236204773021 1.1671513126176003
1.2108283943444653 0.4803337362410632 1.152624106027627
1.3911279727614279 0.22292180531134365 1.0816936308873322
1.1721936142688918 0.4887347041615313 1.1335793758227204
1.105804645780141 0.33153910036503875 1.0846258321967015
1.294868429308555 0.29337893301817225 1.065470605181631
1.4218830828566795 0.21722924105301913 1.138024802008692
1.4113353896621055 0.21718400449584965 1.112107559576521
1.1998416371955778 0.48456395760134696 1.17009424421898
1.388035643765301 0.1822094959369631 1.1141925920620597
1.3993483677599925 0.23294505274621366 1.09274539553433
1.247397612498764 0.41678833101561263 1.1090290992614618
1.3128155694717196 0.3521109065696041 1.0938195138755495
1.35429253034654 0.17208641072221031 1.10696850556294
1.2465216293315402 0.28705595243564486 1.072476739606909
1.3818450688425905 0.2367004455328174 1.0796326274086483
1.1880459153241976 0.43873834659066774 1.1043904909111755
1.4010934293558384 0.18004322324843028 1.160421496558625
1.3167490905916772 0.4060194918672262 1.163115437736804
1.16646585196661 0.2759494397829316 1.097382801570395
1.1546910021750572 0.2112227079667148 1.1498006002692172
1.1732657485230722 0.4896310166695481 1.1438277416036828
1.219985774941285 0.4533809040689186 1.1309837000286258
1.2962630399754709 0.20161386213641738 1.100046789766653
1.2037643763156582 0.4627415499885846 1.1325024337520173
1.182435182869075 0.25077564614454395 1.1084296498006925
1.1610197429735925 0.4561153370996072 1.1091715989690727
1.0857965391544626 0.365033353275495 1.0832944459284761
1.3232497647373118 0.22878101619880806 1.075296030782247
1.255760456311334 0.30158733860755194 1.0729427222163261
1.146040904563713 0.46972782643021566 1.1133778080995496
1.2442575019228963 0.24181149829195353 1.0937917897397296
1.2279321207902127 0.23657338444912202 1.1820492859539073
1.3434017608262994 0.2303168171995566 1.0741093140182962
1.4019145048742234 0.21316321577029132 1.1147031091206472
1.3405732572576305 0.21241873572416348 1.0814667559688542
1.228043510669158 0.202215069507518 1.1313323562222082
1.1998609086157643 0.3313980441773741 1.0775532703407202
1.1772610042281193 0.321393252332261 1.0810437235868253
1.1376759078656162 0.2637765690077849 1.1142515827936916
1.2914757478017687 0.42027291257782334 1.161802767398206
1.1745015480616827 0.4751928221245867 1.1322165488483482
1.3371833431518458 0.2554410740076553 1.0737718374638379
1.2770418655726177 0.42677821130038496 1.1697843781988153
1.2257615236949007 0.2575983896594077 1.0929614806272006
1.1899209589773607 0.4019321017107356 1.09152692081834
1.36899447518509 0.2412078133492202 1.0826431187931478
1.095250901803165 0.3222028376590547 1.0951313378256022
1.165571434220465 0.4818146487159213 1.1357150563379987
1.2065038197772653 0.424797140052332 1.1080844957852223
1.11326466042651 0.4187252466968688 1.0881145546033348
1.2611269795339262 0.40862051179281095 1.119005695795859
1.412468587249685 0.20584511190641744 1.1648290676479065
1.197746951702094 0.3013020465914394 1.08428920698362
1.3644640161200923 0.35428211538451454 1.1651579282865647
1.2872103446727239 0.24298194172472204 1.0836246714434297
1.3640258187151866 0.31260065240925095 1.1108118065873511
1.28811855266148 0.3577993511515297 1.098299438281473
1.1265886687823756 0.35484740573048057 1.0846438369177482
1.2741780348150256 0.2239349881194582 1.0983897288362925
1.2694797353276193 0.2804003671700092 1.078499566860151
1.222728905964377 0.3833313042488268 1.1795026838927616
1.355473730665715 0.23629469380049828 1.0826804545667217
1.3801605494538989 0.17210928370898665 1.152806641106766
1.2367320128306898 0.4514277984244428 1.1631036788470746
1.1709667369017953 0.40238139544146917 1.092837914176743
1.3638800423472417 0.3506319725620507 1.16381708574026
1.37144220141413 0.16709126967139787 1.1521819177555976
1.3333103975510732 0.31766874533656786 1.0982632314281895
1.3521959010995366 0.27407137764962924 1.0888713374042585
1.308368482104846 0.2631411485529625 1.0796328050115034
1.3247337941664699 0.2604886025112905 1.0807541366013378
1.2778512150176744 0.20836564734163887 1.1112891872874924
1.2009537407770876 0.3792687542909769 1.0914211835212884
1.3840502797967114 0.24043598541633168 1.1041822832061903
1.3643754209744312 0.22499748217759943 1.0935730483312622
1.3674860948359604 0.19140647084509893 1.1755934737297624
1.2941537862786165 0.38910436508271834 1.1306417128908823
1.4100351584744555 0.2213167286502459 1.151764895588541
1.160044206111388 0.4549382281125817 1.119025192998934
1.3018384215005474 0.16273858277229086 1.1497633529923403
1.2706480509008902 0.34902792583433656 1.094668806381652
1.395272380404132 0.30294204281503273 1.1655794786486022
1.245430364975066 0.3582943266125196 1.093426874853645
1.2642494870947036 0.3171781260420817 1.0851080982847137
1.3336540243744113 0.28972032079367444 1.091414101774701
1.3430236354227016 0.33147609379476994 1.1751097596319935
1.3312707734903035 0.3032076882577888 1.095729482307294
1.120664349248433 0.45312891307223546 1.1088895820536198
1.1404880344986101 0.3441357333996116 1.0894568646703071
1.2972175265432033 0.3744059714772221 1.1749841187901324
1.4066451841895606 0.27354897758956687 1.163886075429623
1.1395769883520104 0.25020786102845616 1.1287299019011543
1.3009193661250182 0.3907693996410551 1.1450818921904244
1.2627416486981007 0.2237075937970529 1.1087990750616223
1.1195667751982037 0.36334625862239356 1.0899283313317552
1.3574372208548016 0.34668387083825664 1.1554995677530007
1.3412263420463826 0.1589891508567196 1.155597924315685
1.3268048768449336 0.1634348843036808 1.1740438651857146
1.2886408357819739 0.3868926434816075 1.1741169092332933
1.4016211499233147 0.26683763585350023 1.141571292802288
1.3507455006058684 0.19452774701340292 1.1117296963453311
1.258062821950574 0.3443025737274281 1.093519448268098
1.27762037777419 0.25283701096745753 1.1808765421050393
1.2451900589519598 0.2805058422408956 1.0890943981121814
1.2272592834999119 0.26123401965057474 1.0991410211114054
1.316598568247618 0.3743518203317963 1.1420828996527488
1.1311657693008794 0.3480989821075807 1.0913132250634987
1.354354901033423 0.33861383725154115 1.1411026257109829
1.2593413928929715 0.21835870200612872 1.1145964150356908
1.2642119069654962 0.18252015585588915 1.1769390925609016
1.187754464191713 0.45498471354334563 1.137679353121544
1.2749654872096121 0.32067576820266336 1.0904597121122162
1.171508196895216 0.22925241864090737 1.136431393264956
1.3949010020033996 0.19602596993093999 1.1596632934146234
1.3095357826136271 0.3759950759233291 1.138553064734103
1.2533488223864002 0.20882988019901286 1.1248267920805448
1.3383720123232012 0.2851204575935006 1.0969484602782826
1.1083571536824117 0.32377604555462175 1.0999072826086023
1.392542065696182 0.19372089134900203 1.1658679442211877
1.3634587578394584 0.31889917663890643 1.17282270746488
1.232673677189782 0.32288460241931527 1.0893441440844909
1.3105213155364097 0.3394456756970024 1.1115279510869505
1.3496033485467898 0.3315386383108221 1.1331075371540302
1.3942075584692142 0.1984380946704904 1.1656209168000344
1.3957505088233515 0.2266520939126149 1.1721833230839707
1.381959973217728 0.2681847350296234 1.121572292069375
1.230922865265934 0.212219532245898 1.1317365653587026
1.288901497618276 0.381973134350422 1.1314889019732968
1.3065546990738137 0.17472145651015317 1.1411266544088814
1.2328624476235657 0.34025711127681735 1.0932690324118794
1.4033797401941421 0.2611394983246262 1.1594679879059084
1.2074150661346197 0.42714754618782386 1.126562878456688
1.238453028883013 0.2795950866097709 1.094103239821419
1.3004412781723178 0.2835700935796807 1.091161222142912
1.2566558916325796 0.41893157819333526 1.1526588105318858
1.2391227472919968 0.37775108798819657 1.10835266991117
1.3053794695325873 0.2751834498480026 1.0921295397578057
1.2416822213777572 0.3099520031232484 1.0913878587664787
1.1332957232336371 0.441515206402675 1.1135364668899885
1.3764187022822572 0.28490551726584973 1.1281829389133788
1.2090606734426044 0.26553855233427753 1.106082593849755
1.386864780865587 0.2142717099491766 1.1342217790186884
1.1348745531523254 0.4505750928247959 1.1192368424006998
1.2607213592361128 0.3777756686573688 1.1174459934391718
1.3865977852109392 0.2412902590664068 1.1267719763484618
1.190702668416472 0.2357013206344847 1.1286690038124099
1.1276918608696203 0.46080924959041003 1.1242304151112334
1.1478195403692597 0.4725646643735721 1.1431533562580896
1.326446442817855 0.34710506765967836 1.1735177144602644
1.1468284235225685 0.3416938784785382 1.0955034860245487
1.285668786369547 0.3369166814096931 1.1056690425035085
1.2394107007942072 0.4079056277025639 1.174588763271441
1.3091550758208328 0.21734708768399383 1.1082051308758234
1.236876494981801 0.42594205026316173 1.1495992486949986
1.3043923066776792 0.38524989901268036 1.1662459220989396
1.338796303124652 0.18130089273538458 1.1749346182488254
1.1683888946231984 0.41971516226927186 1.1130035494732862
1.367238196272527 0.26544199796302975 1.1151218654635666
1.3139860118140814 0.37212785233604256 1.1525306802161825
1.3962297418776646 0.23047442757192158 1.147421352107645
1.2462882250373748 0.3839447063770762 1.1170625033862016
1.343119841119508 0.18045349193081162 1.1374197512604491
1.3004453757841303 0.333852132166542 1.110318267493664
1.2356985940051364 0.2477370890089602 1.1096390516978443
1.3001560395424212 0.34253368854565897 1.115039086778629
1.174795371028736 0.29916055795641855 1.1016608394260285
1.299492909647938 0.27410451550315473 1.1795148834755835
1.1433394110668864 0.4527021589966803 1.125907684258437
1.3924834893577827 0.2639036469691658 1.1478089228127488
1.138690089528248 0.4134233916303131 1.1063600967815639
1.213756141231948 0.4448591822385803 1.1632040979352671
1.2574999068207344 0.2131624008128809 1.126064334810808
1.3872339277409573 0.2573066675484596 1.1366154748624422
1.2800277374315803 0.26588333231293565 1.097174798990011
1.2238947320590037 0.29911547636677416 1.096590767024723
1.304735522246304 0.26204416374674633 1.0977157900044656
1.3174012689043175 0.17748268044976673 1.1431636332235722
1.3257755564288778 0.19033329234301452 1.1284558740804738
1.2376568449550895 0.36783855126479226 1.1780665440934426
1.2180251725500082 0.3645800202699385 1.1033491037288816
1.3193640944103169 0.31681700817987796 1.1765756761837716
1.310700582309694 0.3578848589623468 1.1365667498367558
1.294303379994086 0.37079017498742334 1.1363591470333583
1.2516633374302182 0.3251218299413935 1.0984303730339469
1.2971701180927533 0.3835133411204071 1.1564345157174005
1.369219377900599 0.2029071569851448 1.1737021324014942
1.1830870065030585 0.3753652965735096 1.102198927505497
1.2738593982431734 0.2862407475477602 1.0969211354774562
1.1357186570689308 0.3724897276706401 1.0987844699769425
1.1756808899070241 0.31367683223003046 1.0998822230226903
1.1714441260424997 0.26535130906290233 1.1180199385441227
1.3329798277425784 0.33615388755036235 1.1731236894960761
1.3220572366789693 0.2869311037284493 1.105061188793964
1.3149322074313479 0.19231151330536422 1.1766171669604577
1.3331841497147565 0.2617083695427113 1.1043284806822722
1.3263209678915464 0.16800257327453033 1.15878972274834
1.2693718411411852 0.2897141590555344 1.0978610587307247
1.1861034897991627 0.2032904202725285 1.1613799649864842
1.2532222312080181 0.17715867857870196 1.1654658574799164
1.2042505744089953 0.4087147964279282 1.1227659431232768
1.2440394009721847 0.32461005554314015 1.0995667201333537
1.3546376774212536 0.17408110232071197 1.1644628486002935
1.3573416270593333 0.3107801275289658 1.1407034773148526
1.1762926605136403 0.43213108578845244 1.128300907380087
1.2489071995850525 0.19962315280235687 1.1435607782278319
1.1442708218538649 0.25953064697311984 1.1290497749391948
1.348687924374235 0.3032204096398637 1.1269601264515217
1.2409606102892798 0.2532712728277519 1.1804770634640522
1.319263851710298 0.21110542150118783 1.1182917043285456
1.215276909038247 0.32101296519590755 1.0993232929610026
1.125253939434446 0.29623360887099626 1.1144563654359605
1.346700578589826 0.29290290746947306 1.1214431581839412
1.2940117062793648 0.19505830321785278 1.135016213699049
1.1294573897721787 0.3890752990505511 1.10353542168814
1.2969209739552645 0.36692015882131235 1.141880652211653
1.3710731437399781 0.3038460914980833 1.167042484391906
1.1966668758903636 0.1997168836774522 1.1628798891766294
1.218906354199544 0.4110568111606419 1.1336725630133924
1.2917428917528557 0.31769965889788715 1.1777524151307261
1.2802589622137819 0.36842848643877685 1.1316371426560892
1.1029551598860188 0.37739612368786885 1.1024260555991772
1.191981634374999 0.399013528359883 1.117482825580125
1.2233443198475014 0.2075938528083456 1.1476562103543921
1.3215799405081787 0.3347288331096812 1.1349601868638506
1.1776658695731859 0.35937046717205245 1.103810975786762
1.3242931398052884 0.35208491318923374 1.1592145091573876
1.3325350348466234 0.20172603033146233 1.1284947644387506
1.1369013235585086 0.3462342568814677 1.1032868945891916
1.2692468338566067 0.2277891319272111 1.1791516665985664
1.2927245057502887 0.1699389590974296 1.168284289758314
1.1919027168910477 0.3628749788918191 1.1063168429702874
1.152003258436023 0.38262430703077743 1.1066035931939098
1.219756397038126 0.35598706587217355 1.1084871538682513
1.3400593032093835 0.2901090003993069 1.1754537729717462
1.1633334745207011 0.41349881569154945 1.1189272148335967
1.3224312323020047 0.23787551943257906 1.1120421002379195
1.3224708280478845 0.22753206802648748 1.1153659951661319
1.2818431997472 0.28624438968975063 1.1790836544031444
1.3603739491857434 0.30782283547996026 1.155287209616459
1.2385739693528366 0.37957352839280983 1.1240326546328716
1.35486787372926 0.18799479311350856 1.1528371126543706
1.3701659042993324 0.1933237244679949 1.166609473569361
1.3265542566514767 0.18984508977365688 1.1406756558329294
1.1794187938136247 0.40496437972483496 1.1195035481492264
1.2870796471348598 0.2878886983546017 1.1058795143732172
1.332943015942374 0.28132964175968667 1.1163899551047352
1.1746474498518873 0.4541300926657276 1.1616456896487937
1.1597957276986182 0.41017973364062627 1.1178687267854102
1.191576708545697 0.24286860411336045 1.131458726988069
1.1586749954558475 0.3075668621005977 1.109049178176833
1.2520170296706392 0.3916716293122408 1.1418515776966407
1.1500392294008723 0.3927095952381326 1.1103565249291045
1.3680825883547527 0.2438032320663389 1.1323084117354814
1.2067962312208529 0.4356227508137297 1.164451630372125
1.2462536728601121 0.3615029720712983 1.1183296358200887
1.3528060443742975 0.3143436309529797 1.154765474217883
1.2848582948057983 0.3091523096614868 1.11016857453088
1.2557487475043425 0.2668509502517462 1.1798248388887815
1.3791930265072005 0.26635225431718995 1.1691945059497033
1.2582705903476548 0.3377987240507931 1.112790823947762
1.3784462241464128 0.26462759202909625 1.1535067019148166
1.1284536336833642 0.3780553972318252 1.1068413224417502
1.3768609383416068 0.26562684874001224 1.1517351399964124
1.132462901571619 0.2776769157198857 1.1256863239919195
1.2766057520553398 0.35277816043835863 1.126444055982337
1.383262394526812 0.2525157286874113 1.1679348161562366
1.357760652344481 0.25740593324806976 1.1276676767595557
1.3247067774686374 0.33399870894740513 1.1449406813109548
1.3475991562406449 0.1935152039133379 1.146742305539605
1.3671479527912649 0.23877600952253222 1.1350511288814231
1.327882195351736 0.17946525695045695 1.1564297500352159
1.3135958992623222 0.22961734241724588 1.17767112953947
1.1912657977210208 0.36806364818582343 1.110574584856509
1.1598780513302192 0.41450858449786665 1.1220556108817166
1.22579971008146 0.35170040802484154 1.1115052092723285
1.2222612398951929 0.36978118823144146 1.1172168334850525
1.222350154785059 0.41316134368669605 1.1485190961365541
1.3828488887361807 0.2396086631174727 1.1592129976263301
1.3535864184432327 0.2977733130965118 1.1444762242086253
1.1580160250876665 0.25404849025990034 1.1345629904709906
1.1670977138397745 0.28443586427487194 1.117082430275158
1.2613194541625106 0.19073798289654514 1.1555136153791408
1.1580997824253334 0.29103318446827275 1.1161614023938227
1.3724878560427738 0.22990513413911784 1.1459024557094806
1.1998410747954042 0.3841246502025512 1.119210392642903
1.3818549630981605 0.23361940932963213 1.1632989011317014
1.1333020448344413 0.3518210022867497 1.107410362913477
1.1747946191580287 0.2333331264993292 1.1451668003935858
1.360785777188994 0.27764476538149235 1.1412136390206478
1.246694891038206 0.39264423654730035 1.1726378690878316
1.3271334887156616 0.3321146793877773 1.1710375018952897
1.2368276063188954 0.3993167194375066 1.146612085858445
1.1867693530359256 0.24867011380995363 1.1318559670090993
1.224254082660952 0.2595033538881276 1.1183449034223572
1.372619206220323 0.21498963413953823 1.156426237625189
1.1727635703112618 0.37212939902633063 1.111748467202639
1.2110652522898868 0.31484713061155184 1.1078965963057203
1.2934236549162295 0.1964003408511203 1.1438382094181283
1.2283280719760103 0.30338972282022975 1.1084592324744644
1.163384178610081 0.44913424852474765 1.1550059467413802
1.1520928325894095 0.3794633761804595 1.1116165795213515
1.2640746233632303 0.28801267761893795 1.1790783416371278
1.2818287210497092 0.3020882399506715 1.112888576557303
1.2710225306316296 0.2776558429050685 1.1106939801672393
1.3318515190210118 0.33194791119700967 1.16161650769495
1.2677439023976245 0.38789206341884175 1.1645864233698215
1.379750772591468 0.23899786367171316 1.1660631052672101
1.3421485917379832 0.1928874334734649 1.1516651919719882
1.170021837838291 0.4288965442967066 1.1396497349943515
1.336909884433148 0.23178656161818548 1.125382309888825
1.3684980512724685 0.2171492246802997 1.15310289442519
1.226735555397942 0.3119889955541293 1.1093128933025866
1.2308315888770232 0.34719526757872954 1.1779765813067402
1.3420619036881931 0.2567159720409489 1.1255853875923822
1.2415489617118247 0.2635666318683277 1.1160386376882108
1.3175163327708603 0.3178585143196488 1.1342204253770003
1.2094939699105143 0.3319870657058956 1.1101636174510954
1.3239624500338452 0.315175166816552 1.1377779688430918
1.3494925053906641 0.2706588394729021 1.133953196617849
1.1566494129333877 0.3975583875476927 1.1191002576363585
1.3376129878977903 0.21548662429285517 1.1339447230847606
1.1890787965328335 0.21425815246016627 1.1587473290124293
1.2844284169854219 0.2727659198991312 1.113253300350336
1.3066461775422331 0.34324204526772656 1.1482199490753873
1.3390565284480442 0.2643963623323892 1.1264202731220074
1.2725687740052893 0.23741770571040657 1.1229257830454265
1.1351863107672915 0.39026818147189585 1.1144546258561139
1.2412565305166048 0.32613443459837516 1.113209822570002
1.142367258443007 0.42609683497859463 1.1296898896919845
1.2759295088808482 0.2035185728656005 1.1445772756698014
1.3175737275241959 0.2569754763570008 1.1769024010622773
1.2429919990215943 0.38900039814569476 1.1467805633619301
1.3717781604500698 0.24758055575613144 1.1547490036778802
1.1790649284870165 0.42573082075754193 1.1449115545892607
1.2582221192314562 0.31710017263369744 1.1148378371048562
1.3126684583137762 0.21340863317085404 1.133567649549473
1.3587202340897835 0.2713330478211577 1.1460799751816473
1.296277606641849 0.3529533205948095 1.1514425018096903
1.3729759077609192 0.2580470823375016 1.1648094162403424
1.2430380249449393 0.37261001550176964 1.1338689797214312
1.2244255940441282 0.29003764257733367 1.1131815607564137
1.113510128987455 0.386422118555912 1.1131630428525532
1.3488613043053244 0.2501793754844217 1.1336261751713532
1.3043420855029924 0.18452044718399163 1.1595213434204044
1.3477700560512407 0.22619506359800406 1.137096337044318
1.2184196587726153 0.34035435183103435 1.1144996486828231
1.1738940269625484 0.3067250240671505 1.1141812083174216
1.351021406228754 0.3025162294421721 1.1664164266546888
1.2789543251375552 0.2693629829403499 1.1155717284883984
1.3266013155437155 0.28168545089764335 1.175366360510007
1.3109696042966033 0.3453495277236197 1.1614587248100952
1.2553561952455716 0.390964984731921 1.1670790384510208
1.351334656169916 0.23868933203087042 1.1367976900287529
1.1903536346529988 0.42377881840433507 1.1516729988225605
1.2238326674067586 0.20472033512110588 1.1746850616081521
1.3439416143657417 0.2693134182626696 1.134232686563668
1.2020803338347439 0.2579648308834176 1.1270119051476164
1.22410763203047 0.37756574675250903 1.130102154809593
1.2942124800392154 0.2904669244198216 1.1186386964944246
1.2711319692102228 0.2548049302847984 1.1189242214995574
1.2638576125574996 0.3328852088226563 1.1222382814396519
1.1817288873638176 0.2136451486935919 1.163351759593576
1.118428462394167 0.3461162939384493 1.1127218685331854
1.2407021518467203 0.3920267842782007 1.15169987747582
1.2443709529985663 0.19206274364807172 1.1657137125659496
1.3045661971888576 0.1833764088091845 1.1626071949608283
1.2520316077477036 0.2274765470113471 1.1343466026727487
1.1878068817815874 0.4331911001089961 1.1656703115171876
1.2200539369252523 0.3954797419856054 1.1424267228803187
1.2843541235579408 0.36249948569672685 1.154127744683635
1.1841750590301918 0.420994991807802 1.1464729895474504
1.1738082836653883 0.4393660888822214 1.1618913846282972
1.146936654511042 0.25757629505734486 1.139557679974434
1.235757981915424 0.32288374887544824 1.1785182490488642
1.2306710129731981 0.37986763719533284 1.1356788449704562
1.248526433613952 0.3044036069449173 1.1141110134787844
1.3030094000266443 0.34719215673053955 1.1557291015073743
1.2791068949793432 0.2964671276469053 1.117553005508219
1.349199460389591 0.23505967979235862 1.13875036896609
1.1886858013061947 0.43162390758075814 1.1659343412794583
1.1663810461621162 0.22971817246873216 1.1545495058297168
1.3083134476704807 0.25653312559241265 1.12154765524246
1.1244331914831411 0.37778437828827166 1.1143885180457573
1.1822870065678996 0.2336037352731309 1.177727099652385
1.1979559890717861 0.361205141923252 1.1186481268236368
1.347285844825353 0.29470519840284276 1.1539731116779846
1.172851159709031 0.32278055951847145 1.1137070826032975
1.2569769380309301 0.3668668554931974 1.1408159182493804
1.279024126500521 0.2724736440254494 1.117617225905839
1.3268255575493204 0.22574660924124113 1.1331663206544667
1.2591464595446713 0.3659920171166749 1.1422721142812091
1.2869284805201109 0.2023182021556409 1.1751925256540627
1.344006195331581 0.3060428866745081 1.1658044458802537
1.2837492372479966 0.23078373398344357 1.1292286773083298
1.2309405468286168 0.37416904699795506 1.1344353508743383
1.3008737277865925 0.2565759269165288 1.121844554007245
1.2555967139558712 0.2598936312412115 1.1206989053629492
1.2502387716762635 0.28278780504793827 1.1165729568114582
1.2044943550659781 0.41641188270063934 1.1587260050164436
1.2074578746078357 0.31982075528025694 1.1144772211803167
1.2214303515402274 0.29595930972910744 1.1159466267653002
1.1323477607311807 0.380759060447622 1.116868070364566
1.2497694342421193 0.38786982427733846 1.1620418528643526
1.252291243773616 0.2657315951322853 1.120115719087679
1.2421853282547357 0.25740348190029666 1.1238376857351593
1.3015911955398254 0.2710217408694539 1.1768623968225624
1.1807709514562883 0.28642173842071617 1.12160226427772
1.3358758011429541 0.1928366685234598 1.1631786706607135
1.264357403079205 0.36070135245497753 1.1430520658690488
1.2319830836645356 0.34534289865512435 1.1771445400054072
1.3248474701823185 0.19952251859075393 1.1519153997293996
1.3072304896640188 0.3229866999993213 1.142389266368558
1.2387479118011924 0.3075406630500506 1.1164470870812577
1.3266219903469807 0.19507650207461533 1.1566012711729408
1.3267847390600753 0.2058637376211721 1.1474897426900323
1.301543504711797 0.31972484995994616 1.1363964471540386
1.2740730716251365 0.20775733123515655 1.1474725408646795
1.2742252275241217 0.22949667507324856 1.132849277477461
1.2656583809920114 0.2503196033939762 1.1245552322612777
1.2400347847033684 0.25850086520565857 1.1241917742340386
1.3096803094567413 0.30127988611662826 1.1320961929247386
1.2419661639971535 0.3877618864542206 1.1547420193831137
1.2644403497746897 0.2831700665390621 1.1185145022812473
1.3223012724039733 0.3215674644162433 1.155604749650723
1.3266032565396573 0.2870835669502052 1.1362209478023766
1.3136314559828357 0.21811577851489208 1.1383107565358452
1.1840651263716537 0.41301770679845246 1.1733491375327707
1.2948922055604388 0.27187450867871377 1.1222748713388235
1.2689629211773865 0.27491021165193247 1.1194858650981365
1.3016878798012703 0.3304284163905269 1.1458234310090307
1.212248549470106 0.4109372485318128 1.1633717966184087
1.3044582584147975 0.3396090596306132 1.157746767667514
1.145756242911633 0.3901886584185694 1.1224095368162832
1.279561652146765 0.33755809575996815 1.1373051140139734
1.1716203152511975 0.2982240496207609 1.1204576254265266
1.2671316093586102 0.24026676518288412 1.1292812798509624
1.2076661820684456 0.3852366931926703 1.1359094769016647
1.349028651700916 0.24281480309449838 1.1449172119827524
1.352576458659033 0.21828650077191977 1.1709189609300965
1.1963688699985018 0.39843283401434676 1.1403327629624644
1.2199428038191336 0.285264981425998 1.119451872748356
1.191424668870074 0.3007824456394127 1.118545606232713
1.3306802480804272 0.21651375506053067 1.1739485458817556
1.3389311442114302 0.219578974724992 1.145569449542473
1.2196322545139164 0.3781267585858677 1.1366843136937805
1.1625836184205922 0.4006585644700062 1.1305830460572088
1.250076572399843 0.24361117767845455 1.1303626853608928
1.177232778082061 0.361695583223494 1.1198660108868157
1.2611136919565875 0.3133436032544074 1.1223863431113266
1.1608341314627966 0.37408118092953857 1.1208046229141746
1.1696394518785285 0.39935383717292255 1.1323059654790777
1.2239536397593778 0.3399608375479395 1.121806797145906
1.2820344988589132 0.3460579039336818 1.146921471710041
1.2732211132718165 0.29214959134999946 1.1215876901103856
1.3016484651061027 0.34325025414961446 1.1677473550448272
1.2761160482550147 0.20168921500535653 1.153971232718517
1.1507495471595937 0.29625666737008444 1.1243129231348543
1.3436389233150385 0.22188401448952713 1.1488173695715562
1.127912372620226 0.38054211445665587 1.1191522631487594
1.1700436762605981 0.3636641600325586 1.1198999344086982
1.2790712686158447 0.21213332570652346 1.145565840487254
1.1671099234525977 0.3692516509616728 1.1210658489210004
1.1838950096302252 0.4205091255678925 1.1558823643465406
1.1851405334544929 0.42118561014542577 1.1704452077163299
1.1685287034382572 0.34772882484951895 1.1178502335355451
1.3163552183988583 0.21845993666578306 1.141408617615626
1.34046077793784 0.20103252788619777 1.1637883848703408
1.326722913990152 0.21969497361729173 1.1433131383027395
1.2015606297954091 0.3347395170214895 1.1189000899914485
1.3049974453227229 0.33615776473100223 1.1593067599198281
1.211816189290509 0.3948739076975024 1.1479189097490174
1.2374985051822667 0.2789688610632154 1.1213198376320068
1.2858983496687348 0.34088360477351437 1.1726462373307958
1.203817489505524 0.4021565935195203 1.1500859403862203
1.1230291726228354 0.31929793598088124 1.1215365658835306
1.2177042632282378 0.22740546763614283 1.1768574756840924
1.197505695252556 0.21691710559260616 1.1609893911661944
1.2242532997081679 0.2902602313038492 1.120391527837855
1.3429793849324225 0.27530178772070485 1.150112959580026
1.3211916210997714 0.245910508077972 1.1340283298791352
1.1823689020627577 0.4257470044849805 1.166507276896503
1.3164684671795026 0.23679994713245328 1.1353229208826368
1.1359347873410996 0.3698259106238575 1.1194333594495924
1.2585818721542936 0.27819446418527966 1.1225488387209792
1.2335058933874423 0.33333130549965967 1.124156346668514
1.2741370405111594 0.34583495267760866 1.1450062028946997
1.3316500448507729 0.23217041487471549 1.1419437467782882
1.310466384315394 0.20502276757833546 1.1517293665906128
1.259413978912455 0.2927867248725631 1.1221136168794765
1.332865654942095 0.25978156410682407 1.1396845473440875
1.2283184043909643 0.30662168073441814 1.119937377166469
1.2978438452936396 0.19553086245474768 1.1597268938639211
1.179738731651634 0.261241452339952 1.1789425683073436
1.306218184239286 0.19026571748688895 1.167759403467755
1.1462234749808125 0.42396210371611154 1.1433021294216439
1.3221017173762564 0.31907403982554244 1.1659494278744877
1.1943384748043793 0.38921059378967593 1.17488160877434
1.1293892952040017 0.3021208295118725 1.1265562296845733
1.2016937562896508 0.3607305574642227 1.1769349791522847
1.2600489422270846 0.31922143942810505 1.1264892012704426
1.3123836313344905 0.32648564807248104 1.160281548846653
1.2624191955030124 0.33691665509938157 1.134217663927397
1.2361763532506402 0.31800845764326646 1.1220531867384176
1.2785587401015697 0.2730533055756778 1.1249819374197176
1.127371166952077 0.39657227853995025 1.1253189172732792
1.3252266890718478 0.19758174290319586 1.1698854324002832
1.3290669524569165 0.20072121056140133 1.1610732166374678
1.1358231755808927 0.4000146869340394 1.1279337782669274
1.1418831800202969 0.273805737342626 1.1370245884840846
1.1999525034116012 0.36139302330568224 1.1768476752525
1.1671622250155977 0.23968478253460493 1.1523170799056364
1.1601215939500689 0.3833080774862035 1.1267914223729305
1.1241432767554342 0.3677969473425798 1.119685390304103
1.2890529963871526 0.22295853570033888 1.14091040904642
1.1264481230305277 0.3607126403203697 1.1194234142606296
1.3398690373567497 0.206752265353095 1.1689148594844316
1.1933079059873726 0.34141032778667174 1.1214845124287633
1.2115006991829418 0.39865263931794126 1.1554971001010343
1.2839043775523937 0.258476611495097 1.127914886229868
1.175692874933238 0.22308242894709276 1.1631299095092509
1.2047881958971811 0.2587854265512235 1.1338206505874064
1.2508147757267247 0.20401769219943977 1.1732496721316585
1.233029111907027 0.3731820238942515 1.1733181309769156
1.2137513228744534 0.39629608290612234 1.1545808548092948
1.223934614563078 0.38904741193754416 1.153912963838589
1.1478109576855284 0.3055893794673478 1.1245060636096855
1.1820559098448873 0.42220967017306815 1.1674721478568582
1.2920859211538815 0.19319114650457458 1.1655391039126672
1.3375785516137797 0.267918528041671 1.1484763445635258
1.3012457795998056 0.26527036185531 1.1307009559946677
1.2146789174608714 0.36936203257254446 1.1752017608109702
1.3071381633814758 0.21429784147039788 1.1481798523777456
1.1918239825543875 0.333607323524543 1.1213770705413577
1.2846207470617403 0.25464814421308085 1.1296541228479877
1.3180728884852728 0.27339666201023294 1.1377965042316112
1.2920113615108644 0.2773162963512427 1.1290779756815954
1.132823230528495 0.31415565743878143 1.124448421795682
1.2463039655123458 0.37788676721311987 1.1614601184370343
1.1912463106960471 0.3700712266851441 1.17642851606288
1.1733123814306765 0.36874637615446615 1.126076510446268
1.2942727497609219 0.24331562119173156 1.1340073376597968
1.2884470066111648 0.3285417473934693 1.1462337040725008
1.277766548697279 0.22160115601409325 1.1443516504057045
1.225494144458474 0.39303007755784236 1.1643478615202731
1.1861147536628898 0.3407018986335872 1.122206106071999
1.2223900591023897 0.39148181324388354 1.1588398010280558
1.2128044674524707 0.37520162352443104 1.17459318576648
1.1850039355746191 0.418458272064016 1.1656450164863001
1.299942887443442 0.30946117409060486 1.1420350263989913
1.1553809315124164 0.24440319578477265 1.1529776044918032
1.330585583839143 0.20629387297857554 1.170291893506192
1.329148357219923 0.2694615344254247 1.1731979637057846
1.283444338934924 0.30757302224319955 1.1337738618462345
1.3187865058562345 0.3152526533122411 1.1644436957619
1.2761915110130466 0.20248144587439124 1.1591749783435752
1.2047404493438605 0.3530961209857417 1.1275971564338638
1.3187443800901055 0.3146050263539572 1.163636880133887
1.1994818224995565 0.2618473482191392 1.1348537222494748
1.2796418282049116 0.21797728871222186 1.1473906133567413
1.2386930143762407 0.21335513050345145 1.1570442964769085
1.2980658192622634 0.3359721938595494 1.164250115549143
1.1459505159897052 0.3313285811047525 1.1217619099988638
1.2983098462244222 0.3261575620275659 1.1530915784068374
1.3304014726596727 0.2403403185095618 1.1453190945118887
1.2321844783744433 0.20713985103870125 1.1643281797877183
1.2067753518309188 0.3532195794393163 1.1288644408599746
1.2064397667925881 0.335155657387161 1.1246953220989828
1.236346802108374 0.3555975202719261 1.1390671538668888
1.2051023012483384 0.29751190538250927 1.1787860898261302
1.208110978803388 0.34271150739409484 1.126460658604122
1.2709689302914478 0.350140505001418 1.1537198943684666
1.249945173753692 0.27091948470127564 1.1275714150324103
1.3344351831158696 0.27183261647109 1.1511412211321503
1.2606399467465357 0.19889016170869991 1.1686514720703263
1.1436841925363188 0.3629830197518025 1.1237657282695361
1.3311092593141292 0.28537856799074407 1.1553095103448685
1.1524877471633332 0.42050101178151383 1.1502211826315247
1.2630947235821974 0.27631050189573836 1.1280767999153911
1.2728821170338467 0.30104649313754567 1.1309411968135616
1.257410259294422 0.23816017459743324 1.1395781975550086
1.2525192601518813 0.22893920467016649 1.1453524043862195
1.2075826434076349 0.3747525457799213 1.1405697222169284
1.3451251939086666 0.2258587953036468 1.1642874891838444
1.1456464178136836 0.37748612789818253 1.1270284051432264
1.3464753131615466 0.25546355470444215 1.1622213574609106
1.1691668599692178 0.40397009094767933 1.1452635031537333
1.1537191582378452 0.2641776091525598 1.1429171568931291
1.260313769292425 0.24875800169882767 1.1352348841239255
1.251138896015751 0.2094528233229372 1.159794031970284
1.1739756077889307 0.30182851322776033 1.1264008759552044
1.3143948945212507 0.28749425401386175 1.1454561759545125
1.2001057405444564 0.35490463134072875 1.1300637845781776
1.1861108358858732 0.3434140956815407 1.1255379867088686
1.3375717863108887 0.27019189510802416 1.1571940594393413
1.3011715696328554 0.30194341094683197 1.1441002427159985
1.1776448824988672 0.3730424932584709 1.1321156478172258
1.3154977399121632 0.23535182630870674 1.1448680905220867
1.254875204561365 0.30068968343479574 1.1287005461640176
1.2669226941739407 0.28081597402456154 1.1294537666158482
1.1538557335804482 0.35233169954386706 1.1244284401028994
1.3111487179415109 0.2933157255903914 1.1729689951216964
1.3072632724424262 0.20377565243849813 1.1709152947210504
1.2702293507443492 0.22394378672960435 1.1477284227199487
1.1860148641974348 0.22165595519279077 1.1723458520396581
1.1796489207872565 0.3269195742973056 1.1247648421401482
1.183715641865355 0.26928743764244234 1.1364892413214123
1.1839462035466033 0.27363061265702626 1.1347725618124316
1.2279098284961603 0.36683777588848954 1.1466839433590816
1.1945434094599163 0.3999521647315266 1.156580285285734
1.3036510930508842 0.26722153368383095 1.1385695617204306
1.2777836182004472 0.30768433886342356 1.137746680162928
1.137108173342364 0.39551981793716406 1.1338837061906057
1.1863774459212661 0.3867499845065646 1.1431703311890862
1.2645173866138169 0.3327716710086219 1.1432398036931177
1.2585512562756411 0.3615433052583683 1.1646963714508498
1.264475057298362 0.32048809428930003 1.1378029222497352
1.319487407926388 0.27273095440657513 1.1470803139112347
1.2278785386613733 0.2737118505206405 1.1779749505934896
1.2635224304395125 0.3326847516119808 1.1429155131018591
1.216776860960291 0.25605456354152983 1.1386034755119938
1.2759802766547685 0.2097605130409087 1.1582502922576068
1.2262868634921171 0.3324067490555611 1.1764651550087581
1.2084511956660733 0.38355019917691296 1.172569493001186
1.2109370379226463 0.2998124134531038 1.1271460836577951
1.3088596521120255 0.2835001403870974 1.144508344990837
1.3261269259252697 0.25348811366877 1.1492372697756474
1.2051826874160843 0.26680899133955543 1.1356256574901529
1.1564051528933568 0.32340299027454167 1.1257127273361054
1.1823188744333883 0.27083602196254936 1.1370855358878527
1.1717207478060838 0.25902230266555654 1.1443514216740582
1.2303202669860815 0.26277757145971165 1.134821974023637
1.2949685761868248 0.20281340076166812 1.1643549872513246
1.212640240999137 0.276216428467015 1.131838425491716
1.2917426149958593 0.2938771201154232 1.1398849222938683
1.284411132359512 0.308231576472436 1.141887195408903
1.321122616665304 0.25985806929422145 1.1475109249108602
1.2209223007684382 0.21792583188471434 1.1733750036448656
1.2483908285797287 0.24349149936993317 1.1411001239066079
1.1678945178333806 0.4149766180662968 1.1592820959600794
1.3158047451376582 0.30313618548275223 1.1617942335652514
1.270520673702113 0.34315216665731196 1.1558200356690127
1.238617910607053 0.21457658107817648 1.1608519884900224
1.2028819577413425 0.34143884596392515 1.1768532560123213
1.1853533642212215 0.2533020892953769 1.1455271348199048
1.1741482059364627 0.345267692251401 1.1273666721022109
1.2153697248022266 0.3776786433755978 1.1724349690906015
1.3218584998365335 0.2859174536983797 1.1558876013692645
1.2552611374480551 0.33022191361571057 1.1402552539586126
1.2363915667018102 0.22134018431487762 1.1745482876892603
1.3297454606138597 0.2411582741101911 1.1540496383490557
1.2536398550791232 0.21938708133111906 1.154911838148422
1.1525673834121941 0.26519901256904105 1.1451793759143558
1.141569308934286 0.2960650182632631 1.1336386855572975
1.2489190552653606 0.3637079578733164 1.1618934174219484
1.267961387746137 0.33862696548207766 1.1520569546024024
1.1624393522937675 0.38106265285994384 1.135775628638588
1.183097603463107 0.3945772622909714 1.1503398054791598
1.2645691519239275 0.2837719599913847 1.133395210941731
1.2993176466840684 0.2346719293868088 1.1469259234850127
1.2834485023834417 0.30827193018613525 1.143844515612561
1.153240400300329 0.3167010406038139 1.1282202287939338
1.2131629230681915 0.251629190680798 1.142909649170394
1.1273331998631324 0.3426396097125597 1.1265634931474633
1.1525635927422313 0.33108820027933744 1.126929587678874
1.2586203154295825 0.2770396800310303 1.13371523006787
1.3019550354484817 0.2812516913114799 1.173819533200057
1.1566953907079425 0.37385325200043706 1.1331646672524827
1.2192660959374657 0.3366993417198794 1.1761236650190536
1.149758314246312 0.3335836544270918 1.1271300436602425
1.3026750340225388 0.2853029102543738 1.1456934339144844
1.2312551138668444 0.230307390553508 1.152664237926063
1.1801314948485067 0.4084931240638977 1.1653699803058561
1.316251420556202 0.22930563555426872 1.153882802647772
1.3143273940202107 0.26769035818991227 1.1486531687589356
1.3033852717018848 0.2572116079102268 1.1437970250987137
1.283343971462723 0.20997137076303835 1.1614513586589812
1.188975576655805 0.2887585065551354 1.132601964763911
1.1990381761546276 0.3262884527032764 1.177465626155393
1.154460538609984 0.2830480989844008 1.1381138058928388
1.288999921156658 0.22697565114237822 1.1741724796633564
1.2891320946922418 0.24163874264362595 1.1749167271623195
1.2338899799131284 0.33662883826856504 1.1751586250437973
1.219576266806894 0.33349277458926824 1.1343726514518555
1.299631168625449 0.2931871569907397 1.1487570143922285
1.2301239594732691 0.3670597100658452 1.155252340833004
1.1906988693389535 0.39196313058462434 1.1547073352377843
1.2783884608950944 0.22002152289901294 1.1735610229300752
1.332079169450299 0.25161479854316393 1.1609714512871636
1.132211649937931 0.32258116491424316 1.1297251996650388
1.283130177608514 0.2831711065041579 1.1749510557575733
1.1849565430938505 0.33513948603722504 1.1300554803864853
1.2216684949276275 0.2765554056305853 1.1349419380728452
1.1809119569851174 0.31887000221153794 1.1293896623499544
1.1518197115253521 0.37854714897511393 1.1356045919504871
1.2475730354032257 0.32772281430861744 1.1406171815550774
1.2142737022864314 0.229538810121566 1.1574364747884003
1.3119215320987323 0.296374293052466 1.1603561981649786
1.2188125771556382 0.31303588808365385 1.1770141629045554
1.1500965250194835 0.3061862879408767 1.132332102062518
1.24809283227351 0.3570960461432466 1.1597415313843134
1.2374426593573307 0.335321161939204 1.1408540272839436
1.1406458949355485 0.3322321715824864 1.1289709721223538
1.2902243900668602 0.21937787856446225 1.1728265917044056
1.1687618225516372 0.39235992498927086 1.1476907256043394
1.305241282959504 0.22133759208987663 1.1580676708709303
1.1578570616371384 0.3631242879186578 1.132786857350124
1.2454714653482246 0.29289827052283424 1.1344376398598854
1.3329078945537272 0.23842847616041354 1.1667925163688058
1.1663996699797514 0.3925615323912016 1.1470774805344721
1.1919515754162373 0.38715738925062587 1.153463588381865
1.3078604072059736 0.2765761793368254 1.15016612663567
1.2654046228680782 0.29645944732049606 1.1386741507467992
1.2988648750149525 0.22782453319066862 1.1536284835404924
1.1718486009908646 0.3068861879499611 1.1315928013509298
1.161140294030547 0.36262296686892304 1.1336461957507213
1.1471835303654738 0.3600154076834136 1.1311304080672786
1.1678349611224512 0.34589624311844663 1.1309515430817911
1.2987997881280264 0.3125693964459642 1.1685779397715916
1.1882696029090087 0.2598989763914627 1.1451956241825005
1.2538487007348769 0.31750079736076864 1.140644696966152
1.1682251835274586 0.38520673064868954 1.1439652286835613
1.1811938431966695 0.3684236533261411 1.1397072054483373
1.2909759284480513 0.3165664050855315 1.1701057863033757
1.1698370481713463 0.25834294165389887 1.148972997097592
1.2179203291039966 0.3802180879127875 1.165784573979996
1.1885948283652485 0.2364302055810356 1.1588485751987543
1.3057162646319918 0.2980871375168219 1.170325368639408
1.2419920187407536 0.2599445122242855 1.1401673149590956
1.1619471118519904 0.2636334700392767 1.1477712267523223
1.2398472566492067 0.24178513041788854 1.1479947317534909
1.1696909706708456 0.392550282243606 1.1495064263615624
1.197510274913478 0.32793256190844133 1.1325611200706998
1.1707044839200065 0.4035118668541259 1.158998433255573
1.299144829126558 0.23036913218140345 1.1536863719788646
1.246706307055178 0.2732311273347547 1.1374373146003751
1.1868637162989712 0.22617453779779031 1.1680083393511769
1.1883019719507493 0.30491987070525345 1.1324018285256554
1.278374348644395 0.3309026011484483 1.1632493224141427
1.199616312719256 0.3738742002243864 1.173209466977965
1.2097430980354285 0.22046985430384525 1.1677100231518576
1.2824518361600705 0.22378788327879806 1.1557666258407264
1.2542549369379539 0.2816128326457344 1.1373563043809742
1.1936447108203236 0.3627699918967446 1.1749416131512298
1.2893316919064706 0.23467597674124413 1.1510700649305243
1.2621419434349108 0.33323921033708714 1.153398422180584
1.2826504456315742 0.24487898843770722 1.147269875887127
1.2838328411725408 0.25846439256686204 1.1748017762875014
1.2777697115056312 0.2118647789826534 1.165140872158653
1.1938892692659957 0.3586395196311989 1.140560417451385
1.2833628535372745 0.31818462077381937 1.1572040433443203
1.2575916008339476 0.2545971412974224 1.142868862500946
1.2911449075991892 0.2761832648490194 1.145839132416996
1.3226150710854645 0.2735165908175037 1.1652205139803224
1.1644445289366168 0.29039024663549423 1.1375500469653936
1.1863632684312064 0.32126871109296273 1.1324458945569509
1.2106242448443545 0.37558557769483203 1.1576573250889501
1.181565600634403 0.38381839632247083 1.1503734595074466
1.2128538795039783 0.22214791541099388 1.1660143642838925
1.1911254096733572 0.24706900149364097 1.1530624610669165
1.1817563616012414 0.3189926889075719 1.1776557038430335
1.2588862371612572 0.3229479544461969 1.1478208422252547
1.2861194352409384 0.2532265918070524 1.146487150030483
1.297774949105834 0.24042009991858979 1.1519409737203923
1.2223102936674315 0.367508521089555 1.1583479499699645
1.2602426410160967 0.2286260430360382 1.1547062567773254
1.1757267224170103 0.27482277498226226 1.1421707178312883
1.2900306252229539 0.31603395390797284 1.1634011022690913
1.2296070075376468 0.3204433563596088 1.1757512743380827
1.3190945182916118 0.2765375547815909 1.1647946939003355
1.2097621825963105 0.2937065622303134 1.1353355091560986
1.1806530314693 0.284473480757211 1.1385944480293932
1.3094576070130757 0.29407435360665585 1.1659734523640872
1.184604458064918 0.3317356679181938 1.1337389180881776
1.308746393348368 0.2595746633736436 1.1532934792719391
1.2990573573818753 0.3034737087537216 1.1621710559062466
1.2939330455229685 0.283113797962461 1.1496413085701112
1.2264324432075049 0.223371079661244 1.1725510166910045
1.1857362196266255 0.36209257994042837 1.1414733014751204
1.3114009133483737 0.24011375677917782 1.17168213590845
1.3240378230562178 0.23963289919444972 1.1661647576541223
1.3054551044216787 0.26904556930191553 1.1531747383825612
1.2513377404124408 0.32318213741294954 1.1461779941141321
1.1937109360322968 0.3630644653260186 1.1446298115098936
1.227226273666715 0.36535400346935487 1.1615625901084885
1.1812295849123318 0.3892826616485379 1.155738366211953
1.2163034782840536 0.3610520798729963 1.1519631285378191
1.2830577200760387 0.2569527565808902 1.1468620780969587
1.3097809540477314 0.27055302183511326 1.1563260387372272
1.1947125597452382 0.27391260336957607 1.1413369464704317
1.270326329801719 0.32464865700175016 1.156493452829921
1.1839873976854804 0.38642297350237054 1.171889128492312
1.240092780765409 0.268860477543624 1.1407604953841963
1.2247766941818254 0.2498002025676628 1.148374556237733
1.1383340337613321 0.32475175790460115 1.1334019862613078
1.2196468825745743 0.2762724491816747 1.13941411289763
1.2060349323758377 0.23218928481796092 1.1610038701335736
1.2745291354010344 0.2257391058198556 1.1580199735172367
1.3214394850725193 0.26394127591721456 1.1670800436657505
1.2634828313026958 0.2520259623246932 1.1464448204877442
1.3169297003524312 0.23504552696437195 1.168932302212327
1.318936581617429 0.2672892209180939 1.164801320281481
1.2098441694992426 0.3428492650794277 1.1420245573885215
1.3196697182725634 0.23652453663420941 1.1662196663922515
1.2875275361084555 0.22024589047545404 1.1709881577774273
1.138890916167578 0.3305212215409353 1.133409186883298
1.167250434585278 0.3805898976268153 1.146750780822147
1.1930382116425133 0.23509329370078696 1.1621236133822503
1.3180483882837437 0.24290908087149815 1.1692716420942804
1.2348512584410434 0.3606660580480858 1.1655171700164815
1.254814230251672 0.22475663618918884 1.1597102053999584
1.2926095698736986 0.3100850784372786 1.1659922487054935
1.2553810861462367 0.2353405873485924 1.17433940400403
1.261220851536076 0.33097045440057865 1.156761509433669
1.254019120729276 0.31674120616905493 1.1466377195325
1.1810401812323101 0.37424321940170757 1.1482082642215405
1.288559391159343 0.2998319136756417 1.1716594164221283
1.2839689934163905 0.31404734591597855 1.1608426613428429
1.2565995886085903 0.256623988534745 1.1454878142528384
1.3030356352934749 0.28903333832259986 1.1604647911900496
1.2717291293465118 0.3025114040174348 1.1488132521232302
1.2346905162924489 0.34499833771171173 1.1726172601958984
1.229449097965841 0.3215630276813769 1.1412840972151153
1.2426765865822007 0.24633608039209767 1.149677759993882
1.2942161893226505 0.2737330642359586 1.151616431162583
1.2287613985052326 0.31198320078395797 1.1396013776939191
1.2094351986085705 0.30260370154574945 1.1372827753131134
1.2544310993949164 0.2409191051274009 1.1520608120163043
1.2279167641575524 0.36348320184926136 1.167909561027991
1.2083239055096928 0.29776218759947 1.1377522454318543
1.3000163445007649 0.2790314470877982 1.155874115890088
1.16500577285965 0.3048902153992742 1.136949258993705
1.1545484157646606 0.3700306115722851 1.1404195323538158
1.1578992320491617 0.3559376225468242 1.1374211647911567
1.175831613805608 0.39696743353435315 1.1678542975249877
1.2792186814291004 0.29902712965600864 1.1518645005737855
1.166325058846251 0.3128299094343882 1.135844947832373
1.3137581898130264 0.2661982474676138 1.1630998345543158
1.1977622721393582 0.25037307528140934 1.1530479766420145
1.2704273742967231 0.28347012055540877 1.1457058346433573
1.2740392701044527 0.27528613951315567 1.1465328749191643
1.2246865618352096 0.22857973629894396 1.1625221494003868
1.1938208725118655 0.26635472256214116 1.1463005167317555
1.2092973809327425 0.3193356796764869 1.1386178439954768
1.289776422666716 0.2972599315013382 1.157185323499622
1.1744121151327316 0.34041925908875464 1.13696036929357
1.250116637467917 0.26571921260607884 1.1756008500127457
1.2555404769783394 0.3344556588353402 1.1585148738174942
1.2295528332328276 0.2990466962083178 1.1397044422848899
1.234392204735869 0.22954204210653395 1.1605866258403614
1.163981953628921 0.34630142936608727 1.1370520614136264
1.240208817743972 0.3359209653139403 1.1520004362379455
1.202164923921257 0.25249211412587863 1.1519441424541033
1.1966811719598383 0.37690291649952556 1.1709320066413211
1.2375427608702296 0.27580941763213007 1.1424800961904897
1.184097712940483 0.38789971954779034 1.1623256165861968
1.247703661663657 0.3213147477629997 1.173586155881997
1.2184251611108625 0.3005880037931985 1.139224132569411
1.1850985587687402 0.33736099397463626 1.1387370732565647
1.169773698681384 0.3203020630759973 1.1362653158632594
1.2146383782051042 0.2846355083259738 1.140468083828433
1.2602443677131627 0.3057428577932776 1.1482312918652628
1.1826365993166201 0.32468868024222536 1.1369817460426441
1.3091607753063874 0.25952385205490147 1.1704360953540387
1.3064248000336407 0.27502280260368767 1.161992019646005
1.2708799352936981 0.2554146678303588 1.1743963031883429
1.2780058677587602 0.24946790885452375 1.1516132167822382
1.2841957607214374 0.23862306714590734 1.1559066155986535
1.2505827049247742 0.23278011919391742 1.1578740231592977
1.2847150632611155 0.3016416744143488 1.1580905714075886
1.2785378793013344 0.30864469941713724 1.158032749379138
1.2581107811961372 0.33770858412539445 1.166756501207002
1.267475705210038 0.321417608558733 1.1589801561511925
1.1868370232841254 0.25828834584066335 1.1515362797247928
1.2748829130602792 0.3119988741972526 1.17102622458055
1.1901496445875546 0.23991694640800343 1.161621837171824
1.287730845505005 0.26956630135739906 1.152001850834572
1.2918691916808154 0.23254845133244445 1.1603570504737963
1.1658799557842756 0.3791430696352268 1.149147631213769
1.2466694696473604 0.2873506741968784 1.143139068253799
1.227645258957272 0.2922746424873898 1.1408806926828763
1.2795345898982922 0.3162865195145206 1.1664367076824302
1.2665804669451166 0.31624636636986003 1.1558542251300103
1.2031168084183284 0.32084548531649965 1.139580401507449
1.2593608812986408 0.28723429776185816 1.1457058014310277
1.2277908107134068 0.35154220575187883 1.157795907475478
1.181430753232561 0.3497664709001879 1.1419982604862415
1.2118329679257804 0.3298199584540189 1.14277298222956
1.2060943802685649 0.34577909996793804 1.1466516337158577
1.2239950079930488 0.3426388267378259 1.1509081956713794
1.2315110479343199 0.2948070247000392 1.141941351660536
1.2183738216957978 0.3253776857497221 1.1750638255133028
1.2309619518359134 0.22894065971997699 1.1632450964047956
1.2216503317093876 0.2704526944338108 1.1449413488006432
1.213005564081141 0.36261593722682695 1.1589922856221537
1.1430597331573977 0.30122421747365147 1.140885882341641
1.2582432736440654 0.2991428630295768 1.1479359891076713
1.2520525201733261 0.27654355200478514 1.145301531755219
1.23512646271155 0.24812593242173975 1.152472061406234
1.3067307891311155 0.26152832847564184 1.1624733099354492
1.2180859543200055 0.301093459707683 1.1407458306297282
1.1783636161110533 0.3078940541686734 1.1388576909025914
1.2397081592696089 0.2501985639307748 1.1514356199468319
1.1400271428894766 0.3437309391363837 1.136775376561183
1.2700275005756094 0.30310132217198704 1.1532966602802432
1.2670430527760803 0.23253764414881004 1.1593519821234863
1.2213526085238993 0.3350636864399233 1.1740585517307922
1.199330699059502 0.3775400865777251 1.1664251715604452
1.1794634006967 0.31809366133955014 1.1385693428894899
1.2243474775998617 0.25013199235233435 1.15261715399217
1.2654040473405352 0.3188213544778484 1.1587795648119974
1.2012074574037235 0.368248792725781 1.1579091364817222
1.2747006276467514 0.2768313583051664 1.1500796890784946
1.2822334073385717 0.24381994207530883 1.1561392537581243
1.1929199505783 0.348849804237802 1.1451992388799765
1.2829590798143757 0.2623753767584736 1.152873667117722
1.1696634237546937 0.36652785248181746 1.1464002156840645
1.1490395078100064 0.2833110013058244 1.1469159726678873
1.1622156155712993 0.3306434235990064 1.138112801812404
1.1710664994863618 0.384872348745366 1.1567320555525034
1.1426415948221211 0.36431907971575617 1.1404455206093695
1.298156448554413 0.2390521280167333 1.1627858950973158
1.2395856962940353 0.3058779051863271 1.1453593170567309
1.297311066670667 0.23544062231519983 1.1698122723348803
1.2285608731956512 0.35627852083621997 1.1667943754978012
1.2514872377333894 0.27779851767241837 1.1749318632807992
1.1726876119694398 0.3891373484427771 1.1700494864571598
1.1950538471604975 0.3287405459087994 1.141260642797026
1.2331564975190683 0.2728409150736274 1.145569290482202
1.1652254404254985 0.3732384532361854 1.148809008815416
1.1797684156563646 0.368986861431846 1.1509960120668583
1.1506451734687677 0.35683752659244794 1.1404560457728932
1.1808582488944515 0.3703910019270506 1.152341546846966
1.1706995775307987 0.2709223230103334 1.1497020070200819
1.2195555673997012 0.3535089233598247 1.1712344476897874
1.1880249871947972 0.3631096990692945 1.150967483800537
1.160702156835467 0.37792637392887557 1.1501147293059097
1.29549090978839 0.2889528334622795 1.1667946219290972
1.271824414684664 0.2911699123467294 1.1528371642670492
1.279382133884349 0.2285171257109099 1.1700525217689561
1.2539822035125023 0.3227824538528765 1.1567722155636844
1.238811122986188 0.3314461141855503 1.1540064661898524
1.2722391543377087 0.2569751749174557 1.152944796145679
1.2251825233504652 0.32560286623971196 1.147745405856945
1.2631270566735013 0.2798713310665005 1.1740878351698074
1.1683218113892098 0.3798520008966469 1.1537214907875004
1.2728071700329975 0.3161963477743696 1.1669531079695363
1.2417816255698702 0.28007416383935896 1.1460972066494706
1.2196442821034512 0.24469282181969546 1.1570705172838935
1.1831784968786925 0.38132090194374835 1.169816888273126
1.2322174472639442 0.2750294734102724 1.1464394382246128
1.2507479957060006 0.2887532199161065 1.1477662856243083
1.2169840815376205 0.26370980426447155 1.1494536370620805
1.2133703519383154 0.23778159772821092 1.1729158059551061
1.1533108365229456 0.3193468300032245 1.1394888265311
1.3031124601589177 0.2614416718372359 1.1685218671836504
1.188173810062212 0.3791563121807228 1.1645248851180434
1.2710232582261698 0.2928036280345075 1.1537684593536013
1.2612775163437941 0.27957864577762537 1.1496886144198086
1.2496386487952826 0.321949645996763 1.155470221582635
1.211404754294651 0.3443143187585815 1.173267816339939
1.2013442557876584 0.33640505870600906 1.1457808683362176
1.2217704507702027 0.35426080047709085 1.1625618627513776
1.2617328273845279 0.29662423538811844 1.1519328803203281
1.2627941304360382 0.3066370295715418 1.1548778825834551
1.1704765091386418 0.37148621039751123 1.1513174618012674
1.194104286663404 0.3347213247143122 1.1441911570832461
1.2825349874593666 0.2732915257506105 1.1557798194613964
1.228851518846208 0.2892079285340109 1.1452225283242898
1.2817440413155419 0.30094416595694995 1.1685551764348499
1.202843223115646 0.36509444973955457 1.1704187295552149
1.1794799180135365 0.3644726150404801 1.1733906725056438
1.1566813885379048 0.3327719533582137 1.14011115894424
1.2098157869896151 0.33805656083946806 1.1738901924991405
1.174583171119913 0.3829306322590312 1.161734468387372
1.1736119992886105 0.3818896017694465 1.1599161924913228
1.2927803821297397 0.23696624576205222 1.167477411165684
1.1793247145238555 0.38392343516149213 1.1659619555581566
1.2312258435296197 0.28660844373330707 1.1466680181245281
1.299129228849444 0.2595354868730635 1.1651694616588504
1.2496027960124128 0.32645688955444085 1.1601592077314162
1.1860242001298003 0.248558961680535 1.1607036548802154
1.2017862657531926 0.25417873007163183 1.1558548982306078
1.2600395122129002 0.2677035181746588 1.1520444574673858
1.1596090242607662 0.32240709834119313 1.1407640212480363
1.1918313533084608 0.2729200910326862 1.1492774853059178
1.2162020346251574 0.3428100494038435 1.154198567058513
1.2447591827600288 0.27513376527360633 1.1492929946640018
1.2853882591877364 0.252814153212169 1.1714025529978243
1.2216317070250242 0.34888988132987914 1.16057362795606
1.242422966279356 0.2362958804766483 1.162317922585009
1.268145705168354 0.3091324416362188 1.1622644352745992
1.1778009849576674 0.34904489718842835 1.1466582268792962
1.2207172513236058 0.2920482428833304 1.175402789495865
1.202091461327496 0.2997817535963437 1.1442562776782135
1.182802193285534 0.36603349766874776 1.1546309681418556
1.2449982172040441 0.24861345957733472 1.1564665430702679
1.2143737439083582 0.32552738233206835 1.1484602959797634
1.1520562713041673 0.374142310819281 1.149882510682533
1.2549263883467425 0.31108806138570705 1.1565796057441937
1.1632811193825836 0.3212828893441063 1.1417790282192277
1.1772834162517873 0.2868421274193614 1.1468502247845382
1.2879684884600828 0.2475239624098677 1.1631840228975123
1.1964352501844155 0.3485963617400149 1.1516007760825435
1.1979780283268502 0.33224384606502116 1.1469528850556778
1.2818324473152012 0.29433280264605377 1.165413933777982
1.2545617110900025 0.2968254434760244 1.1529962842707024
1.282908571298861 0.28383075733353297 1.1702966056775992
1.2650748442276376 0.25999574629845645 1.1551587992838448
1.1608662033629544 0.307782631035269 1.1431472258189446
1.1818328901829367 0.2725266142570047 1.1510160893037276
1.243449423456896 0.3347354330744212 1.167156593718232
1.2949311500582021 0.263888207563364 1.1660922599351455
1.264235816892454 0.298569407160913 1.1571848216009732
1.2021363815737507 0.36517718797212667 1.1657382219714796
1.2428831529739996 0.234386328899001 1.164752230330162
1.2190570416221775 0.23554749190533106 1.166165967502715
1.2116885615206838 0.2936772129790562 1.146472831236563
1.191335825970345 0.34193777267418324 1.1488684132696563
1.2675855377710024 0.29179830886449454 1.1572098722516797
1.263013362580986 0.3082864142565011 1.1615448545920894
1.2450706271736678 0.2675741364885031 1.1524385731710796
1.2135271443284514 0.26531442291673407 1.1524807399611967
1.1942089431977623 0.2958115282420919 1.1455791305668104
1.2644961752242387 0.31293407206256013 1.167574166306464
1.2231226606467436 0.2422228430294477 1.162190299667834
1.242868364524888 0.2900601297893623 1.1506469864177502
1.2761478370787849 0.2818007276754575 1.1593731316182638
1.268795316353604 0.28845990432838226 1.157677375196274
1.2023564189528635 0.3588195865076421 1.1705261498510537
1.265249292069431 0.2726090824963646 1.1551159337170551
1.256897276183672 0.31717580606334494 1.163787874035759
1.1807639012912539 0.3382473130230156 1.1465413820656334
1.2677044065338714 0.24924854495939044 1.159725123497743
1.2147300420791987 0.25152337629924704 1.1582921488705824
1.1948193549491544 0.3280216204327953 1.1471256102329224
1.2838099747687899 0.24866878927430563 1.1644129012760724
1.2397277985192297 0.23505801263876153 1.1702602913447646
1.1895417887352333 0.35490104332274597 1.1540618792929955
1.2083955149947845 0.3000861250979539 1.146927709668238
1.2211918135303006 0.279739299867903 1.1495238920925064
1.2252243225651989 0.26840932553891944 1.152111241600233
1.2883668985953243 0.27536821444893983 1.1665322185860685
1.2514768068227409 0.2378210724493912 1.1641816566580294
1.1935770429740313 0.3034987807819752 1.1456325717046032
1.2545931247959927 0.3046413299091172 1.157350818060456
1.2099563202865269 0.2840291610487913 1.1753693899198498
1.147546842749863 0.3463173215399243 1.1439981217451898
1.1883523155850777 0.2746904764450553 1.1755463606603667
1.240094287602639 0.3094386461264262 1.153727359761226
1.2760476921314288 0.2744567787458742 1.1597246685835771
1.2612859234402598 0.2576225159480366 1.1726863470607516
1.2075760519121033 0.25319168354647864 1.1587266435793606
1.152116322098209 0.3018822370310513 1.1461592970943586
1.2592797103980806 0.2939784717360831 1.1721479876939997
1.220984554302138 0.2873085891965898 1.1491464459443554
1.1519252479017321 0.36323635468181803 1.148853344388542
1.2829383545938915 0.27341740227889816 1.1696512551948668
1.2571902487697835 0.2889075453006014 1.1551865545295588
1.1810532193710257 0.3320216220312694 1.175143072793536
1.2460198212191465 0.2692224053897136 1.1536429365140404
1.2737731478354715 0.29731606721579606 1.1673852537315865
1.2584543274570132 0.25598446389814156 1.1726760795352869
1.2564699248012177 0.3162145763831352 1.1653330807265896
1.2671660294662153 0.26388891611046367 1.1581422738080935
1.1925813365001408 0.24769827709801218 1.1634470680558475
1.1675016877132667 0.3092229878213968 1.1451285561760964
1.2016871898526487 0.2656311215214385 1.1541738129148822
1.2612666315231293 0.26211436726652304 1.1574580323066157
1.1811563349830585 0.3525029643750907 1.1522035858607058
1.2696234528454786 0.2753195166531608 1.158638273455453
1.257402857489795 0.25861294896359205 1.1576292547157945
1.1645809359420136 0.3737527701563547 1.1571951017954392
1.277130311251089 0.24811322954911513 1.1643743701497842
1.2707241983311057 0.2401359716739633 1.1663558798512845
1.1815550870612845 0.37073805112658315 1.1629289586877731
1.1767649412768009 0.24590867948064787 1.1690451565406963
1.2647712352576297 0.2713056369619801 1.157301635972125
1.2858895296566002 0.2603476500360134 1.1683804337927017
1.2725869150061997 0.28402785296827787 1.160883243723721
1.2236397338607299 0.317986419512752 1.152707629453614
1.2105225951508416 0.33553142133148134 1.1542747396883049
1.1746754563075748 0.3440758350874856 1.148770825098541
1.2042380183702817 0.31258831086258015 1.1483644535411395
1.21509144870915 0.33244624080707985 1.1727178323938068
1.2735743437523275 0.263749626356557 1.1606141196845716
1.203822654886287 0.318148673680515 1.1745950418828344
1.1882356644265912 0.3679413500433657 1.1650334764959152
1.238511759678186 0.3310741477199695 1.1678235466694784
1.2429076475788912 0.2574500080608975 1.1573063414979725
1.1539022801743215 0.35471998769265295 1.1481278860680575
1.2595510884733598 0.28400634150731685 1.1570458699262685
1.204353121281828 0.2768383487197883 1.1515196947651072
1.228238751805967 0.23808004964446766 1.167076321433922
1.257711257089261 0.26691254558373945 1.172725342127782
1.2817671599568814 0.27198424617849637 1.1651950529143174
1.2271655617218071 0.3181726389370504 1.154147455029073
1.2062887775801134 0.25277268953497334 1.1601588967041394
1.2710462250601116 0.28350192967888077 1.1706543498618789
1.251142438275867 0.3029248110854475 1.1582662750093484
1.2036338862386937 0.2524952689701797 1.1606240858189092
1.2800613841649948 0.24999498209552892 1.1670810980937816
1.1562344574174306 0.2898332921731664 1.1501647393990109
1.1797100332713777 0.3368296712260751 1.1487979383777094
1.2789674356371137 0.2629811348170193 1.169654485104505
1.2106339783088087 0.34518692684859453 1.170897811414111
1.185404227950678 0.3597270221855119 1.158690399167938
1.207778924663821 0.35149249629381046 1.1640769007077938
1.1840283223110073 0.3696271959590399 1.1659739628864225
1.2084747861115772 0.3329308466842366 1.1729652740763112
1.223630747439922 0.24832192922222313 1.1620626558967497
1.2330639800979495 0.25141522515889325 1.1600817826826932
1.1869824241197717 0.33988555330660836 1.151427816320151
1.2208095368817222 0.2778848675425608 1.1526373522871811
1.1743736083250487 0.3412667173224633 1.1493652090412005
1.210687784045573 0.2782466837374314 1.152202679047672
1.2009714052299607 0.2662999065229761 1.1556411139527785
1.214590057276273 0.34464603606366734 1.1634487657072552
1.2324499982724524 0.3246626022177074 1.1599660188373897
1.2661497794723418 0.28302442514272835 1.1609643256970923
1.231980010900784 0.29705015004848234 1.1531466231965366
1.1631733058710645 0.35706658277931763 1.1517812745541702
1.2156127904435738 0.2959172173730912 1.1745292941012206
1.2485087060586484 0.3002784129974849 1.158050699856099
1.1863470847859336 0.29395926543953005 1.1492287561572696
1.1495401380569528 0.3085748225830312 1.1472735308841873
1.19364946629556 0.3280150793012107 1.1503962721338832
1.2033328230359308 0.346097919475285 1.1592521588284823
1.208989170970634 0.30164056951494317 1.150246359337164
1.2659339197617299 0.2832900892229024 1.161815470462332
1.1884446119681964 0.36397198044359524 1.1651428113715245
1.1869695290853566 0.36607465800573824 1.1668159662468995
1.2195114637758582 0.3379684643346849 1.1628410342420374
1.2141778229786842 0.3071601895326088 1.1513272942159904
1.1740614037774775 0.3475943070125313 1.1738071639301366
1.2453621037057825 0.30962873405731295 1.1602808227892227
1.23150823669012 0.27412192031031535 1.1545802891797656
1.2011670477628296 0.3284083986521208 1.152708166481148
1.2244183350292142 0.32251656584684035 1.1575374253436037
1.1828694163897102 0.24856066812733593 1.1673246971784974
1.2655480265479482 0.2518075054652891 1.1649176706109956
1.259251922741119 0.24414427831522342 1.1672069717998466
1.156984099770138 0.3133171907570028 1.1474462499538678
1.2244592954328863 0.3334088904719176 1.1698427778499694
1.244522577142613 0.31935456675264207 1.1669016424742091
1.269559084384692 0.25435929977766836 1.1691124473694785
1.2592198469465445 0.24593184174146854 1.1663432784194998
1.1654389039429733 0.29410654396523545 1.150388055784735
1.205389729798009 0.3312459662123773 1.155114429019441
1.1907906031934714 0.3036653343827066 1.14957196489451
1.2385608718553454 0.3160775102394374 1.1615732673399448
1.2210501398360571 0.2483116960774223 1.164049371506081
1.240922091482438 0.3201807167901293 1.168603498727855
1.1794832733059701 0.36462814927515 1.1700671386710664
1.2401343362752622 0.28183090504069436 1.155908080652877
1.17159926122378 0.37084505954776414 1.1642338104182004
1.1902163600613191 0.35632992395504504 1.1703520789647726
1.21775529228109 0.3012311719384972 1.1528897487320737
1.1993252000484609 0.2983701929956717 1.1747805237809257
1.2273988069635635 0.2990489967359655 1.1733160640458449
1.2458829458156948 0.29618859852508994 1.1588773151016682
1.167534752154795 0.37060586753908387 1.1626097055816533
1.1768135718057815 0.3120376068519724 1.1490295342043535
1.1863604073888117 0.24922823693752702 1.168356365108521
1.2144160792516678 0.2910428967436663 1.1528523741435155
1.244709194068507 0.3028999515744029 1.159939721522731
1.196056632489411 0.3418828294451674 1.157363486311703
1.247061221708492 0.2522751528088529 1.1633886593115688
1.198325435937433 0.3313084138402675 1.154215085491097
1.2513357693306562 0.263851711273847 1.1604352844568218
1.247811362302321 0.30743891622623665 1.1634487196971057
1.2046355728751246 0.27487500711533497 1.1549774630018117
1.2137244131237201 0.33555343411856076 1.1612468601899397
1.207933449281243 0.33876587805457675 1.1603096932687027
1.2080410097721708 0.3251093366774089 1.1551274569011722
1.2271194467203008 0.2610558390220407 1.172893672373338
1.2560274808426195 0.29185342384250457 1.162547900977517
1.1634402988175814 0.3232967681631684 1.1485235710442974
1.1873095284494868 0.30264512744093836 1.1503785448701531
1.1895123771952947 0.27473438976411935 1.1555808399073442
1.1654423478307958 0.27388065892432145 1.1575320098913962
1.2605715166555673 0.25826064884045874 1.1646218296858564
1.2228282752738981 0.2575212857790505 1.161084754825875
1.247182705901881 0.2988161804815499 1.1612194568679395
1.215913285456033 0.2591573064889246 1.1607178426249896
1.1840489699189933 0.2730628347300622 1.1570291864854005
1.2154925352909611 0.2714636516623707 1.173592339657569
1.1689325917131188 0.34862582625401217 1.1538742820029677
1.239206885581046 0.31527403877293825 1.1689042949380772
1.2355373826674976 0.3098487777055044 1.1604939080260075
1.2531396767535528 0.2809422745916654 1.1616498494019611
1.2184151791524966 0.3187632082440996 1.1721265704675483
1.1687954601885242 0.3509472727454337 1.154893132543634
1.236518970978318 0.2688880510001917 1.1725230712283137
1.2473102062889425 0.2869208622254414 1.160094297638692
1.2002016067203753 0.29078556532496286 1.1743832159902905
1.2213125924388752 0.3312473947284873 1.1686767436540078
1.198893018801428 0.3465117067594438 1.1698824056472805
1.186139235513214 0.2899167197054432 1.153217140606572
1.2197667986116074 0.25910137000807065 1.172360328517105
1.2642635465646919 0.2680808517214418 1.16668439492262
1.172273601528247 0.30791718809953167 1.1508530340033667
1.236210132143366 0.30623123001660707 1.1610612226052415
1.2546464885997437 0.26573967092841455 1.1640317112068546
1.1886286613453025 0.3049054763627114 1.152227780170887
1.170317875464292 0.36423369529771743 1.1701386574022299
1.21761410812905 0.3272761779617068 1.1706810534491305
1.1648696186509522 0.36691792766391695 1.162808562403912
1.1932934027159856 0.28725048471867504 1.1541241794318629
1.2604767776285153 0.2717697789756887 1.165422364288396
1.1998703739279586 0.34508278475901016 1.1645727503579402
1.1593655148459132 0.3280212215872628 1.1504019590610448
1.2391130549120102 0.29609334832999573 1.1713685002128604
1.191232462852947 0.3527755921051773 1.1680117259089464
1.2107411264219023 0.26352460739312983 1.1610915017296284
1.1808490127610658 0.25530255722926093 1.1672125535262894
1.2270929207977508 0.2852525231510448 1.1578270334258673
1.1983719276187341 0.33137703280061864 1.1581064864092292
1.2032771701938099 0.3383193985533888 1.1703491943565343
1.1597744361792035 0.28644420911570323 1.1555560862588565
1.1651502888965999 0.36235837610899224 1.1609145551475633
1.1898760423673125 0.3432884515621294 1.1599951759941058
1.1844011104083791 0.3355071873009102 1.1729355382074858
1.2573860869411777 0.2645144244461747 1.1676219599268347
1.2480678976484434 0.2666794141180551 1.1706307302208834
1.16322553305083 0.34647830857497774 1.1543976700265632
1.205989514091098 0.3047863413469718 1.1551632512190664
1.1775755517629443 0.3524057272782149 1.1605962476371583
1.197228700890412 0.3469028710046837 1.1673219868941107
1.1830765232590512 0.25681212507059314 1.166541590180735
1.2279691697588524 0.2860892699619633 1.1725231054701881
1.2199544459332539 0.30086668736688926 1.1725974707948048
1.1883756153345981 0.3482117732323905 1.1701255112367885
1.2237829842265076 0.3157630095557022 1.162392496799503
1.1878711969293296 0.2639454799183928 1.162982707495162
1.195813353651224 0.30766963687658855 1.17372974409143
1.2072820124638959 0.2655673894345394 1.1618403665382102
1.231877049181556 0.2791118982577182 1.159991202671244
1.191815348723444 0.2553987211607902 1.1675908029828537
1.1763631703363715 0.26984340549123415 1.1614161332102706
1.1777744861660777 0.3525871665592636 1.1622383963129697
1.2182557931760838 0.3203568963152999 1.170719210592361
1.2243345722258763 0.31601433119353844 1.170264895944413
1.2118033224721394 0.27546882909277043 1.1592152229377737
1.1858796210238611 0.2583831873248045 1.1663403621053416
1.2298299753598214 0.2619654892540765 1.170933806449406
1.1830666013066888 0.2911836505425343 1.1554692698924534
1.1961521240123583 0.344782137515588 1.1665977732607735
1.2209497817127541 0.32163765995822247 1.1651623198619414
1.216316822104857 0.32798814872395143 1.1672766341608012
1.2033634729021783 0.30557779191308493 1.156458147719437
1.226483689821359 0.3151004162489926 1.1691708248081063
1.2220518218256506 0.31688858804348435 1.1637696194809826
1.2432809690776725 0.27145370688298176 1.1702667714810326
1.1544949010499006 0.34631582894832785 1.154445918358655
1.178507572539702 0.2890743728090441 1.156170053253386
1.1921425391983422 0.3373918165361014 1.1711476203269258
1.2054792941915697 0.2782840351599723 1.1590850639474208
1.1662082784233774 0.32567298344005 1.153279782236692
1.1678663883150244 0.3130084756363093 1.1532152971415865
1.2158676642373882 0.2938479012943101 1.1726948605295173
1.2175788729125143 0.27651577104954067 1.1600279845306682
1.1755697780980465 0.30381474200626013 1.1540493501561064
1.1704814680928428 0.3215570123923403 1.153568874096575
1.1915549100575584 0.2589670859913031 1.1664267720471504
1.227404149065609 0.3062572891804689 1.1630465308986695
1.1830403664530356 0.29000698437378364 1.1564183876609626
1.1843272078947162 0.25871845786417436 1.1679044719354308
1.2416717393508736 0.2907361741750529 1.1650101486318434
1.2281207888900838 0.2948779136220728 1.161283610774806
1.232578768096256 0.3076670368281093 1.1685333837513316
1.1560914085086058 0.2978492206178408 1.1549098676779685
1.1773037634454329 0.34706003024520726 1.1711209564420608
1.2267313372663733 0.31227681873226865 1.1652276318620696
1.21164882546024 0.3290880020330082 1.167562115700763
1.1773559036501529 0.3195964004203129 1.1547440901681338
1.1801009715351598 0.3116753428091955 1.1738671446416817
1.1964092303611056 0.26028893533324454 1.1705127029683364
1.1863956557994895 0.30596189084910697 1.155530279639915
1.1959056793090446 0.3245114629650915 1.159419166183674
1.2077204098830276 0.27753222660822463 1.1603831446477963
1.2114414009021939 0.30851455178408704 1.1598902412846863
1.1850508506025785 0.2982525040246607 1.1562662490697893
1.2324294779518918 0.2804815966086171 1.1632206405730452
1.2389692190408539 0.2667987638357201 1.1683860182645969
1.1784587643176971 0.2889592914245721 1.173771245723064
1.203342213015516 0.29319960423798325 1.1729666187009773
1.2392321652917695 0.2689034068704486 1.1678668391894886
1.1756254843004141 0.31166754316519063 1.1738688877164796
1.2345076609712802 0.29062631980884923 1.1647390480633617
1.1885928622232225 0.3156447856024674 1.1571212495192993
1.2265108877047273 0.27616727158981097 1.1710231018195891
1.2168486462598302 0.3029463493509342 1.1613649969883304
1.230861821443192 0.30339906817494394 1.166074505470301
1.2118381656764585 0.32262719106520005 1.165255494015851
1.2169670267585153 0.29137088005683465 1.1608228162667908
1.233307036935284 0.2938589516893032 1.1655252397905485
1.193849207757767 0.33887825239588165 1.1665675770743642
1.2272973214908647 0.29425449387988256 1.1642273529678346
1.1746543230068345 0.32261313880107206 1.1566593959987483
1.2365831302484285 0.273868423715968 1.167395493778712
1.2019859038749658 0.29514194112771575 1.1593576344620145
1.2165276954622082 0.3168529390755297 1.1679948735741852
1.1841467497065024 0.32877841997514634 1.159603610413248
1.1961903058408008 0.2816607113075766 1.1607119134841077
1.1773212857636932 0.34599345340734017 1.1699439305839174
1.2110034125997533 0.3153958471468557 1.1701557841654484
1.2296828644008564 0.27603709037582985 1.1698378561524008
1.2031100617920651 0.27074509231132765 1.1642891333524659
1.2229854953006625 0.27743056513911235 1.1643711459777097
1.2222662520910685 0.2695267016881217 1.1660160374603963
1.1654462388761098 0.27143780332089246 1.1652219491399085
1.1710336503826464 0.3163855000733801 1.1567196376796538
1.2305482268880497 0.28311766993013765 1.1682180067048495
1.1575445195629586 0.30153042743530695 1.157268333840566
1.16721266980607 0.347382420308312 1.1632644543289596
1.1699799100646144 0.3061999571782831 1.1575688148251857
1.2046443294660936 0.29031997366956463 1.1620894703416798
1.1727058080144603 0.3148289659588093 1.157918942273116
1.2091737548329176 0.30075015162598406 1.1629317263702312
1.2033012554999372 0.27431206793410684 1.1709142977963163
1.1944862789727928 0.2850215024620076 1.1621313407779874
1.2130738051090402 0.29386859800463105 1.1636815465739843
1.2039878999825406 0.2710338341996793 1.1699168109727278
1.204206120166189 0.31378807734126235 1.1642723389659833
1.2079793601104702 0.2866319083425411 1.171187573297889
1.202370785291942 0.3055429680670941 1.1712716981777707
1.160821388556734 0.3369781946065601 1.1592662196594592
1.1743808281058108 0.3169746002723048 1.1587750762060498
1.1659301719780037 0.3267474181658178 1.1587155384011083
1.2172652477294739 0.2831879350840167 1.1699299233018317
1.163282741121192 0.34321858705014047 1.1620878602729854
1.205048370458354 0.27597172027272376 1.1651890188852492
1.2116697110212422 0.29863096181783755 1.1704436935029099
1.1999475292698352 0.3229319446624572 1.1669284469851688
1.1991773659403562 0.31411516008127693 1.16362689928545
1.1747867064621285 0.34089789666714243 1.164985577893811
1.1827875511456591 0.33497863825828234 1.1692656541888509
1.2073997451510876 0.3108649888043023 1.165582985772689
1.2046422783045425 0.314835828639866 1.168385605954844
1.171665378880571 0.27279999171854397 1.1692123392225526
1.1784871026528956 0.30898684280898026 1.1598877925890323
1.1706399081378907 0.27305908074518215 1.1692848184831466
1.2017680047879993 0.3165746539067862 1.1660146569195375
1.1835024527906897 0.3286485110028167 1.170330969854349
1.1862275225125947 0.2836039469905073 1.1636284081849477
1.2099519565886796 0.2810321627287211 1.1659665608938181
1.1956735693877345 0.3105639751426412 1.1633848140045902
1.2106582788183227 0.3008253429047688 1.1661088487015754
1.178873345250246 0.27621267926066123 1.1702116621285037
1.190868504442399 0.31388221592134075 1.1634915833812
1.2023979349393792 0.28103198583543915 1.1658412455892968
1.1914108337084888 0.2749326944128462 1.16723028624733
1.2042673043371732 0.28832412677158253 1.170276915636125
1.1751036531072054 0.312430414466496 1.1607402742883575
1.1821815899929295 0.3273503255578136 1.169985832518208
1.1863191841594425 0.32765630395911255 1.1685857065026712
1.2067628703738102 0.2861239244277756 1.1661784239271675
1.1839749939183342 0.28451844623171785 1.164533565005067
1.1977664763027036 0.28407085845391017 1.1702665360938562
1.1630465473278249 0.3367370815061254 1.1629800639412315
1.1994631209945192 0.29545334092183206 1.1705921786781919
1.1956090512699773 0.29373217021076076 1.164476100533205
1.1857229941243872 0.29515751128824586 1.163247315635041
1.1672893012901777 0.27833248553450496 1.1666830348964319
1.1779793302769332 0.2801162312969333 1.1659043784505922
1.1791309821889682 0.27716968616924975 1.167690983402102
1.1644101525076733 0.29759327714412076 1.1620527887327041
1.1891087506102207 0.32153766451585664 1.1681255878971784
1.161998683215303 0.32503487934077596 1.1616738143637895
1.2024144157369876 0.29372681906164744 1.167888319602552
1.1929979765153544 0.296944443884149 1.1702220551006244
1.171415861581768 0.32857935755718765 1.1704223352421614
1.1950522977866869 0.3098413078763647 1.1679632837741096
1.176703254487788 0.3170559873995199 1.1642231286115985
1.1876374933339418 0.2862022170435907 1.1668475143422117
1.175398178060999 0.29664952457941474 1.1710460623927057
1.1753239786803085 0.31387466456392776 1.1641510161312731
1.177456005264991 0.32039657229531626 1.1682162515045658
1.1726441232023257 0.30912914349379944 1.1643890009586229
1.1753741024114566 0.31636980552344174 1.1653667503791563
1.1845595329362726 0.29882670726897564 1.1668441430878493
1.1642747204707087 0.3098179791160262 1.1640094468495688
1.1679428191858467 0.299571989303385 1.1651074895208668
1.1706012800455383 0.32136325020883216 1.1665089953683643
